20231023_webinar_progetto_murano/refs/data_input_report_tx_finale/lapost_grid_hbd_npr/pct24h98.grd
ncols        81
nrows        81
xllcorner      7.602250000E+05
yllcorner      5.036725000E+06
cellsize      5.000000000E+01
nodata_value         -9
[rows 25 to 49 of 81, columns 0 to 56 of 81]
2.5475E-02 3.1503E-02 3.7412E-02 4.2808E-02 4.7479E-02 5.1423E-02 5.4656E-02 5.7333E-02 5.9720E-02 6.1369E-02 6.2483E-02 6.5388E-02 7.2884E-02 8.2197E-02 9.5457E-02 1.0691E-01 1.1967E-01 1.3527E-01 1.4794E-01 1.5975E-01 1.8635E-01 2.0056E-01 2.1074E-01 2.2497E-01 2.4190E-01 2.6644E-01 2.8921E-01 2.9128E-01 3.8766E-01 5.0159E-01 1.3824E+00 1.5223E+00 1.2166E+00 1.5929E+00 9.4328E-01 9.7700E-01 5.2402E-01 4.3314E-01 7.1000E-01 1.8715E+00 1.2111E+01 2.0619E+01 1.2394E+00 9.2975E-01 1.6484E+00 5.1683E+00 1.0244E+01 5.7940E+00 9.7412E+00 5.9844E+00 3.1098E+00 1.9560E+00 1.2855E+00 8.2388E-01 5.9248E-01 5.6297E-01 6.6463E-01
2.6603E-02 3.2403E-02 3.8351E-02 4.2756E-02 4.6226E-02 5.0422E-02 5.3937E-02 5.6885E-02 5.9618E-02 6.2311E-02 6.5319E-02 6.8862E-02 6.9401E-02 7.6009E-02 8.7250E-02 9.9489E-02 1.1031E-01 1.2610E-01 1.4006E-01 1.6070E-01 1.9006E-01 2.1301E-01 2.2300E-01 2.4310E-01 2.5684E-01 2.9269E-01 3.2150E-01 3.3253E-01 3.8234E-01 4.8425E-01 7.5278E-01 3.6117E+00 3.0666E+00 2.2559E+00 2.4652E+00 2.2126E+00 5.9095E-01 4.1557E-01 6.1438E-01 1.8687E+00 7.0848E+00 7.5972E+00 1.3936E+00 1.4751E+00 2.6712E+00 5.5836E+00 2.1292E+01 1.2559E+01 1.0547E+01 1.2379E+01 5.1167E+00 3.8028E+00 2.1926E+00 1.9470E+00 1.1989E+00 9.4453E-01 7.6909E-01
2.7376E-02 3.3884E-02 3.9066E-02 4.3526E-02 4.9294E-02 5.1536E-02 5.3156E-02 5.5417E-02 5.8479E-02 6.1464E-02 6.4715E-02 6.8522E-02 7.3010E-02 7.6438E-02 8.1649E-02 9.5168E-02 1.0620E-01 1.1959E-01 1.3696E-01 1.6027E-01 1.9157E-01 2.2403E-01 2.4289E-01 2.6444E-01 2.7773E-01 3.0964E-01 3.4086E-01 3.5459E-01 3.8980E-01 5.0298E-01 8.4418E-01 3.5111E+00 3.2790E+02 4.2211E+00 1.5806E+01 1.3927E+00 9.7098E-01 6.4657E-01 7.3819E-01 1.4512E+00 1.9491E+00 3.5717E+00 1.0921E+00 1.0397E+00 2.5798E+00 5.5363E+00 4.9815E+01 3.9504E+01 1.1774E+01 1.8868E+01 2.1744E+01 7.6605E+00 4.7681E+00 4.2814E+00 2.9537E+00 2.4564E+00 1.6629E+00
2.8973E-02 3.5882E-02 4.1555E-02 4.6538E-02 5.0737E-02 5.4268E-02 5.8092E-02 5.9734E-02 6.1535E-02 6.2719E-02 6.3994E-02 6.8287E-02 7.3501E-02 7.9800E-02 8.6327E-02 9.5466E-02 1.0680E-01 1.1885E-01 1.3490E-01 1.5672E-01 1.8807E-01 2.1319E-01 2.3367E-01 2.5909E-01 2.8964E-01 3.2567E-01 3.7475E-01 3.7652E-01 4.1521E-01 5.3332E-01 1.2490E+00 2.2431E+00 1.2113E+01 4.3061E+00 5.6938E+01 4.2251E+00 1.0065E+00 8.1720E-01 7.0618E-01 1.1210E+00 1.3400E+00 1.6695E+00 8.6043E-01 9.5791E-01 1.9897E+00 6.0683E+00 2.7696E+01 1.7301E+01 8.1856E+00 1.4460E+01 2.5851E+02 3.7016E+01 9.7920E+00 4.0290E+00 2.2142E+00 1.4847E+00 1.0849E+00
3.0392E-02 3.7993E-02 4.4169E-02 4.9691E-02 5.4414E-02 5.8384E-02 6.1694E-02 6.4413E-02 6.6583E-02 6.8488E-02 7.3275E-02 7.8660E-02 8.4941E-02 9.0733E-02 9.4302E-02 1.0342E-01 1.1393E-01 1.2538E-01 1.3677E-01 1.5365E-01 1.7769E-01 2.0700E-01 2.1987E-01 2.3831E-01 2.6534E-01 3.2309E-01 3.9684E-01 4.0774E-01 5.1343E-01 6.2413E-01 7.8411E-01 2.0316E+00 3.7161E+00 3.7307E+00 2.7907E+01 5.4876E+00 2.8619E+00 1.0580E+00 1.0243E+00 1.1427E+00 1.6383E+00 9.6454E-01 6.8227E-01 9.7296E-01 1.9044E+00 4.4500E+00 1.3142E+01 1.0841E+01 8.6883E+00 1.7457E+01 6.3233E+01 1.7011E+01 6.4423E+00 3.7924E+00 2.1042E+00 1.1285E+00 8.9692E-01
3.1845E-02 3.9571E-02 4.5206E-02 5.0921E-02 5.6607E-02 6.2178E-02 6.5720E-02 6.8608E-02 7.0820E-02 7.2722E-02 8.2062E-02 8.9688E-02 9.4229E-02 9.7339E-02 1.0021E-01 1.0907E-01 1.1912E-01 1.3008E-01 1.4075E-01 1.5100E-01 1.6827E-01 2.0787E-01 2.2072E-01 2.2637E-01 2.3801E-01 3.0213E-01 3.9510E-01 5.4970E-01 6.5069E-01 5.2325E-01 8.4125E-01 1.3836E+00 1.9533E+00 3.1785E+00 1.1003E+01 7.2102E+00 2.6068E+00 1.6909E+00 1.1876E+00 1.7604E+00 1.5364E+00 1.1191E+00 7.9729E-01 9.1499E-01 1.4869E+00 2.8147E+00 7.3618E+00 6.7134E+00 7.6651E+00 1.2100E+01 2.3302E+01 1.3645E+01 5.3075E+00 2.5670E+00 1.1334E+00 9.6123E-01 7.9926E-01
3.3309E-02 3.9320E-02 4.4990E-02 5.1150E-02 5.6864E-02 6.2344E-02 6.8004E-02 7.2275E-02 7.4680E-02 7.6475E-02 7.8144E-02 8.2706E-02 9.2856E-02 1.0294E-01 1.0677E-01 1.1347E-01 1.2288E-01 1.3344E-01 1.4448E-01 1.5327E-01 1.6407E-01 1.9213E-01 2.2014E-01 2.3528E-01 2.3659E-01 3.3525E-01 5.1365E-01 5.9764E-01 9.0701E-01 5.6526E-01 7.5713E-01 9.6818E-01 1.4862E+00 3.9295E+00 2.4150E+01 2.3666E+01 3.7302E+00 1.4126E+00 1.0311E+00 2.9665E+00 3.5603E+00 9.4012E-01 8.8356E-01 8.8451E-01 1.0889E+00 1.9161E+00 5.0095E+00 4.4617E+00 4.8469E+00 8.1327E+00 1.1098E+01 7.7871E+00 3.9096E+00 2.7639E+00 1.4323E+00 6.4907E-01 5.1729E-01
3.3314E-02 3.9159E-02 4.6169E-02 5.2579E-02 5.8223E-02 6.3322E-02 6.8103E-02 7.3240E-02 7.7113E-02 8.0236E-02 8.2023E-02 8.5730E-02 9.2848E-02 1.0043E-01 1.0846E-01 1.1677E-01 1.2153E-01 1.2720E-01 1.3298E-01 1.3889E-01 1.5629E-01 1.8150E-01 2.0712E-01 2.5719E-01 2.6551E-01 3.3043E-01 6.1214E-01 8.5950E-01 1.6236E+00 1.1761E+00 8.8510E-01 1.3897E+00 1.5013E+00 3.5590E+00 1.8261E+01 3.3834E+01 8.6685E+00 2.4420E+00 1.3373E+00 7.5009E+00 1.0036E+01 1.1791E+00 8.7216E-01 8.4332E-01 1.3121E+00 1.9919E+00 4.5040E+00 2.9259E+00 3.5305E+00 4.7207E+00 5.7138E+00 4.9942E+00 2.3386E+00 1.3270E+00 1.5578E+00 8.8229E-01 4.7497E-01
3.2493E-02 3.9263E-02 4.6074E-02 5.2230E-02 5.7566E-02 6.2271E-02 6.6577E-02 7.1935E-02 7.7381E-02 8.0166E-02 8.4109E-02 8.7786E-02 8.9684E-02 9.3396E-02 9.8426E-02 1.0675E-01 1.2861E-01 1.3490E-01 1.4124E-01 1.4768E-01 1.5600E-01 1.7491E-01 2.0684E-01 2.4253E-01 2.9435E-01 3.8131E-01 5.3926E-01 1.0903E+00 3.4645E+00 3.5532E+00 3.6981E+00 1.2742E+00 1.9504E+00 3.7868E+00 6.3333E+00 1.1936E+01 5.5835E+00 2.3414E+00 1.5497E+00 2.1837E+00 3.9414E+00 1.5648E+00 1.0353E+00 1.1322E+00 1.3893E+00 5.8102E+00 5.2436E+00 2.1230E+00 2.6564E+00 2.8812E+00 3.6482E+00 3.4204E+00 2.0223E+00 1.2009E+00 8.6391E-01 1.0145E+00 7.3421E-01
3.4495E-02 4.3352E-02 5.0353E-02 5.5342E-02 5.8318E-02 6.0470E-02 6.4360E-02 6.9750E-02 7.5582E-02 8.1679E-02 8.6550E-02 9.1838E-02 9.4860E-02 9.7237E-02 9.8901E-02 1.0143E-01 1.0426E-01 1.3049E-01 1.5122E-01 1.6112E-01 1.7173E-01 1.8333E-01 1.9611E-01 2.1477E-01 2.7491E-01 3.6356E-01 4.8451E-01 1.0158E+00 3.4235E+00 2.5402E+01 5.0034E+00 1.1426E+00 1.6969E+00 4.8258E+00 4.4217E+00 9.6586E+00 3.2692E+00 1.8456E+00 1.7633E+00 3.2816E+00 4.3469E+00 2.2771E+00 1.6445E+00 1.3792E+00 2.4850E+00 2.2334E+01 3.6934E+01 4.9735E+00 2.1566E+00 2.0670E+00 2.5618E+00 2.3817E+00 1.4684E+00 9.6697E-01 6.5516E-01 6.6799E-01 6.9544E-01
3.6255E-02 4.4570E-02 5.2713E-02 6.0071E-02 6.5206E-02 6.6893E-02 6.8085E-02 6.9136E-02 7.2566E-02 7.8545E-02 8.4855E-02 9.1582E-02 9.8691E-02 1.0246E-01 1.0342E-01 1.0513E-01 1.0827E-01 1.1353E-01 1.2697E-01 1.5818E-01 1.8733E-01 2.0513E-01 2.2507E-01 2.4785E-01 3.0023E-01 3.7990E-01 4.7559E-01 1.0203E+00 5.1312E+00 2.1764E+02 6.3559E+00 1.8720E+00 1.6423E+00 2.9269E+01 4.8810E+00 1.4296E+01 1.0622E+01 2.6263E+00 2.0442E+00 3.9128E+00 8.0552E+00 3.6027E+00 3.2893E+00 2.6341E+00 2.3480E+00 7.0461E+00 3.5315E+01 5.7373E+00 2.0671E+00 1.8714E+00 1.7831E+00 1.9134E+00 1.2559E+00 7.5958E-01 6.7369E-01 5.5937E-01 5.9752E-01
3.4283E-02 4.2181E-02 5.0001E-02 5.7182E-02 6.3663E-02 6.9447E-02 7.4936E-02 7.6992E-02 7.7368E-02 7.8209E-02 8.0826E-02 8.7371E-02 9.4566E-02 1.0251E-01 1.0787E-01 1.0883E-01 1.1162E-01 1.1787E-01 1.2812E-01 1.3609E-01 1.4717E-01 1.9434E-01 2.5044E-01 2.7102E-01 3.3584E-01 4.5457E-01 8.8781E-01 1.4091E+00 5.5403E+00 1.7981E+01 5.1267E+00 2.0545E+00 2.6024E+00 1.1087E+01 6.5049E+00 7.3806E+00 6.8768E+00 2.9600E+00 3.2355E+00 6.3856E+00 2.2372E+01 1.4502E+01 5.3824E+00 2.6636E+00 2.3063E+00 7.7417E+00 1.2454E+01 4.9447E+00 1.8735E+00 1.5636E+00 1.3879E+00 1.5028E+00 1.1509E+00 7.0509E-01 6.2406E-01 5.1684E-01 5.2889E-01
3.3379E-02 4.0649E-02 4.7438E-02 5.3451E-02 5.8812E-02 6.4554E-02 7.0161E-02 7.5790E-02 8.1476E-02 8.5502E-02 8.7468E-02 8.9632E-02 9.3222E-02 1.0184E-01 1.1088E-01 1.1456E-01 1.1923E-01 1.2427E-01 1.3585E-01 1.5601E-01 1.8046E-01 2.1922E-01 2.5799E-01 2.9122E-01 3.6070E-01 4.7989E-01 6.6202E-01 1.2159E+00 2.2965E+00 5.8247E+00 3.2546E+00 1.9148E+00 2.5818E+00 4.5788E+00 5.9848E+00 4.8546E+00 3.5834E+00 2.2298E+00 2.9682E+00 7.7468E+00 1.4809E+02 3.9458E+01 8.1002E+00 3.3011E+00 2.1919E+00 4.1769E+01 9.4945E+00 2.8783E+00 1.6605E+00 1.2727E+00 1.3514E+00 1.1356E+00 9.5825E-01 6.1685E-01 5.7210E-01 4.5532E-01 4.2413E-01
3.5535E-02 4.3496E-02 5.0942E-02 5.7548E-02 6.3170E-02 6.8076E-02 7.2485E-02 7.6544E-02 8.0445E-02 8.4213E-02 8.8124E-02 9.2145E-02 9.6658E-02 1.0136E-01 1.0891E-01 1.1690E-01 1.2295E-01 1.3664E-01 1.4687E-01 1.6387E-01 1.8914E-01 2.2440E-01 2.7483E-01 3.1429E-01 3.4512E-01 4.2225E-01 7.2286E-01 1.0313E+00 1.4412E+00 3.2416E+00 2.5621E+00 2.3365E+00 3.4374E+00 5.2701E+00 1.0958E+01 2.2454E+01 3.6682E+00 2.2457E+00 2.4903E+00 1.1312E+01 3.7172E+01 2.6906E+01 1.2115E+01 6.4812E+00 2.5027E+00 9.5274E+00 3.5044E+00 1.9977E+00 1.7565E+00 1.2334E+00 1.0508E+00 9.1597E-01 8.9818E-01 6.0458E-01 4.7093E-01 4.3232E-01 4.0129E-01
3.8243E-02 4.7070E-02 5.5351E-02 6.2696E-02 6.8934E-02 7.4366E-02 7.9257E-02 8.3907E-02 8.8624E-02 9.3007E-02 9.5536E-02 9.7865E-02 1.0023E-01 1.0238E-01 1.0986E-01 1.1931E-01 1.3051E-01 1.4681E-01 1.6680E-01 1.9036E-01 2.0848E-01 2.2689E-01 2.5584E-01 3.1901E-01 3.5613E-01 5.0830E-01 7.3862E-01 8.2288E-01 1.2593E+00 2.2723E+00 2.1957E+00 2.7995E+00 4.8518E+00 7.7300E+00 2.3470E+01 4.4982E+01 8.0311E+00 2.4764E+00 3.6649E+00 5.8902E+00 1.7113E+01 1.2616E+01 7.8688E+00 4.4407E+00 3.3279E+00 5.3836E+00 3.0543E+00 1.4300E+00 1.2255E+00 1.0817E+00 8.8962E-01 7.6096E-01 7.8182E-01 5.4619E-01 4.0854E-01 3.4493E-01 3.4381E-01
4.0154E-02 5.0630E-02 5.9699E-02 6.6945E-02 7.2708E-02 7.7770E-02 8.2020E-02 8.5227E-02 8.7940E-02 9.0705E-02 9.2976E-02 9.5299E-02 9.7729E-02 1.0585E-01 1.1129E-01 1.1674E-01 1.2897E-01 1.4440E-01 1.6416E-01 1.8768E-01 2.1719E-01 2.4951E-01 2.7670E-01 3.0149E-01 3.6991E-01 4.4110E-01 5.3418E-01 6.9107E-01 1.1723E+00 1.7943E+00 2.5467E+00 3.3964E+00 7.5586E+00 1.3089E+01 5.8253E+01 1.2315E+01 4.9041E+00 2.6557E+00 2.4131E+00 4.4958E+00 8.1139E+00 7.8589E+00 3.3265E+00 3.2003E+00 2.1432E+00 2.9060E+00 1.8635E+00 1.4486E+00 1.1609E+00 9.3193E-01 8.6387E-01 6.9093E-01 6.3711E-01 5.3314E-01 4.3237E-01 3.7286E-01 3.3561E-01
3.9632E-02 4.9922E-02 5.8828E-02 6.5788E-02 7.1076E-02 7.5388E-02 7.8766E-02 8.1234E-02 8.3257E-02 8.5531E-02 8.6743E-02 9.1744E-02 9.5562E-02 1.0057E-01 1.0616E-01 1.1443E-01 1.2496E-01 1.3818E-01 1.5551E-01 1.7812E-01 2.0630E-01 2.3746E-01 2.6256E-01 2.5938E-01 3.0189E-01 3.8174E-01 4.5255E-01 6.4000E-01 9.6163E-01 1.5405E+00 2.7915E+00 8.2612E+00 1.0417E+01 9.8818E+01 5.4681E+01 9.8107E+00 4.1405E+00 3.4990E+00 3.7152E+00 2.7921E+00 5.3256E+00 5.2748E+00 2.7474E+00 2.0295E+00 1.7336E+00 1.8144E+00 1.5230E+00 1.2286E+00 9.7680E-01 9.2324E-01 7.9521E-01 7.0489E-01 6.0730E-01 5.0186E-01 3.9350E-01 3.5826E-01 3.2781E-01
3.8498E-02 4.8372E-02 5.6956E-02 6.3609E-02 6.8469E-02 7.2038E-02 7.4582E-02 7.6414E-02 7.8629E-02 8.5296E-02 9.2842E-02 9.9840E-02 1.0669E-01 1.1384E-01 1.2183E-01 1.2861E-01 1.3383E-01 1.4041E-01 1.4759E-01 1.6623E-01 1.9017E-01 2.1708E-01 2.4888E-01 2.6742E-01 2.9553E-01 2.9917E-01 3.7144E-01 5.3412E-01 8.3593E-01 1.3189E+00 2.8465E+00 3.9081E+01 2.2644E+01 1.2075E+02 3.9391E+01 1.0894E+01 3.9468E+00 3.2203E+00 3.0991E+01 3.4064E+00 3.3630E+00 4.2121E+00 2.0424E+00 1.3760E+00 1.4116E+00 1.3714E+00 1.0678E+00 9.8947E-01 9.1331E-01 8.6438E-01 7.6124E-01 6.8297E-01 6.1539E-01 5.2346E-01 4.3249E-01 3.7594E-01 3.3822E-01
3.6842E-02 4.6100E-02 5.4237E-02 6.0622E-02 6.6377E-02 6.8921E-02 7.0655E-02 7.8774E-02 8.7310E-02 9.6516E-02 1.0704E-01 1.1473E-01 1.2240E-01 1.3004E-01 1.3819E-01 1.4658E-01 1.5468E-01 1.6158E-01 1.6336E-01 1.6654E-01 1.7278E-01 1.9472E-01 2.2183E-01 2.5042E-01 2.7675E-01 2.7893E-01 3.5331E-01 5.5636E-01 9.0538E-01 1.6501E+00 4.0946E+00 9.9275E+00 1.4809E+01 2.2541E+01 1.6275E+01 8.4734E+00 4.8839E+00 3.0281E+00 4.5747E+00 3.2652E+00 2.4111E+00 2.8713E+00 1.8950E+00 1.3666E+00 1.3039E+00 1.3966E+00 1.1066E+00 8.8892E-01 8.7568E-01 7.5678E-01 7.1651E-01 7.0092E-01 6.2962E-01 5.4529E-01 4.6962E-01 4.0971E-01 3.6467E-01
3.6096E-02 4.4788E-02 5.1581E-02 5.7221E-02 6.4242E-02 7.2551E-02 8.1118E-02 8.9907E-02 9.8668E-02 1.0594E-01 1.1265E-01 1.2029E-01 1.2899E-01 1.3808E-01 1.4678E-01 1.5486E-01 1.6330E-01 1.7382E-01 1.7812E-01 1.7996E-01 1.8726E-01 1.9989E-01 1.9954E-01 2.2898E-01 2.3914E-01 3.4376E-01 5.1846E-01 7.3515E-01 1.1337E+00 1.5651E+00 2.6153E+00 4.0942E+00 5.9705E+00 9.8838E+00 9.7327E+00 6.2136E+00 3.7076E+00 2.6451E+00 3.0593E+00 2.3321E+00 2.2276E+00 2.1500E+00 1.6256E+00 1.2673E+00 1.2104E+00 1.3389E+00 1.0566E+00 9.4040E-01 7.9295E-01 6.9129E-01 7.2031E-01 7.1819E-01 6.3218E-01 5.6242E-01 4.9641E-01 4.4001E-01 3.9338E-01
3.6068E-02 4.5403E-02 5.4859E-02 6.4082E-02 7.2323E-02 7.7302E-02 8.1686E-02 8.6033E-02 9.0422E-02 9.4927E-02 1.0015E-01 1.0623E-01 1.1313E-01 1.1938E-01 1.2371E-01 1.2681E-01 1.3053E-01 1.3558E-01 1.4021E-01 1.4372E-01 1.5812E-01 1.7664E-01 2.0298E-01 2.6559E-01 3.1080E-01 4.7180E-01 6.6090E-01 8.6203E-01 9.6367E-01 1.3786E+00 1.9163E+00 2.7864E+00 3.6234E+00 6.1872E+00 6.2616E+00 3.9230E+00 3.1983E+00 2.1268E+00 2.2965E+00 1.8092E+00 2.1738E+00 1.8370E+00 1.4036E+00 1.0820E+00 1.1155E+00 1.1695E+00 9.9639E-01 8.6886E-01 8.0673E-01 7.0235E-01 6.4527E-01 6.9640E-01 6.2503E-01 5.6435E-01 5.0836E-01 4.5879E-01 4.1651E-01
3.5589E-02 4.4254E-02 5.2029E-02 5.8728E-02 6.4018E-02 6.8093E-02 7.1649E-02 7.5175E-02 7.8613E-02 8.1884E-02 8.6266E-02 9.1509E-02 9.7394E-02 1.0387E-01 1.1021E-01 1.1640E-01 1.2353E-01 1.3049E-01 1.4241E-01 1.5987E-01 1.7697E-01 1.9690E-01 2.2424E-01 2.6593E-01 3.3960E-01 4.5612E-01 5.8376E-01 6.6990E-01 8.7215E-01 1.1157E+00 1.3457E+00 2.0658E+00 2.1693E+00 3.7993E+00 4.1751E+00 2.6386E+00 2.3270E+00 2.0263E+00 1.9542E+00 1.5623E+00 1.7381E+00 1.6741E+00 1.2376E+00 1.0051E+00 9.9549E-01 1.0485E+00 8.9314E-01 8.1145E-01 7.5975E-01 7.2589E-01 6.3161E-01 6.2299E-01 6.0633E-01 5.5473E-01 5.0750E-01 4.5214E-01 4.2982E-01
3.6019E-02 4.4847E-02 5.2548E-02 5.8634E-02 6.3204E-02 6.6625E-02 7.0242E-02 7.4358E-02 7.7951E-02 8.1922E-02 8.6502E-02 9.2070E-02 9.8415E-02 1.0492E-01 1.0997E-01 1.1426E-01 1.2039E-01 1.3410E-01 1.5191E-01 1.7328E-01 1.9418E-01 2.1863E-01 2.4917E-01 2.7558E-01 3.3301E-01 4.2381E-01 5.2190E-01 6.1211E-01 7.3567E-01 9.4491E-01 1.1338E+00 1.4409E+00 1.8329E+00 2.4215E+00 2.8797E+00 2.0837E+00 1.6504E+00 1.6510E+00 1.5864E+00 1.3659E+00 1.3978E+00 1.3265E+00 1.0877E+00 9.4956E-01 9.2564E-01 9.4845E-01 8.4296E-01 7.6637E-01 6.7675E-01 6.6112E-01 6.3927E-01 5.7143E-01 5.7409E-01 5.3321E-01 4.9602E-01 4.6399E-01 4.2740E-01
3.6405E-02 4.5221E-02 5.3220E-02 5.9972E-02 6.5442E-02 6.9719E-02 7.2912E-02 7.5946E-02 7.9086E-02 8.2734E-02 8.7120E-02 9.2418E-02 9.8763E-02 1.0549E-01 1.1224E-01 1.1862E-01 1.2829E-01 1.4400E-01 1.6362E-01 1.8792E-01 2.1510E-01 2.2003E-01 2.2944E-01 2.5779E-01 3.0282E-01 3.7450E-01 4.4787E-01 5.4450E-01 6.7559E-01 7.8276E-01 7.9585E-01 1.0422E+00 1.3389E+00 1.6940E+00 1.9847E+00 1.7607E+00 1.4599E+00 1.2125E+00 1.2345E+00 1.2259E+00 1.1770E+00 1.0705E+00 9.5191E-01 8.8982E-01 8.7206E-01 8.7947E-01 7.8828E-01 7.1397E-01 6.8028E-01 6.0813E-01 5.8183E-01 5.6008E-01 5.3277E-01 5.0312E-01 4.7385E-01 4.4336E-01 4.1611E-01
3.6889E-02 4.5680E-02 5.3889E-02 6.1151E-02 6.7361E-02 7.2445E-02 7.6335E-02 7.9954E-02 8.3579E-02 8.7619E-02 9.2177E-02 9.7364E-02 1.0344E-01 1.0974E-01 1.1552E-01 1.2584E-01 1.4172E-01 1.6014E-01 1.8229E-01 2.1035E-01 2.0168E-01 2.0251E-01 2.2176E-01 2.3519E-01 2.7401E-01 3.3066E-01 4.1352E-01 4.7319E-01 5.8612E-01 6.2148E-01 6.5112E-01 8.8694E-01 1.0962E+00 1.3018E+00 1.5294E+00 1.4179E+00 1.2244E+00 1.0373E+00 1.0531E+00 1.1062E+00 1.0216E+00 9.9625E-01 8.5836E-01 8.2789E-01 8.1401E-01 8.1156E-01 7.3738E-01 6.5426E-01 6.5521E-01 5.9020E-01 5.4093E-01 5.1136E-01 4.8984E-01 4.5787E-01 4.3360E-01 4.1623E-01 3.9025E-01
