20231023_webinar_progetto_murano/refs/data_input_report_tx_finale/lapost_grid_hbd_npr/pct24h98.grd
ncols        81
nrows        81
xllcorner      7.602250000E+05
yllcorner      5.036725000E+06
cellsize      5.000000000E+01
nodata_value         -9
[rows 0 to 24 of 81, columns 0 to 56 of 81]
2.1413E-02 2.5976E-02 3.0335E-02 3.4428E-02 3.8081E-02 4.1171E-02 4.3384E-02 4.4790E-02 4.5471E-02 4.5534E-02 4.5029E-02 4.4024E-02 4.2595E-02 4.1264E-02 4.3262E-02 4.6098E-02 4.9661E-02 5.9751E-02 6.7752E-02 7.2131E-02 7.5915E-02 7.9102E-02 8.1606E-02 8.1791E-02 8.0407E-02 8.0667E-02 7.8241E-02 7.2860E-02 6.6505E-02 6.3821E-02 6.1810E-02 6.5449E-02 6.9989E-02 7.3424E-02 7.5272E-02 7.1273E-02 7.0107E-02 7.1951E-02 7.8419E-02 8.0099E-02 7.1967E-02 7.0354E-02 7.7591E-02 8.1295E-02 8.1680E-02 8.0541E-02 7.8862E-02 7.3409E-02 6.6977E-02 6.0303E-02 5.4112E-02 4.8531E-02 4.3967E-02 4.7418E-02 4.9351E-02 5.2124E-02 5.3307E-02
2.5622E-02 3.1202E-02 3.6555E-02 4.1560E-02 4.6005E-02 4.9667E-02 5.2383E-02 5.4284E-02 5.5295E-02 5.5552E-02 5.5123E-02 5.4089E-02 5.2533E-02 5.1029E-02 5.1556E-02 5.7115E-02 5.9066E-02 7.1347E-02 8.1312E-02 8.6868E-02 9.1753E-02 9.5987E-02 9.9475E-02 1.0197E-01 1.0080E-01 1.0076E-01 9.7272E-02 9.0871E-02 8.4073E-02 8.0159E-02 7.6967E-02 7.9765E-02 8.5553E-02 8.9994E-02 9.2463E-02 8.8893E-02 8.6425E-02 9.1835E-02 9.8137E-02 1.0491E-01 9.2955E-02 8.8674E-02 9.7712E-02 1.0225E-01 1.0227E-01 1.0041E-01 9.8075E-02 9.3550E-02 8.5057E-02 7.6458E-02 6.8578E-02 6.1498E-02 5.7799E-02 6.0265E-02 6.2244E-02 6.5140E-02 6.4613E-02
2.9250E-02 3.5526E-02 4.1727E-02 4.7591E-02 5.2818E-02 5.7243E-02 6.0664E-02 6.3139E-02 6.4564E-02 6.5085E-02 6.4792E-02 6.3785E-02 6.2153E-02 6.0261E-02 6.1529E-02 6.7452E-02 6.6850E-02 8.0948E-02 9.3354E-02 1.0009E-01 1.0607E-01 1.1140E-01 1.1594E-01 1.1943E-01 1.2087E-01 1.1987E-01 1.1562E-01 1.0846E-01 1.0083E-01 9.5444E-02 9.0771E-02 9.3510E-02 1.0054E-01 1.0604E-01 1.0864E-01 1.0506E-01 1.0115E-01 1.0657E-01 1.1469E-01 1.2362E-01 1.0978E-01 1.0432E-01 1.1522E-01 1.2079E-01 1.2052E-01 1.1822E-01 1.1555E-01 1.1134E-01 1.0105E-01 9.0926E-02 8.1747E-02 7.3507E-02 7.0532E-02 7.2779E-02 7.4350E-02 7.8436E-02 7.8052E-02
3.1917E-02 3.8841E-02 4.5747E-02 5.2363E-02 5.8367E-02 6.3553E-02 6.7690E-02 7.0795E-02 7.2724E-02 7.3613E-02 7.3559E-02 7.2670E-02 7.1018E-02 6.8724E-02 6.9844E-02 7.3325E-02 7.4531E-02 8.7850E-02 1.0334E-01 1.1120E-01 1.1825E-01 1.2468E-01 1.3030E-01 1.3482E-01 1.3728E-01 1.3669E-01 1.3249E-01 1.2485E-01 1.1572E-01 1.0879E-01 1.0239E-01 1.0610E-01 1.1425E-01 1.2069E-01 1.2458E-01 1.1908E-01 1.1414E-01 1.1877E-01 1.2715E-01 1.3820E-01 1.2178E-01 1.1891E-01 1.2994E-01 1.3704E-01 1.3669E-01 1.3379E-01 1.3065E-01 1.2636E-01 1.1515E-01 1.0362E-01 9.3236E-02 8.3979E-02 8.3634E-02 8.5335E-02 8.6214E-02 9.1065E-02 8.9464E-02
3.3914E-02 4.1285E-02 4.8681E-02 5.5846E-02 6.2471E-02 6.8330E-02 7.3189E-02 7.7006E-02 7.9597E-02 8.1038E-02 8.1396E-02 8.0758E-02 7.9148E-02 7.6751E-02 7.6161E-02 7.7684E-02 8.2162E-02 9.1861E-02 1.1118E-01 1.2016E-01 1.2820E-01 1.3561E-01 1.4212E-01 1.4751E-01 1.5081E-01 1.5090E-01 1.4700E-01 1.3924E-01 1.2860E-01 1.2017E-01 1.1182E-01 1.1731E-01 1.2641E-01 1.3367E-01 1.3824E-01 1.3126E-01 1.2470E-01 1.3277E-01 1.3524E-01 1.4835E-01 1.3281E-01 1.3201E-01 1.4210E-01 1.5129E-01 1.5129E-01 1.4751E-01 1.4294E-01 1.3710E-01 1.2889E-01 1.1660E-01 1.0438E-01 9.3597E-02 9.6663E-02 9.7442E-02 9.7364E-02 1.0211E-01 9.8942E-02
3.5298E-02 4.2934E-02 5.0618E-02 5.8129E-02 6.5192E-02 7.1591E-02 7.6913E-02 8.0935E-02 8.4420E-02 8.7258E-02 8.8385E-02 8.8176E-02 8.6687E-02 8.4171E-02 8.1128E-02 8.2763E-02 8.8365E-02 9.3331E-02 1.1446E-01 1.2716E-01 1.3608E-01 1.4416E-01 1.5122E-01 1.5721E-01 1.6123E-01 1.6199E-01 1.5858E-01 1.5112E-01 1.4019E-01 1.3037E-01 1.1992E-01 1.2722E-01 1.3714E-01 1.4508E-01 1.5020E-01 1.4408E-01 1.3456E-01 1.4565E-01 1.4026E-01 1.5454E-01 1.4242E-01 1.4358E-01 1.5250E-01 1.6447E-01 1.6510E-01 1.6025E-01 1.5341E-01 1.4524E-01 1.3585E-01 1.2661E-01 1.1605E-01 1.0362E-01 1.0927E-01 1.0878E-01 1.0872E-01 1.1009E-01 1.0655E-01
3.6199E-02 4.3968E-02 5.1784E-02 5.9470E-02 6.6784E-02 7.3552E-02 7.9127E-02 8.3285E-02 8.6933E-02 8.9997E-02 9.2495E-02 9.4477E-02 9.3809E-02 9.1255E-02 8.8002E-02 8.6113E-02 9.3394E-02 9.2761E-02 1.1396E-01 1.3260E-01 1.4229E-01 1.5078E-01 1.5807E-01 1.6435E-01 1.6880E-01 1.7005E-01 1.6715E-01 1.6040E-01 1.5078E-01 1.3989E-01 1.2738E-01 1.3620E-01 1.4682E-01 1.5528E-01 1.6058E-01 1.5595E-01 1.4543E-01 1.5748E-01 1.5249E-01 1.5783E-01 1.4906E-01 1.5346E-01 1.6238E-01 1.7755E-01 1.7859E-01 1.7254E-01 1.6335E-01 1.5248E-01 1.4105E-01 1.3074E-01 1.2132E-01 1.1501E-01 1.2012E-01 1.1903E-01 1.1962E-01 1.1592E-01 1.1234E-01
3.6632E-02 4.4431E-02 5.2270E-02 6.0008E-02 6.7429E-02 7.4412E-02 8.0198E-02 8.4467E-02 8.8241E-02 9.1507E-02 9.4343E-02 9.6793E-02 9.8632E-02 9.8095E-02 9.4719E-02 9.1111E-02 9.2248E-02 9.5193E-02 1.1155E-01 1.3666E-01 1.4712E-01 1.5587E-01 1.6329E-01 1.6973E-01 1.7451E-01 1.7619E-01 1.7381E-01 1.6790E-01 1.6054E-01 1.4872E-01 1.3436E-01 1.4428E-01 1.5566E-01 1.6461E-01 1.6899E-01 1.6653E-01 1.5558E-01 1.6840E-01 1.6420E-01 1.6065E-01 1.5923E-01 1.6077E-01 1.7026E-01 1.8762E-01 1.9052E-01 1.8469E-01 1.7362E-01 1.5993E-01 1.4588E-01 1.3410E-01 1.2759E-01 1.2604E-01 1.2901E-01 1.2784E-01 1.2480E-01 1.2145E-01 1.1776E-01
3.6608E-02 4.4435E-02 5.2235E-02 5.9954E-02 6.7387E-02 7.4463E-02 8.0476E-02 8.4911E-02 8.8818E-02 9.2284E-02 9.5445E-02 9.8325E-02 1.0059E-01 1.0195E-01 1.0141E-01 9.7462E-02 9.3445E-02 9.9175E-02 1.0791E-01 1.3423E-01 1.5062E-01 1.5963E-01 1.6707E-01 1.7358E-01 1.7872E-01 1.8095E-01 1.7933E-01 1.7438E-01 1.6901E-01 1.5661E-01 1.4069E-01 1.5109E-01 1.6327E-01 1.7263E-01 1.7665E-01 1.7492E-01 1.6498E-01 1.7851E-01 1.7557E-01 1.6362E-01 1.7265E-01 1.7413E-01 1.7589E-01 1.9318E-01 1.9929E-01 1.9563E-01 1.8394E-01 1.6790E-01 1.5139E-01 1.4521E-01 1.3291E-01 1.3003E-01 1.3316E-01 1.3522E-01 1.3113E-01 1.2666E-01 1.2430E-01
3.5888E-02 4.3948E-02 5.1672E-02 5.9340E-02 6.6753E-02 7.3858E-02 8.0234E-02 8.4980E-02 8.9097E-02 9.2794E-02 9.6281E-02 9.9581E-02 1.0229E-01 1.0410E-01 1.0503E-01 1.0375E-01 9.9140E-02 1.0285E-01 1.0369E-01 1.2927E-01 1.5262E-01 1.6209E-01 1.6949E-01 1.7592E-01 1.8137E-01 1.8440E-01 1.8394E-01 1.8000E-01 1.7700E-01 1.6425E-01 1.4716E-01 1.5666E-01 1.6969E-01 1.7941E-01 1.8498E-01 1.8073E-01 1.7316E-01 1.8819E-01 1.8695E-01 1.6113E-01 1.7381E-01 1.8953E-01 1.9227E-01 1.9501E-01 2.0606E-01 2.0642E-01 1.9489E-01 1.7741E-01 1.5826E-01 1.5827E-01 1.4621E-01 1.3836E-01 1.4491E-01 1.4024E-01 1.3704E-01 1.3264E-01 1.3269E-01
3.4796E-02 4.3010E-02 5.0799E-02 5.8315E-02 6.5728E-02 7.2845E-02 7.9678E-02 8.4921E-02 8.9382E-02 9.3358E-02 9.7147E-02 1.0086E-01 1.0407E-01 1.0640E-01 1.0787E-01 1.0833E-01 1.0569E-01 1.0065E-01 1.0473E-01 1.2384E-01 1.5270E-01 1.6286E-01 1.7024E-01 1.7660E-01 1.8265E-01 1.8687E-01 1.8760E-01 1.8639E-01 1.8468E-01 1.7211E-01 1.5241E-01 1.6131E-01 1.7515E-01 1.8541E-01 1.9068E-01 1.8327E-01 1.7969E-01 1.9898E-01 1.9650E-01 1.5833E-01 1.6933E-01 1.9060E-01 2.0958E-01 2.0864E-01 2.1177E-01 2.1667E-01 2.0628E-01 1.9226E-01 1.7148E-01 1.6998E-01 1.5683E-01 1.5257E-01 1.5112E-01 1.4594E-01 1.4260E-01 1.4057E-01 1.3990E-01
3.3507E-02 4.1565E-02 4.9236E-02 5.6875E-02 6.4322E-02 7.1475E-02 7.8447E-02 8.4733E-02 8.9664E-02 9.3931E-02 9.7928E-02 1.0199E-01 1.0576E-01 1.0880E-01 1.1093E-01 1.1189E-01 1.1154E-01 1.0846E-01 1.0864E-01 1.1798E-01 1.4960E-01 1.6204E-01 1.6986E-01 1.7658E-01 1.8349E-01 1.8893E-01 1.9037E-01 1.9025E-01 1.8979E-01 1.7897E-01 1.5854E-01 1.6640E-01 1.8511E-01 1.9938E-01 1.9908E-01 1.8698E-01 1.8359E-01 2.1243E-01 1.9739E-01 1.5388E-01 1.6144E-01 1.8540E-01 2.0982E-01 2.2844E-01 2.1605E-01 2.2557E-01 2.1913E-01 2.0783E-01 1.8562E-01 1.7962E-01 1.6501E-01 1.6170E-01 1.5441E-01 1.5422E-01 1.4886E-01 1.4841E-01 1.4796E-01
3.2091E-02 3.9763E-02 4.7468E-02 5.5110E-02 6.2623E-02 6.9937E-02 7.6890E-02 8.3816E-02 8.9653E-02 9.4386E-02 9.8712E-02 1.0313E-01 1.0747E-01 1.1120E-01 1.1396E-01 1.1552E-01 1.1562E-01 1.1479E-01 1.1153E-01 1.1870E-01 1.4160E-01 1.6017E-01 1.6906E-01 1.7633E-01 1.8369E-01 1.8969E-01 1.9106E-01 1.8953E-01 1.8998E-01 1.8285E-01 1.6334E-01 1.8276E-01 2.0454E-01 2.0878E-01 2.0606E-01 2.0447E-01 1.8370E-01 2.1531E-01 1.9282E-01 1.4774E-01 1.4985E-01 1.7557E-01 2.0624E-01 2.3586E-01 2.3411E-01 2.3217E-01 2.3303E-01 2.2445E-01 1.9939E-01 1.8740E-01 1.7530E-01 1.6446E-01 1.6718E-01 1.6608E-01 1.5701E-01 1.5714E-01 1.5658E-01
3.0631E-02 3.7845E-02 4.5399E-02 5.3005E-02 6.0579E-02 6.7922E-02 7.5317E-02 8.2057E-02 8.9022E-02 9.4461E-02 9.9398E-02 1.0437E-01 1.0925E-01 1.1345E-01 1.1664E-01 1.1887E-01 1.1998E-01 1.2039E-01 1.1940E-01 1.2079E-01 1.3354E-01 1.5772E-01 1.6804E-01 1.7560E-01 1.8268E-01 1.8986E-01 1.9222E-01 1.9190E-01 1.9062E-01 1.8445E-01 1.7592E-01 2.0243E-01 2.1491E-01 2.1508E-01 2.1693E-01 2.2493E-01 1.8575E-01 2.2649E-01 1.8843E-01 1.5147E-01 1.4896E-01 1.6558E-01 1.9927E-01 2.3793E-01 2.5797E-01 2.3789E-01 2.4618E-01 2.4355E-01 2.1669E-01 1.9867E-01 1.8073E-01 1.7481E-01 1.7907E-01 1.7888E-01 1.6472E-01 1.6622E-01 1.6075E-01
2.9155E-02 3.5891E-02 4.3088E-02 5.0605E-02 5.8191E-02 6.5635E-02 7.2907E-02 8.0348E-02 8.7100E-02 9.3932E-02 9.9788E-02 1.0545E-01 1.1077E-01 1.1528E-01 1.1886E-01 1.2186E-01 1.2432E-01 1.2646E-01 1.2636E-01 1.2311E-01 1.3433E-01 1.5533E-01 1.7086E-01 1.7958E-01 1.8160E-01 1.9582E-01 2.0863E-01 2.1781E-01 2.1010E-01 2.0108E-01 2.0548E-01 2.2764E-01 2.2554E-01 2.3409E-01 2.5251E-01 2.5234E-01 2.3393E-01 2.7410E-01 2.1589E-01 1.7098E-01 1.6079E-01 1.7935E-01 2.0257E-01 2.5233E-01 2.9331E-01 2.5127E-01 2.6447E-01 2.6918E-01 2.3086E-01 2.0836E-01 1.8839E-01 1.8290E-01 1.9076E-01 1.8719E-01 1.7282E-01 1.7136E-01 1.6009E-01
2.7349E-02 3.3692E-02 4.0602E-02 4.7869E-02 5.5330E-02 6.2994E-02 7.0426E-02 7.7695E-02 8.4881E-02 9.2052E-02 9.8950E-02 1.0543E-01 1.1129E-01 1.1626E-01 1.2062E-01 1.2472E-01 1.2840E-01 1.3161E-01 1.3251E-01 1.2990E-01 1.3032E-01 1.5057E-01 1.7602E-01 1.9970E-01 2.0876E-01 2.0220E-01 2.2461E-01 2.4531E-01 2.3608E-01 2.2056E-01 2.2600E-01 2.5262E-01 2.3756E-01 2.5182E-01 2.8748E-01 2.7889E-01 2.8378E-01 3.0185E-01 2.4206E-01 1.8662E-01 1.9332E-01 2.0471E-01 2.1216E-01 2.6643E-01 3.1321E-01 2.7362E-01 2.9215E-01 2.9857E-01 2.6695E-01 2.2815E-01 1.9555E-01 1.9375E-01 2.0531E-01 2.0058E-01 1.8294E-01 1.7108E-01 1.5759E-01
2.5437E-02 3.1387E-02 3.7949E-02 4.5010E-02 5.2141E-02 5.9703E-02 6.7527E-02 7.4943E-02 8.2201E-02 8.9204E-02 9.6333E-02 1.0269E-01 1.0902E-01 1.1517E-01 1.2134E-01 1.2745E-01 1.3275E-01 1.3683E-01 1.3862E-01 1.3712E-01 1.3243E-01 1.4376E-01 1.7048E-01 2.0764E-01 2.4473E-01 2.5973E-01 2.2343E-01 2.3229E-01 2.3021E-01 2.1098E-01 2.3229E-01 2.7414E-01 2.6908E-01 2.7103E-01 2.9594E-01 2.9068E-01 2.9091E-01 3.0091E-01 2.2334E-01 2.1404E-01 2.1639E-01 2.3801E-01 2.4284E-01 2.6188E-01 3.0357E-01 2.9534E-01 3.2500E-01 3.2156E-01 3.0524E-01 2.4060E-01 2.3702E-01 2.2198E-01 2.4315E-01 2.1580E-01 1.8435E-01 1.7008E-01 1.6654E-01
2.4175E-02 2.9020E-02 3.5158E-02 4.1862E-02 4.9005E-02 5.6076E-02 6.3747E-02 7.1684E-02 7.9045E-02 8.6073E-02 9.2842E-02 1.0062E-01 1.0527E-01 1.1116E-01 1.1703E-01 1.2295E-01 1.2872E-01 1.3440E-01 1.4050E-01 1.4541E-01 1.4077E-01 1.4096E-01 1.5825E-01 1.9899E-01 2.5799E-01 3.0858E-01 2.8318E-01 2.1072E-01 2.1557E-01 2.0034E-01 2.4540E-01 2.9504E-01 2.5642E-01 2.7950E-01 3.0892E-01 3.0826E-01 2.9115E-01 2.6651E-01 2.3033E-01 2.1427E-01 2.3078E-01 2.6620E-01 2.7305E-01 2.7774E-01 2.9003E-01 3.2943E-01 3.8440E-01 3.7035E-01 3.3089E-01 2.5186E-01 2.5652E-01 2.6702E-01 2.7026E-01 2.2611E-01 1.8959E-01 1.8396E-01 1.9194E-01
2.3937E-02 2.9050E-02 3.4037E-02 3.8609E-02 4.5485E-02 5.2493E-02 5.9658E-02 6.7366E-02 7.5258E-02 8.2348E-02 8.9137E-02 9.6851E-02 1.0514E-01 1.1256E-01 1.1328E-01 1.1897E-01 1.2459E-01 1.3041E-01 1.3692E-01 1.4503E-01 1.5119E-01 1.4442E-01 1.4812E-01 1.7618E-01 2.3435E-01 3.1926E-01 3.4781E-01 2.5401E-01 2.0292E-01 1.9998E-01 2.5492E-01 3.1775E-01 2.7825E-01 2.8568E-01 3.2220E-01 3.2994E-01 3.3156E-01 3.0636E-01 3.0327E-01 2.6258E-01 2.4598E-01 2.9011E-01 3.2739E-01 3.3820E-01 3.5619E-01 3.7610E-01 4.8478E-01 4.6118E-01 4.0617E-01 2.7398E-01 3.1465E-01 3.0487E-01 2.9729E-01 2.4568E-01 2.1847E-01 2.1406E-01 2.1291E-01
2.2733E-02 2.7496E-02 3.2448E-02 3.7583E-02 4.2875E-02 4.8715E-02 5.5577E-02 6.2797E-02 7.0454E-02 7.8039E-02 8.5092E-02 9.1953E-02 1.0025E-01 1.0878E-01 1.1919E-01 1.1646E-01 1.2163E-01 1.2711E-01 1.3316E-01 1.4113E-01 1.4975E-01 1.5518E-01 1.5220E-01 1.7018E-01 1.9166E-01 2.8564E-01 3.8501E-01 3.3892E-01 2.1406E-01 2.0262E-01 2.6493E-01 3.4458E-01 3.2483E-01 3.1627E-01 3.0533E-01 3.4551E-01 3.3321E-01 3.0599E-01 3.0603E-01 3.3846E-01 3.0912E-01 3.2138E-01 3.8139E-01 4.2327E-01 4.4798E-01 4.8519E-01 5.5813E-01 6.4352E-01 4.5260E-01 3.5891E-01 3.8373E-01 3.4058E-01 3.2599E-01 2.9961E-01 2.4981E-01 2.4051E-01 2.3203E-01
2.3789E-02 2.6909E-02 3.0571E-02 3.5294E-02 4.0301E-02 4.5717E-02 5.1367E-02 5.8491E-02 6.5782E-02 7.3355E-02 8.0918E-02 8.8480E-02 9.5898E-02 1.0476E-01 1.1657E-01 1.2938E-01 1.2585E-01 1.2512E-01 1.3464E-01 1.4241E-01 1.4746E-01 1.5123E-01 1.5705E-01 1.6356E-01 1.7475E-01 2.1972E-01 3.4666E-01 4.0533E-01 3.0464E-01 2.0547E-01 2.7475E-01 3.7919E-01 3.8851E-01 3.3750E-01 3.2677E-01 3.8649E-01 3.3597E-01 3.0031E-01 3.1127E-01 3.5992E-01 3.7973E-01 3.8225E-01 4.1836E-01 4.8300E-01 6.4722E-01 7.8632E-01 8.2967E-01 8.0345E-01 6.5677E-01 5.7279E-01 4.7141E-01 3.8243E-01 3.4778E-01 3.2328E-01 2.9481E-01 2.6083E-01 2.7420E-01
2.5263E-02 2.8639E-02 3.1841E-02 3.4773E-02 3.7890E-02 4.2898E-02 4.8485E-02 5.3877E-02 6.0642E-02 6.8317E-02 7.6432E-02 8.4872E-02 9.3343E-02 1.0200E-01 1.1476E-01 1.2733E-01 1.4141E-01 1.3684E-01 1.4090E-01 1.5326E-01 1.6234E-01 1.6605E-01 1.6465E-01 1.6061E-01 1.7212E-01 1.9654E-01 2.6100E-01 4.0333E-01 4.1917E-01 2.6074E-01 2.8164E-01 4.0587E-01 4.5411E-01 3.6923E-01 3.5385E-01 4.3680E-01 3.4127E-01 3.0437E-01 3.6304E-01 3.7878E-01 4.1103E-01 4.1261E-01 4.7185E-01 5.0916E-01 7.3984E-01 1.2103E+00 1.3978E+00 1.0885E+00 8.3802E-01 7.5725E-01 6.3152E-01 4.8248E-01 3.9034E-01 3.4250E-01 2.9312E-01 3.0076E-01 2.9950E-01
2.6233E-02 3.0396E-02 3.3887E-02 3.7119E-02 4.0006E-02 4.2485E-02 4.5547E-02 5.1344E-02 5.7420E-02 6.3030E-02 7.1546E-02 8.0636E-02 9.0193E-02 9.9324E-02 1.1201E-01 1.2497E-01 1.3851E-01 1.5292E-01 1.5000E-01 1.5991E-01 1.7503E-01 1.8655E-01 1.8615E-01 1.8427E-01 1.7074E-01 1.9792E-01 2.4431E-01 3.2643E-01 4.3300E-01 4.2690E-01 2.9777E-01 4.1542E-01 5.2002E-01 4.1037E-01 4.0617E-01 4.8312E-01 3.5620E-01 2.9676E-01 3.7571E-01 4.6594E-01 4.7191E-01 5.2887E-01 6.2900E-01 5.8160E-01 8.4154E-01 1.5519E+00 2.5263E+00 1.4157E+00 1.0693E+00 1.0414E+00 7.4873E-01 6.3900E-01 4.7399E-01 3.6624E-01 3.6770E-01 3.8119E-01 3.4802E-01
2.6396E-02 3.2139E-02 3.5936E-02 3.9494E-02 4.2720E-02 4.5541E-02 4.7886E-02 4.9763E-02 5.3972E-02 6.0210E-02 6.6176E-02 7.5022E-02 8.4546E-02 9.5316E-02 1.0705E-01 1.1969E-01 1.3354E-01 1.4778E-01 1.6171E-01 1.6534E-01 1.8143E-01 1.9319E-01 1.9604E-01 1.9890E-01 2.0161E-01 2.0895E-01 2.4650E-01 2.9150E-01 4.4012E-01 4.3914E-01 4.2657E-01 4.2652E-01 7.1581E-01 4.8610E-01 4.9057E-01 5.6348E-01 3.6804E-01 4.0723E-01 3.8235E-01 6.6965E-01 9.2302E-01 8.0962E-01 9.1330E-01 7.2337E-01 1.2325E+00 2.0988E+00 3.6785E+00 2.6729E+00 1.7826E+00 1.5751E+00 9.5645E-01 1.0278E+00 5.2339E-01 4.5133E-01 4.4344E-01 4.1755E-01 2.9050E-01
2.6140E-02 3.2264E-02 3.7943E-02 4.1850E-02 4.5447E-02 4.8650E-02 5.1376E-02 5.3627E-02 5.5374E-02 5.6624E-02 6.2601E-02 6.9719E-02 7.8652E-02 8.9043E-02 1.0152E-01 1.1245E-01 1.2750E-01 1.4244E-01 1.5487E-01 1.6787E-01 1.8404E-01 1.9583E-01 2.0358E-01 2.1319E-01 2.2435E-01 2.4169E-01 2.5522E-01 2.8423E-01 3.8714E-01 5.2893E-01 5.5722E-01 6.8167E-01 7.4843E-01 6.4938E-01 5.9050E-01 6.3948E-01 5.4821E-01 4.2806E-01 6.2823E-01 9.0598E-01 2.8344E+00 3.0065E+00 1.2072E+00 7.4472E-01 1.5857E+00 3.0671E+00 4.6067E+00 5.1949E+00 3.2800E+00 3.4315E+00 1.7264E+00 1.6575E+00 7.4834E-01 6.7030E-01 5.1672E-01 3.7792E-01 3.9583E-01
