20231023_webinar_progetto_murano/refs/data_input_report_tx_finale/lapost_grid_hbd_npr/pct24h98.grd
ncols        81
nrows        81
xllcorner      7.602250000E+05
yllcorner      5.036725000E+06
cellsize      5.000000000E+01
nodata_value         -9
[rows 50 to 74 of 81, columns 0 to 56 of 81]
3.7448E-02 4.6250E-02 5.4583E-02 6.2122E-02 6.8734E-02 7.4334E-02 7.8760E-02 8.2752E-02 8.6512E-02 9.0425E-02 9.4615E-02 9.9133E-02 1.0414E-01 1.1073E-01 1.2347E-01 1.3949E-01 1.5931E-01 1.8086E-01 1.8431E-01 1.8184E-01 1.8075E-01 1.9483E-01 2.0652E-01 2.0735E-01 2.6023E-01 3.3509E-01 3.9733E-01 4.5721E-01 5.2480E-01 5.3263E-01 6.3322E-01 8.0940E-01 9.0270E-01 1.0869E+00 1.2371E+00 1.1493E+00 1.0345E+00 9.1459E-01 9.0196E-01 9.7267E-01 8.6897E-01 8.7513E-01 7.8195E-01 7.4765E-01 7.4740E-01 7.3697E-01 6.8558E-01 6.1412E-01 6.0171E-01 5.4650E-01 5.0122E-01 4.6905E-01 4.4833E-01 4.3366E-01 4.2062E-01 4.0202E-01 3.6092E-01
3.7792E-02 4.6610E-02 5.4995E-02 6.2609E-02 6.9286E-02 7.4995E-02 7.9602E-02 8.3634E-02 8.7164E-02 9.0454E-02 9.3694E-02 9.9556E-02 1.0903E-01 1.2059E-01 1.3566E-01 1.5469E-01 1.5941E-01 1.5663E-01 1.5700E-01 1.6625E-01 1.7036E-01 1.7622E-01 1.8087E-01 2.1316E-01 2.7227E-01 3.0796E-01 3.5038E-01 4.0018E-01 4.4036E-01 4.8803E-01 5.9468E-01 7.5057E-01 7.8329E-01 9.5420E-01 1.0126E+00 9.7810E-01 9.1726E-01 8.3856E-01 7.9066E-01 8.4252E-01 7.8292E-01 7.6195E-01 7.1498E-01 6.9086E-01 6.9062E-01 6.8029E-01 6.3983E-01 5.8346E-01 5.2822E-01 5.3040E-01 4.5886E-01 4.2882E-01 4.0924E-01 3.9904E-01 3.9546E-01 3.7175E-01 3.3634E-01
3.7781E-02 4.6527E-02 5.4795E-02 6.2232E-02 6.8644E-02 7.4065E-02 7.8457E-02 8.2176E-02 8.5168E-02 8.7530E-02 9.5555E-02 1.0539E-01 1.1635E-01 1.2959E-01 1.4236E-01 1.4142E-01 1.3834E-01 1.4928E-01 1.5790E-01 1.6022E-01 1.5732E-01 1.6626E-01 1.8882E-01 2.2992E-01 2.5105E-01 2.8572E-01 3.3090E-01 3.8032E-01 4.2895E-01 4.6806E-01 5.7780E-01 6.8589E-01 6.6081E-01 8.3217E-01 8.5775E-01 8.4036E-01 8.2728E-01 7.6730E-01 7.3556E-01 7.3681E-01 7.2954E-01 7.0111E-01 6.6317E-01 6.4791E-01 6.4752E-01 6.3602E-01 6.0176E-01 5.5288E-01 4.9553E-01 4.7150E-01 4.6620E-01 3.9219E-01 3.7452E-01 3.6694E-01 3.6664E-01 3.5134E-01 3.1771E-01
3.7012E-02 4.5501E-02 5.3455E-02 6.0503E-02 6.6429E-02 7.1299E-02 7.5179E-02 7.8330E-02 8.1972E-02 8.9907E-02 9.9222E-02 1.1044E-01 1.2317E-01 1.2370E-01 1.2323E-01 1.3079E-01 1.3881E-01 1.4727E-01 1.5210E-01 1.5044E-01 1.5436E-01 1.7583E-01 1.9863E-01 2.1910E-01 2.5397E-01 2.8672E-01 3.3620E-01 3.8002E-01 4.2425E-01 4.5971E-01 5.5115E-01 6.0364E-01 5.9500E-01 7.4131E-01 7.4918E-01 7.4319E-01 7.6356E-01 7.1332E-01 6.8769E-01 6.8328E-01 6.8078E-01 6.5912E-01 6.3059E-01 6.1593E-01 6.1252E-01 5.9853E-01 5.6958E-01 5.2534E-01 4.7312E-01 4.2639E-01 4.2141E-01 3.9934E-01 3.4458E-01 3.3831E-01 3.3834E-01 3.3586E-01 3.0352E-01
3.5476E-02 4.3484E-02 5.0896E-02 5.7345E-02 6.2621E-02 6.6796E-02 7.0284E-02 7.7374E-02 8.4963E-02 9.3566E-02 1.0384E-01 1.0787E-01 1.1468E-01 1.2066E-01 1.2560E-01 1.3034E-01 1.3370E-01 1.3738E-01 1.3912E-01 1.4651E-01 1.6327E-01 1.8351E-01 2.0322E-01 2.2000E-01 2.3643E-01 2.7215E-01 3.2609E-01 3.7719E-01 4.1204E-01 4.5023E-01 5.2301E-01 5.3811E-01 5.5119E-01 6.7601E-01 6.8994E-01 6.7485E-01 6.9299E-01 6.8016E-01 6.5447E-01 6.4242E-01 6.1404E-01 6.2087E-01 6.0079E-01 5.8775E-01 5.8111E-01 5.6682E-01 5.3888E-01 4.9801E-01 4.5367E-01 4.1260E-01 3.7759E-01 3.8180E-01 3.4762E-01 3.1230E-01 3.1191E-01 3.1355E-01 2.9158E-01
3.3331E-02 4.0674E-02 4.7381E-02 5.3105E-02 5.9287E-02 6.6214E-02 7.3229E-02 8.0849E-02 8.9141E-02 9.3454E-02 1.0074E-01 1.0943E-01 1.1675E-01 1.2164E-01 1.2569E-01 1.2736E-01 1.2535E-01 1.2965E-01 1.4217E-01 1.5523E-01 1.7043E-01 1.7725E-01 1.9640E-01 2.1774E-01 2.2803E-01 2.6565E-01 3.1505E-01 3.6242E-01 3.9523E-01 4.3959E-01 4.9431E-01 4.9300E-01 5.2111E-01 6.2735E-01 6.3476E-01 6.2865E-01 6.1966E-01 6.5067E-01 6.2676E-01 6.1266E-01 5.6324E-01 5.7192E-01 5.6978E-01 5.5992E-01 5.5228E-01 5.3808E-01 5.1145E-01 4.7408E-01 4.3502E-01 3.9718E-01 3.6120E-01 3.4549E-01 3.4488E-01 3.0311E-01 2.8686E-01 2.8851E-01 2.8036E-01
3.3025E-02 4.0512E-02 4.7570E-02 5.4479E-02 6.1573E-02 6.9071E-02 7.6612E-02 8.1271E-02 8.8934E-02 9.6665E-02 1.0429E-01 1.1110E-01 1.1715E-01 1.2147E-01 1.2217E-01 1.1963E-01 1.2218E-01 1.3601E-01 1.4938E-01 1.6178E-01 1.6101E-01 1.7489E-01 1.9991E-01 2.1057E-01 2.1996E-01 2.6175E-01 3.0777E-01 3.4894E-01 3.8445E-01 4.2794E-01 4.6612E-01 4.5744E-01 4.9344E-01 5.8469E-01 5.9382E-01 5.9206E-01 5.6106E-01 6.1847E-01 5.9995E-01 5.8498E-01 5.3732E-01 5.2096E-01 5.2422E-01 5.2027E-01 5.1699E-01 5.1253E-01 4.8863E-01 4.5497E-01 4.1749E-01 3.7993E-01 3.4447E-01 3.1514E-01 3.1213E-01 3.0855E-01 2.6843E-01 2.6698E-01 2.6863E-01
3.4060E-02 4.1857E-02 4.9818E-02 5.7975E-02 6.5086E-02 7.2496E-02 7.9432E-02 8.6594E-02 9.3587E-02 9.9966E-02 1.0567E-01 1.1121E-01 1.1640E-01 1.1918E-01 1.1566E-01 1.1444E-01 1.2709E-01 1.4107E-01 1.5394E-01 1.5284E-01 1.6368E-01 1.8383E-01 1.9312E-01 1.9979E-01 2.2143E-01 2.5693E-01 2.9786E-01 3.3215E-01 3.8975E-01 4.1689E-01 4.4432E-01 4.3178E-01 4.6765E-01 5.3911E-01 5.6121E-01 5.6106E-01 5.2794E-01 5.6137E-01 5.7328E-01 5.5681E-01 5.2213E-01 4.8201E-01 4.8406E-01 4.8379E-01 4.8475E-01 4.8588E-01 4.6962E-01 4.3833E-01 4.0095E-01 3.6381E-01 3.2971E-01 3.0221E-01 2.8064E-01 2.8022E-01 2.7452E-01 2.5505E-01 2.5356E-01
3.5320E-02 4.5024E-02 5.2228E-02 5.9778E-02 6.7914E-02 7.6308E-02 8.3197E-02 8.9539E-02 9.6083E-02 1.0116E-01 1.0456E-01 1.0818E-01 1.1106E-01 1.1043E-01 1.0743E-01 1.1840E-01 1.3098E-01 1.4407E-01 1.4596E-01 1.4275E-01 1.6193E-01 1.8037E-01 1.8437E-01 1.8830E-01 2.1534E-01 2.4907E-01 2.8669E-01 3.3963E-01 3.9033E-01 4.0800E-01 4.2262E-01 4.1186E-01 4.4443E-01 4.9594E-01 5.2740E-01 5.2923E-01 5.0400E-01 5.1868E-01 5.4526E-01 5.2434E-01 5.0297E-01 4.6237E-01 4.4971E-01 4.5169E-01 4.5495E-01 4.5806E-01 4.4951E-01 4.2051E-01 3.8609E-01 3.5152E-01 3.1956E-01 2.9312E-01 2.7224E-01 2.6393E-01 2.5741E-01 2.4899E-01 2.4107E-01
3.6823E-02 4.5730E-02 5.4478E-02 6.3137E-02 7.1686E-02 8.0339E-02 8.5046E-02 9.0292E-02 9.5425E-02 9.8573E-02 9.9283E-02 9.9874E-02 9.9894E-02 1.0003E-01 1.0958E-01 1.2031E-01 1.3216E-01 1.3620E-01 1.2999E-01 1.4121E-01 1.6790E-01 1.7191E-01 1.7461E-01 1.8110E-01 2.0603E-01 2.3902E-01 2.9236E-01 3.4728E-01 3.8879E-01 3.9641E-01 3.9985E-01 3.9442E-01 4.2307E-01 4.6111E-01 4.9357E-01 4.9793E-01 4.9001E-01 5.0565E-01 5.1392E-01 5.0594E-01 4.8061E-01 4.4213E-01 4.2341E-01 4.2261E-01 4.2596E-01 4.2899E-01 4.2905E-01 4.0271E-01 3.7201E-01 3.4063E-01 3.1085E-01 2.8507E-01 2.6382E-01 2.5701E-01 2.5163E-01 2.4530E-01 2.2543E-01
3.8655E-02 4.8195E-02 5.7657E-02 6.6954E-02 7.5727E-02 8.1462E-02 8.5503E-02 8.9364E-02 9.1943E-02 9.2718E-02 9.0904E-02 8.8425E-02 9.4256E-02 1.0242E-01 1.1106E-01 1.2044E-01 1.2352E-01 1.2220E-01 1.2281E-01 1.4640E-01 1.5958E-01 1.6267E-01 1.6521E-01 1.7497E-01 2.0055E-01 2.4533E-01 2.9902E-01 3.5026E-01 3.8175E-01 3.8348E-01 3.8256E-01 3.7999E-01 4.0108E-01 4.3133E-01 4.6256E-01 4.6832E-01 4.7678E-01 4.8953E-01 4.9367E-01 4.8255E-01 4.5506E-01 4.2837E-01 4.1540E-01 3.9791E-01 3.9745E-01 4.0009E-01 4.0295E-01 3.8479E-01 3.5733E-01 3.2904E-01 3.0100E-01 2.7561E-01 2.5564E-01 2.5069E-01 2.4636E-01 2.4148E-01 2.1706E-01
4.0910E-02 5.1033E-02 6.1095E-02 7.0622E-02 7.6433E-02 8.0511E-02 8.4163E-02 8.6229E-02 8.5984E-02 8.4695E-02 8.4662E-02 9.0616E-02 9.7069E-02 1.0429E-01 1.0675E-01 1.1011E-01 1.1217E-01 1.1395E-01 1.2723E-01 1.4727E-01 1.5081E-01 1.5365E-01 1.5613E-01 1.7573E-01 2.0767E-01 2.5326E-01 3.0461E-01 3.5092E-01 3.7014E-01 3.7156E-01 3.6897E-01 3.6775E-01 3.7926E-01 4.0561E-01 4.3479E-01 4.4730E-01 4.6082E-01 4.7236E-01 4.6959E-01 4.5471E-01 4.2995E-01 4.1483E-01 4.0442E-01 3.8849E-01 3.7118E-01 3.7398E-01 3.7761E-01 3.6738E-01 3.4250E-01 3.1673E-01 2.9021E-01 2.6544E-01 2.4855E-01 2.4410E-01 2.4061E-01 2.3704E-01 2.2357E-01
4.2017E-02 5.3884E-02 6.4143E-02 7.1372E-02 7.4980E-02 7.7689E-02 8.0110E-02 8.0092E-02 7.7485E-02 8.2845E-02 8.8802E-02 9.4004E-02 9.2970E-02 9.3229E-02 9.5359E-02 9.8615E-02 1.0192E-01 1.1145E-01 1.3142E-01 1.3878E-01 1.4185E-01 1.4451E-01 1.5847E-01 1.8131E-01 2.1541E-01 2.6112E-01 3.0950E-01 3.4797E-01 3.5819E-01 3.6021E-01 3.5763E-01 3.5879E-01 3.7358E-01 3.9458E-01 4.1277E-01 4.2928E-01 4.4398E-01 4.4960E-01 4.4700E-01 4.1263E-01 4.0482E-01 4.0047E-01 3.9145E-01 3.7715E-01 3.6048E-01 3.5085E-01 3.5539E-01 3.5205E-01 3.2856E-01 3.0396E-01 2.7874E-01 2.5513E-01 2.4144E-01 2.3726E-01 2.3427E-01 2.3149E-01 2.2820E-01
4.1844E-02 5.4851E-02 6.4115E-02 6.9743E-02 7.2669E-02 7.3868E-02 7.3865E-02 7.2708E-02 8.0261E-02 8.6902E-02 8.5376E-02 8.3365E-02 8.2336E-02 8.2718E-02 8.4780E-02 9.0896E-02 9.9007E-02 1.1347E-01 1.2621E-01 1.2955E-01 1.3223E-01 1.4120E-01 1.6124E-01 1.8597E-01 2.2181E-01 2.6663E-01 3.1012E-01 3.3620E-01 3.4536E-01 3.4807E-01 3.4852E-01 3.5288E-01 3.6841E-01 3.7616E-01 3.9839E-01 4.1449E-01 4.2458E-01 4.2810E-01 4.2124E-01 3.8893E-01 3.8923E-01 3.8553E-01 3.7752E-01 3.6492E-01 3.5002E-01 3.3532E-01 3.3510E-01 3.3780E-01 3.1523E-01 2.9168E-01 2.6790E-01 2.4547E-01 2.3427E-01 2.3054E-01 2.2794E-01 2.2575E-01 2.2376E-01
4.1154E-02 5.3795E-02 6.2240E-02 6.6965E-02 6.9112E-02 6.8980E-02 6.8739E-02 7.6219E-02 8.0247E-02 7.8002E-02 7.5576E-02 7.3709E-02 7.2870E-02 7.8442E-02 8.2264E-02 8.8359E-02 9.6475E-02 1.1361E-01 1.1717E-01 1.1974E-01 1.2335E-01 1.3975E-01 1.6036E-01 1.8741E-01 2.2444E-01 2.6754E-01 3.0589E-01 3.2370E-01 3.3170E-01 3.3440E-01 3.3847E-01 3.4581E-01 3.6049E-01 3.5391E-01 3.7936E-01 3.9492E-01 4.0372E-01 4.0843E-01 3.9817E-01 3.7399E-01 3.7150E-01 3.7073E-01 3.6402E-01 3.5309E-01 3.3999E-01 3.2670E-01 3.1630E-01 3.1928E-01 3.0352E-01 2.8109E-01 2.5855E-01 2.3691E-01 2.2680E-01 2.2368E-01 2.2169E-01 2.2058E-01 2.2005E-01
4.0127E-02 5.1833E-02 5.9200E-02 6.2881E-02 6.3911E-02 6.6095E-02 7.2574E-02 7.3615E-02 7.1467E-02 6.9208E-02 6.7100E-02 6.8564E-02 7.3146E-02 7.5533E-02 8.2790E-02 8.5871E-02 9.6320E-02 1.0622E-01 1.0839E-01 1.1034E-01 1.1582E-01 1.3688E-01 1.5860E-01 1.8734E-01 2.2470E-01 2.6566E-01 2.9622E-01 3.0980E-01 3.1718E-01 3.1997E-01 3.2799E-01 3.3763E-01 3.5167E-01 3.3858E-01 3.5834E-01 3.7440E-01 3.8364E-01 3.8889E-01 3.7685E-01 3.5856E-01 3.4403E-01 3.5532E-01 3.4970E-01 3.4045E-01 3.2934E-01 3.1741E-01 3.0363E-01 3.0072E-01 2.9318E-01 2.7144E-01 2.4962E-01 2.3169E-01 2.1980E-01 2.1769E-01 2.1660E-01 2.1665E-01 2.1759E-01
3.8992E-02 4.9527E-02 5.5145E-02 5.7472E-02 6.3787E-02 6.8137E-02 6.7104E-02 6.5229E-02 6.3232E-02 6.1349E-02 6.5210E-02 6.7943E-02 6.9975E-02 7.8007E-02 8.0859E-02 8.3531E-02 9.6989E-02 9.8981E-02 1.0060E-01 1.0195E-01 1.1375E-01 1.3410E-01 1.5701E-01 1.8685E-01 2.2363E-01 2.6176E-01 2.8157E-01 2.9471E-01 3.0214E-01 3.0573E-01 3.1797E-01 3.2826E-01 3.3994E-01 3.2575E-01 3.3839E-01 3.5444E-01 3.6430E-01 3.7028E-01 3.5622E-01 3.4270E-01 3.2584E-01 3.4011E-01 3.3545E-01 3.2765E-01 3.1803E-01 3.0704E-01 2.9429E-01 2.8349E-01 2.8354E-01 2.6229E-01 2.4115E-01 2.2693E-01 2.1264E-01 2.1185E-01 2.1176E-01 2.1259E-01 2.1424E-01
3.6734E-02 4.5745E-02 5.4372E-02 5.9616E-02 6.0922E-02 6.0674E-02 5.9555E-02 5.7925E-02 5.8303E-02 6.2574E-02 6.3473E-02 6.5148E-02 7.2625E-02 7.6598E-02 7.8333E-02 8.5303E-02 9.1454E-02 9.2922E-02 9.4035E-02 9.4878E-02 1.1292E-01 1.3326E-01 1.5757E-01 1.8835E-01 2.2410E-01 2.5230E-01 2.6811E-01 2.8063E-01 2.8852E-01 2.9322E-01 3.1036E-01 3.2069E-01 3.2545E-01 3.1321E-01 3.2063E-01 3.3649E-01 3.4687E-01 3.5366E-01 3.3612E-01 3.2814E-01 3.1778E-01 3.1469E-01 3.2296E-01 3.1582E-01 3.0671E-01 2.9613E-01 2.8418E-01 2.7101E-01 2.6888E-01 2.5351E-01 2.3337E-01 2.2178E-01 2.0790E-01 2.0579E-01 2.0651E-01 2.0777E-01 2.0976E-01
3.7547E-02 4.5595E-02 5.0566E-02 5.3305E-02 5.4230E-02 5.3938E-02 5.3420E-02 5.6616E-02 5.9378E-02 5.9231E-02 6.0726E-02 6.7027E-02 7.2861E-02 7.4527E-02 7.5593E-02 8.5396E-02 8.6730E-02 8.7737E-02 8.8367E-02 9.4932E-02 1.1357E-01 1.3445E-01 1.6026E-01 1.9169E-01 2.2379E-01 2.4161E-01 2.5653E-01 2.6874E-01 2.7694E-01 2.8230E-01 3.0412E-01 3.1410E-01 3.1237E-01 3.0174E-01 3.0482E-01 3.2035E-01 3.3088E-01 3.3810E-01 3.2162E-01 3.1563E-01 3.0825E-01 2.9801E-01 3.1121E-01 3.0483E-01 2.9568E-01 2.8548E-01 2.7433E-01 2.6225E-01 2.5435E-01 2.4416E-01 2.2753E-01 2.1636E-01 2.0286E-01 1.9952E-01 2.0084E-01 2.0229E-01 2.0440E-01
3.4266E-02 4.0534E-02 4.4909E-02 4.7337E-02 4.8249E-02 5.0734E-02 5.4365E-02 5.5207E-02 5.6674E-02 5.7781E-02 6.1898E-02 6.8304E-02 7.1164E-02 7.1939E-02 7.7665E-02 8.1510E-02 8.2491E-02 8.3039E-02 8.3168E-02 9.6529E-02 1.1504E-01 1.3683E-01 1.6405E-01 1.9538E-01 2.1517E-01 2.3217E-01 2.4673E-01 2.5875E-01 2.6685E-01 2.7556E-01 2.9570E-01 3.0419E-01 3.0108E-01 2.9160E-01 2.9075E-01 3.0582E-01 3.1618E-01 3.1970E-01 3.1246E-01 3.0473E-01 2.9863E-01 2.8896E-01 2.8746E-01 2.9368E-01 2.8457E-01 2.7495E-01 2.6457E-01 2.5345E-01 2.4116E-01 2.3449E-01 2.2122E-01 2.1047E-01 1.9738E-01 1.9262E-01 1.9445E-01 1.9614E-01 1.9839E-01
3.0209E-02 3.5749E-02 3.9737E-02 4.3690E-02 4.8419E-02 5.0604E-02 5.2961E-02 5.4728E-02 5.6044E-02 5.7059E-02 6.2554E-02 6.8233E-02 6.8955E-02 6.8956E-02 7.6760E-02 7.7727E-02 7.8426E-02 7.8622E-02 8.2148E-02 9.8663E-02 1.1721E-01 1.3986E-01 1.6781E-01 1.9235E-01 2.0727E-01 2.2348E-01 2.3769E-01 2.4942E-01 2.5729E-01 2.6844E-01 2.8646E-01 2.9371E-01 2.9074E-01 2.8216E-01 2.7984E-01 2.9208E-01 3.0210E-01 3.0343E-01 3.0125E-01 2.9455E-01 2.8978E-01 2.8064E-01 2.7061E-01 2.8217E-01 2.7315E-01 2.6409E-01 2.5443E-01 2.4428E-01 2.3314E-01 2.2488E-01 2.1458E-01 2.0425E-01 1.9162E-01 1.8511E-01 1.8743E-01 1.8939E-01 1.9178E-01
2.8542E-02 3.3996E-02 3.9241E-02 4.3980E-02 4.7332E-02 5.0260E-02 5.2472E-02 5.4104E-02 5.5305E-02 5.7203E-02 6.2745E-02 6.6283E-02 6.6305E-02 7.0428E-02 7.3157E-02 7.3964E-02 7.4408E-02 7.4314E-02 8.4098E-02 1.0072E-01 1.1971E-01 1.4307E-01 1.7079E-01 1.8599E-01 1.9966E-01 2.1463E-01 2.2797E-01 2.3925E-01 2.4715E-01 2.6055E-01 2.7638E-01 2.8265E-01 2.8020E-01 2.7280E-01 2.7018E-01 2.8124E-01 2.8990E-01 2.9489E-01 2.8636E-01 2.8328E-01 2.8179E-01 2.7272E-01 2.6256E-01 2.6144E-01 2.6145E-01 2.5285E-01 2.4386E-01 2.3461E-01 2.2455E-01 2.1481E-01 2.0708E-01 1.9712E-01 1.8504E-01 1.7711E-01 1.7994E-01 1.8220E-01 1.8472E-01
2.8419E-02 3.4388E-02 3.9300E-02 4.3242E-02 4.6844E-02 4.9648E-02 5.1745E-02 5.3278E-02 5.4401E-02 5.6917E-02 6.2476E-02 6.3796E-02 6.3243E-02 6.8542E-02 6.9620E-02 7.0278E-02 7.0517E-02 7.3982E-02 8.5406E-02 1.0251E-01 1.2236E-01 1.4635E-01 1.6840E-01 1.7942E-01 1.9170E-01 2.0513E-01 2.1725E-01 2.2805E-01 2.3620E-01 2.5187E-01 2.6569E-01 2.7113E-01 2.6923E-01 2.6305E-01 2.5976E-01 2.7124E-01 2.8008E-01 2.8207E-01 2.7031E-01 2.7120E-01 2.7193E-01 2.6401E-01 2.5362E-01 2.4195E-01 2.4871E-01 2.4048E-01 2.3211E-01 2.2371E-01 2.1471E-01 2.0557E-01 1.9842E-01 1.8887E-01 1.7742E-01 1.6909E-01 1.7250E-01 1.7510E-01 1.7763E-01
2.8367E-02 3.3735E-02 3.8269E-02 4.2539E-02 4.6019E-02 4.8713E-02 5.0724E-02 5.2191E-02 5.3267E-02 5.6208E-02 6.1461E-02 6.0887E-02 6.4182E-02 6.5263E-02 6.6195E-02 6.6673E-02 6.7292E-02 7.4694E-02 8.6411E-02 1.0405E-01 1.2489E-01 1.4933E-01 1.6228E-01 1.7209E-01 1.8285E-01 1.9456E-01 2.0522E-01 2.1528E-01 2.2412E-01 2.4272E-01 2.5501E-01 2.5983E-01 2.5831E-01 2.5305E-01 2.4946E-01 2.6043E-01 2.6501E-01 2.6602E-01 2.5679E-01 2.5815E-01 2.5779E-01 2.5397E-01 2.4348E-01 2.3185E-01 2.3504E-01 2.2732E-01 2.1953E-01 2.1180E-01 2.0371E-01 1.9501E-01 1.8833E-01 1.7918E-01 1.6838E-01 1.6057E-01 1.6473E-01 1.6779E-01 1.7045E-01
2.7413E-02 3.2564E-02 3.7323E-02 4.1441E-02 4.4787E-02 4.7374E-02 4.9311E-02 5.0733E-02 5.1781E-02 5.5022E-02 5.8486E-02 5.9587E-02 6.0986E-02 6.1963E-02 6.2729E-02 6.3027E-02 6.6782E-02 7.5460E-02 8.7541E-02 1.0552E-01 1.2706E-01 1.4686E-01 1.5531E-01 1.6391E-01 1.7314E-01 1.8300E-01 1.9201E-01 2.0103E-01 2.1578E-01 2.3277E-01 2.4385E-01 2.4817E-01 2.4690E-01 2.4231E-01 2.3870E-01 2.4895E-01 2.4652E-01 2.4767E-01 2.4410E-01 2.4443E-01 2.4282E-01 2.3927E-01 2.3180E-01 2.2038E-01 2.1660E-01 2.1317E-01 2.0589E-01 1.9873E-01 1.9140E-01 1.8344E-01 1.7658E-01 1.6792E-01 1.5796E-01 1.5100E-01 1.5602E-01 1.5991E-01 1.6304E-01
