20231023_webinar_progetto_murano/data_input/grd_f3_sc_1/Maximum_24h.grd
DSAA
          81           81
 760250.0000  764250.0000
5036750.0000 5040750.0000
  0.3017E-01   0.2887E+02
[rows 0 to 24 of 81, columns 0 to 56 of 81]
3.0174E-02 3.4559E-02 3.6567E-02 3.9643E-02 5.2443E-02 6.0909E-02 6.2512E-02 5.8192E-02 5.0476E-02 4.1200E-02 5.0966E-02 6.0396E-02 6.6179E-02 6.8931E-02 7.1555E-02 7.7202E-02 8.4974E-02 8.9437E-02 8.5610E-02 6.8131E-02 5.7164E-02 5.7938E-02 5.7635E-02 6.3618E-02 7.3487E-02 8.5067E-02 9.8457E-02 1.1435E-01 1.2494E-01 1.2838E-01 1.2879E-01 1.2588E-01 1.1729E-01 1.1749E-01 1.3309E-01 1.3833E-01 1.6539E-01 1.6377E-01 1.8717E-01 1.9251E-01 1.6122E-01 2.1607E-01 3.1879E-01 4.1577E-01 4.1062E-01 3.0055E-01 2.7929E-01 2.4091E-01 2.4104E-01 2.2590E-01 1.9968E-01 1.7520E-01 1.6368E-01 1.7315E-01 1.6292E-01 1.1825E-01 1.1456E-01
3.8200E-02 4.3942E-02 4.6706E-02 5.0257E-02 6.5887E-02 8.2262E-02 8.9530E-02 8.5996E-02 7.5160E-02 6.1317E-02 6.2026E-02 7.5925E-02 8.7564E-02 9.3801E-02 9.5505E-02 9.8304E-02 1.0582E-01 1.1432E-01 1.1471E-01 9.7563E-02 7.4740E-02 7.7294E-02 7.7852E-02 7.9448E-02 9.0572E-02 1.0532E-01 1.2177E-01 1.4014E-01 1.5305E-01 1.6044E-01 1.6420E-01 1.6141E-01 1.5056E-01 1.5148E-01 1.7921E-01 1.7935E-01 2.1956E-01 2.1905E-01 2.5132E-01 2.6944E-01 2.2517E-01 3.0792E-01 4.5268E-01 5.7131E-01 5.5295E-01 4.0099E-01 3.6465E-01 3.0671E-01 3.0166E-01 2.8324E-01 2.5170E-01 2.2047E-01 2.1526E-01 2.2638E-01 2.0284E-01 1.4596E-01 1.4915E-01
4.4725E-02 5.1999E-02 5.5939E-02 5.6857E-02 6.8662E-02 9.2781E-02 1.0863E-01 1.1009E-01 9.8936E-02 8.2247E-02 6.6636E-02 8.2188E-02 1.0022E-01 1.1024E-01 1.1100E-01 1.1054E-01 1.1591E-01 1.2610E-01 1.3247E-01 1.2221E-01 9.3502E-02 8.5179E-02 9.2124E-02 9.1970E-02 1.0356E-01 1.1955E-01 1.3798E-01 1.5949E-01 1.7665E-01 1.8963E-01 1.9811E-01 1.9632E-01 1.8346E-01 1.6336E-01 2.0207E-01 2.0973E-01 2.5608E-01 2.5741E-01 2.8767E-01 3.1793E-01 2.6506E-01 3.6633E-01 5.1080E-01 6.1878E-01 5.8297E-01 4.7948E-01 4.2947E-01 3.5691E-01 3.5348E-01 3.3040E-01 2.9549E-01 2.6012E-01 2.3477E-01 2.4956E-01 2.1383E-01 1.6962E-01 1.7857E-01
4.8774E-02 5.7766E-02 6.3368E-02 6.5733E-02 6.5179E-02 8.7159E-02 1.1126E-01 1.2363E-01 1.2056E-01 1.0606E-01 8.7750E-02 8.3532E-02 1.0488E-01 1.1755E-01 1.2051E-01 1.2072E-01 1.2382E-01 1.3249E-01 1.4160E-01 1.4100E-01 1.1917E-01 9.2120E-02 9.1924E-02 1.0101E-01 1.1303E-01 1.2960E-01 1.5002E-01 1.7561E-01 1.9964E-01 2.1820E-01 2.2910E-01 2.2752E-01 2.1376E-01 1.9162E-01 1.9953E-01 2.2986E-01 2.8080E-01 2.8435E-01 3.1349E-01 3.4785E-01 2.9112E-01 3.9537E-01 5.4679E-01 6.4934E-01 5.8289E-01 5.3206E-01 4.6953E-01 3.9669E-01 3.9949E-01 3.7019E-01 3.3003E-01 2.9114E-01 2.5512E-01 2.5299E-01 2.0359E-01 1.8840E-01 2.0199E-01
5.0214E-02 6.0984E-02 6.8516E-02 7.2772E-02 7.3793E-02 7.1491E-02 9.7345E-02 1.2127E-01 1.3243E-01 1.2711E-01 1.1028E-01 8.8800E-02 9.9056E-02 1.1719E-01 1.2620E-01 1.2863E-01 1.2961E-01 1.3440E-01 1.4306E-01 1.5139E-01 1.4281E-01 1.0670E-01 9.8800E-02 1.0821E-01 1.2079E-01 1.3983E-01 1.6293E-01 1.9042E-01 2.1857E-01 2.4197E-01 2.5557E-01 2.5511E-01 2.4216E-01 2.1874E-01 1.9375E-01 2.4237E-01 2.9864E-01 3.0284E-01 3.2823E-01 3.7446E-01 3.1680E-01 4.1336E-01 5.9605E-01 7.1342E-01 6.2230E-01 5.6867E-01 4.9554E-01 4.3944E-01 4.3700E-01 4.0420E-01 3.6026E-01 3.1732E-01 2.7854E-01 2.4790E-01 2.2178E-01 2.0657E-01 2.2325E-01
5.5779E-02 6.1725E-02 7.1133E-02 7.7466E-02 8.0431E-02 7.9507E-02 7.5098E-02 1.0496E-01 1.2957E-01 1.3944E-01 1.3149E-01 1.0905E-01 8.4319E-02 1.0852E-01 1.2479E-01 1.3217E-01 1.3413E-01 1.3597E-01 1.4245E-01 1.5541E-01 1.6119E-01 1.3649E-01 1.0491E-01 1.1572E-01 1.2939E-01 1.4988E-01 1.7323E-01 2.0272E-01 2.3418E-01 2.6134E-01 2.7882E-01 2.8167E-01 2.7009E-01 2.4547E-01 2.1499E-01 2.4599E-01 3.0772E-01 3.1613E-01 3.3190E-01 3.9239E-01 3.3857E-01 4.2643E-01 6.3401E-01 7.8183E-01 6.8330E-01 5.9779E-01 5.1560E-01 4.7605E-01 4.6995E-01 4.3214E-01 3.8280E-01 3.3727E-01 2.9980E-01 2.6712E-01 2.4051E-01 2.3104E-01 2.4270E-01
8.7769E-02 9.8277E-02 8.5305E-02 7.9327E-02 8.4518E-02 8.5384E-02 8.2208E-02 8.2932E-02 1.1412E-01 1.4109E-01 1.4908E-01 1.3337E-01 1.0414E-01 8.9677E-02 1.1401E-01 1.3074E-01 1.3858E-01 1.4278E-01 1.4748E-01 1.5765E-01 1.7204E-01 1.6541E-01 1.1963E-01 1.2284E-01 1.3616E-01 1.5527E-01 1.7884E-01 2.1148E-01 2.4589E-01 2.7588E-01 2.9777E-01 3.0543E-01 2.9559E-01 2.7046E-01 2.3780E-01 2.5670E-01 3.1490E-01 3.3135E-01 3.3441E-01 4.1083E-01 3.6476E-01 4.3695E-01 6.5322E-01 8.2974E-01 7.1895E-01 6.2233E-01 5.3144E-01 5.0979E-01 4.9856E-01 4.5472E-01 4.0052E-01 3.5177E-01 3.1315E-01 2.8188E-01 2.5582E-01 2.5039E-01 2.5773E-01
1.1784E-01 1.3950E-01 1.2744E-01 1.0002E-01 8.4994E-02 8.8044E-02 8.6808E-02 8.2745E-02 9.4182E-02 1.2650E-01 1.5363E-01 1.5692E-01 1.3593E-01 1.0579E-01 1.0051E-01 1.2445E-01 1.3938E-01 1.4903E-01 1.5585E-01 1.6150E-01 1.7341E-01 1.8023E-01 1.5152E-01 1.2869E-01 1.4249E-01 1.6142E-01 1.8615E-01 2.2069E-01 2.5675E-01 2.8924E-01 3.1506E-01 3.2557E-01 3.1866E-01 2.9547E-01 2.6124E-01 2.8175E-01 3.2336E-01 3.4390E-01 3.2602E-01 4.2645E-01 3.8657E-01 4.4988E-01 6.7984E-01 8.5783E-01 7.1762E-01 6.4713E-01 5.4559E-01 5.4224E-01 5.2508E-01 4.7776E-01 4.2173E-01 3.6900E-01 3.2507E-01 2.9290E-01 2.6693E-01 2.6952E-01 2.7020E-01
1.2401E-01 1.6335E-01 1.6648E-01 1.4574E-01 1.0905E-01 8.8545E-02 8.9277E-02 8.7694E-02 9.4407E-02 9.9536E-02 1.3938E-01 1.6846E-01 1.6851E-01 1.4116E-01 1.0572E-01 1.1262E-01 1.3313E-01 1.4737E-01 1.5925E-01 1.6449E-01 1.6806E-01 1.8220E-01 1.7991E-01 1.3418E-01 1.4661E-01 1.6712E-01 1.9240E-01 2.2777E-01 2.6623E-01 3.0168E-01 3.3152E-01 3.4560E-01 3.4195E-01 3.2039E-01 2.8486E-01 3.0258E-01 3.2509E-01 3.4794E-01 3.2382E-01 4.4261E-01 4.1110E-01 4.8373E-01 7.3822E-01 8.9220E-01 7.2941E-01 6.7470E-01 5.5999E-01 5.7262E-01 5.4911E-01 4.9926E-01 4.3993E-01 3.8423E-01 3.3785E-01 3.0325E-01 2.7565E-01 2.8362E-01 2.7737E-01
1.0545E-01 1.5762E-01 1.8770E-01 1.8750E-01 1.5748E-01 1.1359E-01 9.3202E-02 9.3717E-02 9.1261E-02 9.3464E-02 1.0873E-01 1.5554E-01 1.8402E-01 1.7706E-01 1.4188E-01 1.0116E-01 1.2160E-01 1.3931E-01 1.5247E-01 1.5894E-01 1.5960E-01 1.7120E-01 1.9263E-01 1.5231E-01 1.5000E-01 1.7275E-01 1.9824E-01 2.3227E-01 2.7289E-01 3.1273E-01 3.4562E-01 3.6572E-01 3.6671E-01 3.4640E-01 3.0923E-01 3.1650E-01 3.4391E-01 3.4761E-01 3.2391E-01 4.5818E-01 4.3167E-01 5.2852E-01 8.0507E-01 9.2830E-01 7.6999E-01 6.9944E-01 5.9013E-01 6.0335E-01 5.7518E-01 5.2081E-01 4.5471E-01 3.9584E-01 3.5008E-01 3.1297E-01 2.8815E-01 2.8733E-01 2.7471E-01
7.2874E-02 1.2222E-01 1.7089E-01 1.9944E-01 1.9541E-01 1.6621E-01 1.1892E-01 9.8605E-02 9.6945E-02 9.2916E-02 8.6072E-02 1.2001E-01 1.7146E-01 1.9694E-01 1.8048E-01 1.3621E-01 1.0736E-01 1.2963E-01 1.4516E-01 1.5489E-01 1.5977E-01 1.6738E-01 1.9127E-01 1.7714E-01 1.5335E-01 1.7745E-01 2.0293E-01 2.3617E-01 2.7800E-01 3.2063E-01 3.5695E-01 3.8365E-01 3.9116E-01 3.7493E-01 3.3680E-01 3.2325E-01 3.5432E-01 3.5533E-01 3.2929E-01 4.7892E-01 4.5209E-01 5.5354E-01 8.3747E-01 9.4108E-01 8.0740E-01 7.1908E-01 6.2044E-01 6.3162E-01 6.0010E-01 5.3861E-01 4.6884E-01 4.0954E-01 3.6244E-01 3.2329E-01 2.9588E-01 2.8361E-01 2.6410E-01
6.9901E-02 8.6374E-02 1.2083E-01 1.6962E-01 2.0032E-01 2.0603E-01 1.7559E-01 1.1973E-01 1.0470E-01 9.7628E-02 9.2552E-02 9.1030E-02 1.3441E-01 1.8669E-01 2.0497E-01 1.7886E-01 1.2906E-01 1.1707E-01 1.4426E-01 1.6416E-01 1.7438E-01 1.8274E-01 1.9829E-01 2.0028E-01 1.6198E-01 1.7976E-01 2.0629E-01 2.3962E-01 2.8109E-01 3.2599E-01 3.6858E-01 4.0108E-01 4.1547E-01 4.0571E-01 3.6917E-01 3.2690E-01 3.6504E-01 3.6985E-01 3.4069E-01 4.8684E-01 4.7389E-01 5.7686E-01 8.6877E-01 9.5715E-01 8.4780E-01 7.3946E-01 6.4489E-01 6.5471E-01 6.1710E-01 5.5088E-01 4.8239E-01 4.2389E-01 3.7391E-01 3.3377E-01 3.0592E-01 2.8474E-01 2.6726E-01
6.4484E-02 8.2160E-02 9.7801E-02 1.1963E-01 1.7540E-01 2.1396E-01 2.1371E-01 1.7345E-01 1.2216E-01 1.1226E-01 1.0477E-01 9.5954E-02 1.0444E-01 1.4746E-01 1.9853E-01 2.0831E-01 1.7236E-01 1.1956E-01 1.3503E-01 1.6655E-01 1.8454E-01 2.0063E-01 2.1052E-01 2.1038E-01 1.8388E-01 1.8042E-01 2.0891E-01 2.4215E-01 2.8135E-01 3.2656E-01 3.7450E-01 4.1535E-01 4.3995E-01 4.3793E-01 4.0537E-01 3.4839E-01 3.8764E-01 3.9718E-01 3.6308E-01 5.0237E-01 4.9890E-01 6.1501E-01 9.2819E-01 1.0014E+00 8.8304E-01 7.5004E-01 6.7780E-01 6.7792E-01 6.3243E-01 5.6427E-01 4.9426E-01 4.3373E-01 3.8336E-01 3.4279E-01 3.1319E-01 2.9162E-01 2.7607E-01
5.5824E-02 7.3972E-02 9.1410E-02 1.0663E-01 1.3305E-01 1.8486E-01 2.1328E-01 2.0897E-01 1.8194E-01 1.3293E-01 1.2124E-01 1.1315E-01 1.0337E-01 1.0691E-01 1.5999E-01 2.0877E-01 2.1020E-01 1.6322E-01 1.1872E-01 1.4736E-01 1.7520E-01 1.9993E-01 2.1214E-01 2.1088E-01 2.1301E-01 1.9490E-01 2.0813E-01 2.4126E-01 2.7992E-01 3.2495E-01 3.7538E-01 4.2534E-01 4.6261E-01 4.6944E-01 4.4255E-01 3.8349E-01 4.2305E-01 4.4067E-01 3.9984E-01 5.2170E-01 5.2220E-01 6.2885E-01 9.7021E-01 1.0292E+00 9.0614E-01 7.4674E-01 7.1539E-01 7.0154E-01 6.4751E-01 5.7780E-01 5.0692E-01 4.4481E-01 3.9361E-01 3.5199E-01 3.2204E-01 3.0157E-01 2.8542E-01
5.5309E-02 6.9493E-02 8.2213E-02 9.8052E-02 1.1375E-01 1.2605E-01 1.6911E-01 2.0667E-01 2.2127E-01 1.9618E-01 1.4453E-01 1.2998E-01 1.2165E-01 1.1190E-01 1.1130E-01 1.7642E-01 2.2751E-01 2.2147E-01 1.6597E-01 1.2196E-01 1.6209E-01 1.9422E-01 2.0994E-01 2.1239E-01 2.2652E-01 2.1716E-01 2.1568E-01 2.3886E-01 2.7677E-01 3.2347E-01 3.7843E-01 4.3501E-01 4.8160E-01 4.9903E-01 4.7906E-01 4.1968E-01 4.5692E-01 4.8585E-01 4.4037E-01 5.2257E-01 5.3658E-01 6.4295E-01 1.0127E+00 1.0528E+00 9.2576E-01 7.6206E-01 7.4403E-01 7.2302E-01 6.6208E-01 5.8934E-01 5.1947E-01 4.5842E-01 4.0545E-01 3.6230E-01 3.3197E-01 3.1130E-01 2.9490E-01
6.5752E-02 7.7386E-02 8.4284E-02 9.2740E-02 1.0284E-01 1.1853E-01 1.3236E-01 1.6608E-01 2.1348E-01 2.3266E-01 2.0986E-01 1.5114E-01 1.4016E-01 1.3309E-01 1.2496E-01 1.2130E-01 2.1004E-01 2.8441E-01 2.7061E-01 1.9077E-01 1.6638E-01 2.1554E-01 2.3208E-01 2.4733E-01 2.5236E-01 2.5437E-01 2.4840E-01 2.3895E-01 2.7632E-01 3.2350E-01 3.8147E-01 4.4292E-01 4.9962E-01 5.2780E-01 5.1576E-01 4.6006E-01 4.8570E-01 5.2499E-01 4.7783E-01 5.3369E-01 5.5531E-01 6.6995E-01 1.1053E+00 1.1322E+00 9.4683E-01 8.0852E-01 7.7299E-01 7.4261E-01 6.7824E-01 6.0285E-01 5.3145E-01 4.6915E-01 4.1594E-01 3.7264E-01 3.4133E-01 3.2082E-01 3.0629E-01
7.3981E-02 8.8914E-02 9.7373E-02 9.9675E-02 9.7812E-02 1.0563E-01 1.2141E-01 1.3519E-01 1.7133E-01 2.2842E-01 2.5324E-01 2.2453E-01 1.5646E-01 1.5357E-01 1.4905E-01 1.4129E-01 1.4627E-01 2.8230E-01 3.5992E-01 3.0056E-01 1.8254E-01 2.3373E-01 2.7421E-01 3.0546E-01 3.1496E-01 3.1789E-01 2.7555E-01 2.7867E-01 2.7810E-01 3.2489E-01 3.8185E-01 4.4433E-01 5.0847E-01 5.5147E-01 5.5351E-01 5.0573E-01 5.1166E-01 5.5229E-01 5.0496E-01 5.4964E-01 5.9165E-01 6.9682E-01 1.1700E+00 1.1596E+00 9.7142E-01 8.5013E-01 7.9951E-01 7.6206E-01 6.9154E-01 6.1557E-01 5.4396E-01 4.7930E-01 4.2602E-01 3.8129E-01 3.5000E-01 3.3029E-01 3.1379E-01
7.6865E-02 9.4856E-02 1.0690E-01 1.1290E-01 1.1433E-01 1.1204E-01 1.0649E-01 1.2219E-01 1.3693E-01 1.7615E-01 2.5064E-01 2.7674E-01 2.2833E-01 1.7374E-01 1.7401E-01 1.6975E-01 1.6289E-01 1.8462E-01 3.2916E-01 3.7857E-01 2.7536E-01 2.0199E-01 2.8001E-01 3.2508E-01 3.2737E-01 3.3330E-01 3.1724E-01 3.1377E-01 2.9938E-01 3.2941E-01 3.8464E-01 4.4865E-01 5.1948E-01 5.7882E-01 5.9675E-01 5.5809E-01 5.1640E-01 5.5775E-01 5.1849E-01 5.6421E-01 6.2283E-01 7.6126E-01 1.2094E+00 1.1197E+00 1.0004E+00 8.9411E-01 8.3756E-01 7.8679E-01 7.0539E-01 6.2595E-01 5.5286E-01 4.8620E-01 4.3192E-01 3.8742E-01 3.5700E-01 3.3729E-01 3.1924E-01
7.8492E-02 9.8618E-02 1.1024E-01 1.1936E-01 1.2642E-01 1.2908E-01 1.2645E-01 1.1942E-01 1.2268E-01 1.3991E-01 1.8540E-01 2.5500E-01 2.6342E-01 2.2625E-01 1.9623E-01 1.9706E-01 1.9149E-01 1.7927E-01 1.9880E-01 3.6744E-01 3.9187E-01 2.7043E-01 2.3745E-01 3.0033E-01 3.2351E-01 3.6013E-01 3.5643E-01 3.3632E-01 3.4091E-01 3.3314E-01 3.8463E-01 4.4893E-01 5.2540E-01 5.9728E-01 6.3256E-01 6.0568E-01 5.1507E-01 5.4129E-01 5.2547E-01 5.7652E-01 6.5803E-01 8.1573E-01 1.2567E+00 1.1813E+00 1.0244E+00 9.3967E-01 8.7877E-01 8.1273E-01 7.1870E-01 6.3171E-01 5.5571E-01 4.8882E-01 4.3457E-01 3.9357E-01 3.6401E-01 3.4236E-01 3.3139E-01
1.0120E-01 1.2519E-01 1.3386E-01 1.3167E-01 1.2994E-01 1.3922E-01 1.4176E-01 1.3782E-01 1.2861E-01 1.2542E-01 1.4669E-01 1.6704E-01 2.2706E-01 2.7182E-01 2.4903E-01 2.2215E-01 2.2308E-01 2.1451E-01 1.9548E-01 2.4245E-01 4.0205E-01 3.8015E-01 2.3387E-01 2.3015E-01 3.0634E-01 3.7731E-01 3.7786E-01 3.3899E-01 3.6997E-01 3.4866E-01 3.8150E-01 4.4180E-01 5.2118E-01 6.0400E-01 6.5835E-01 6.4998E-01 5.6330E-01 5.4280E-01 5.7755E-01 5.8770E-01 6.8674E-01 8.3593E-01 1.3344E+00 1.2388E+00 1.0259E+00 9.9162E-01 9.1641E-01 8.3443E-01 7.2841E-01 6.3549E-01 5.5756E-01 4.9120E-01 4.3879E-01 4.0016E-01 3.7122E-01 3.7793E-01 3.4793E-01
1.2396E-01 1.6128E-01 1.7570E-01 1.6622E-01 1.4508E-01 1.3848E-01 1.4743E-01 1.4919E-01 1.4437E-01 1.3571E-01 1.3055E-01 1.5606E-01 1.8064E-01 2.4352E-01 3.0340E-01 2.9714E-01 2.5294E-01 2.5192E-01 2.3636E-01 2.0844E-01 2.6427E-01 4.0831E-01 3.5018E-01 2.0462E-01 2.8077E-01 3.4501E-01 3.5084E-01 3.1763E-01 3.8073E-01 3.8904E-01 3.7975E-01 4.3269E-01 5.1201E-01 6.0466E-01 6.8000E-01 6.9336E-01 6.1373E-01 5.8240E-01 6.3213E-01 6.0789E-01 7.3440E-01 9.0281E-01 1.4468E+00 1.2884E+00 1.0750E+00 1.0376E+00 9.5926E-01 8.5621E-01 7.3895E-01 6.4055E-01 5.6189E-01 4.9686E-01 4.4708E-01 4.0861E-01 4.0307E-01 3.9733E-01 3.3929E-01
1.3033E-01 1.8420E-01 2.1740E-01 2.1323E-01 1.8730E-01 1.6492E-01 1.4755E-01 1.4978E-01 1.5209E-01 1.5001E-01 1.4456E-01 1.3766E-01 1.6737E-01 1.9745E-01 2.6712E-01 3.5816E-01 3.3696E-01 2.8561E-01 2.7892E-01 2.5562E-01 2.2226E-01 2.8315E-01 3.8979E-01 3.2389E-01 2.4838E-01 3.3124E-01 3.6771E-01 3.5836E-01 3.7077E-01 4.1984E-01 4.0061E-01 4.3285E-01 5.0548E-01 6.0387E-01 6.9371E-01 7.2412E-01 6.5512E-01 6.3949E-01 6.6998E-01 6.2211E-01 7.8283E-01 9.9947E-01 1.5950E+00 1.3596E+00 1.1474E+00 1.0725E+00 1.0042E+00 8.7991E-01 7.5135E-01 6.4770E-01 5.6940E-01 5.0869E-01 4.6186E-01 4.2113E-01 4.2041E-01 3.8174E-01 3.1206E-01
1.0893E-01 1.6683E-01 2.1645E-01 2.3842E-01 2.3942E-01 2.2783E-01 2.0206E-01 1.6789E-01 1.4867E-01 1.5547E-01 1.5836E-01 1.5652E-01 1.5188E-01 1.8183E-01 2.1973E-01 2.9531E-01 3.9295E-01 3.7045E-01 3.1673E-01 3.0586E-01 2.7886E-01 2.3854E-01 3.2929E-01 4.4941E-01 3.3582E-01 2.8508E-01 3.8277E-01 4.3651E-01 4.1171E-01 4.3429E-01 4.5236E-01 4.4869E-01 5.1022E-01 6.0826E-01 7.0230E-01 7.4319E-01 6.8430E-01 6.7933E-01 7.5183E-01 6.4826E-01 7.9517E-01 1.0950E+00 1.6452E+00 1.4481E+00 1.2096E+00 1.1350E+00 1.0517E+00 9.0873E-01 7.7171E-01 6.6578E-01 5.8553E-01 5.2819E-01 4.8019E-01 4.3183E-01 4.0547E-01 3.3712E-01 3.2412E-01
7.8225E-02 1.1335E-01 1.6444E-01 2.1139E-01 2.5567E-01 2.8454E-01 2.7716E-01 2.3622E-01 1.8535E-01 1.5435E-01 1.6185E-01 1.6987E-01 1.7440E-01 1.7660E-01 2.0100E-01 2.4586E-01 2.9750E-01 4.2748E-01 3.9245E-01 3.5118E-01 3.3672E-01 2.9949E-01 2.4855E-01 4.0143E-01 4.6984E-01 3.6122E-01 2.8892E-01 3.9094E-01 4.2510E-01 4.2773E-01 4.9625E-01 4.8342E-01 5.1732E-01 6.0854E-01 7.0320E-01 7.5788E-01 7.1580E-01 6.7915E-01 8.0807E-01 7.1301E-01 8.0720E-01 1.1495E+00 1.7077E+00 1.5351E+00 1.2628E+00 1.2128E+00 1.0995E+00 9.4103E-01 8.0073E-01 6.9378E-01 6.1213E-01 5.5475E-01 4.9925E-01 4.4085E-01 3.7814E-01 3.5086E-01 3.3721E-01
8.4067E-02 1.0176E-01 1.1803E-01 1.3902E-01 1.9480E-01 2.6039E-01 3.0605E-01 3.0863E-01 2.7996E-01 2.2682E-01 1.8320E-01 1.7814E-01 1.8712E-01 2.0204E-01 2.1094E-01 2.2258E-01 2.7326E-01 3.2090E-01 4.1885E-01 3.8594E-01 3.8797E-01 3.6266E-01 3.1328E-01 2.5479E-01 4.0827E-01 5.2436E-01 3.7427E-01 3.2870E-01 4.1123E-01 4.1601E-01 5.1970E-01 5.5042E-01 5.1551E-01 5.9890E-01 6.9148E-01 7.7009E-01 7.6040E-01 6.5685E-01 8.1123E-01 7.5297E-01 9.0383E-01 1.1938E+00 1.7395E+00 1.6226E+00 1.3079E+00 1.2889E+00 1.1389E+00 9.6746E-01 8.2597E-01 7.1895E-01 6.3865E-01 5.7594E-01 5.0997E-01 4.4128E-01 3.8326E-01 3.6611E-01 3.5091E-01
