20231023_webinar_progetto_murano/data_input/grd_f3_sc_1/Maximum_24h.grd
DSAA
          81           81
 760250.0000  764250.0000
5036750.0000 5040750.0000
  0.3017E-01   0.2887E+02
[rows 25 to 49 of 81, columns 0 to 56 of 81]
9.0166E-02 1.0918E-01 1.2664E-01 1.4226E-01 1.5584E-01 1.6652E-01 2.3662E-01 2.9616E-01 3.2918E-01 3.2441E-01 2.8783E-01 2.5393E-01 2.1578E-01 2.1031E-01 2.3321E-01 2.4179E-01 2.4371E-01 3.0216E-01 3.5783E-01 4.0107E-01 4.2373E-01 4.2021E-01 3.8677E-01 3.3178E-01 2.7672E-01 4.3630E-01 5.4549E-01 3.1905E-01 3.8961E-01 4.3398E-01 5.0205E-01 6.1067E-01 5.8798E-01 5.7195E-01 6.7190E-01 7.8476E-01 8.1677E-01 6.8985E-01 8.4296E-01 8.0794E-01 1.0275E+00 1.3196E+00 1.8881E+00 1.6923E+00 1.4145E+00 1.3609E+00 1.1717E+00 9.8491E-01 8.4289E-01 7.4023E-01 6.6277E-01 5.9233E-01 5.1347E-01 4.3090E-01 4.0130E-01 3.8181E-01 3.6348E-01
9.6115E-02 1.1653E-01 1.3505E-01 1.5160E-01 1.6628E-01 1.7837E-01 1.8778E-01 1.9502E-01 2.5349E-01 3.1936E-01 3.6584E-01 3.8182E-01 3.4560E-01 2.7991E-01 2.2981E-01 2.5097E-01 2.5928E-01 2.6224E-01 3.2723E-01 3.8695E-01 4.3253E-01 4.5711E-01 4.5072E-01 4.1379E-01 3.5110E-01 3.1851E-01 4.9129E-01 5.3654E-01 4.1544E-01 4.0581E-01 4.4718E-01 6.4048E-01 7.0828E-01 6.1854E-01 6.5407E-01 7.9616E-01 8.7202E-01 7.6590E-01 8.4766E-01 8.3514E-01 1.0444E+00 1.4834E+00 2.0431E+00 1.7093E+00 1.5158E+00 1.4250E+00 1.2079E+00 1.0035E+00 8.5567E-01 7.5353E-01 6.7669E-01 5.9908E-01 5.0890E-01 4.4699E-01 4.2058E-01 3.9690E-01 3.7307E-01
9.9866E-02 1.2169E-01 1.4139E-01 1.5889E-01 1.7444E-01 1.8769E-01 1.9834E-01 2.0683E-01 2.1448E-01 2.2142E-01 2.9659E-01 3.9745E-01 4.4344E-01 4.1616E-01 3.4420E-01 2.8019E-01 2.5889E-01 2.7066E-01 2.7513E-01 3.4018E-01 4.0450E-01 4.5545E-01 5.0220E-01 4.6978E-01 4.2458E-01 3.6302E-01 3.9987E-01 5.4410E-01 5.2735E-01 4.9829E-01 4.5213E-01 6.0588E-01 7.9670E-01 7.5647E-01 6.7194E-01 8.1094E-01 9.4602E-01 8.7954E-01 8.9966E-01 9.3312E-01 1.0623E+00 1.6670E+00 2.1863E+00 1.6976E+00 1.6162E+00 1.4755E+00 1.2361E+00 1.0245E+00 8.7360E-01 7.6481E-01 6.8009E-01 5.9050E-01 5.0421E-01 4.7089E-01 4.3954E-01 4.0944E-01 3.7796E-01
9.9437E-02 1.2233E-01 1.4325E-01 1.6194E-01 1.7864E-01 1.9326E-01 2.0535E-01 2.1523E-01 2.2458E-01 2.3372E-01 2.4274E-01 2.5156E-01 3.6957E-01 4.4641E-01 4.4589E-01 4.1591E-01 3.5202E-01 2.8455E-01 2.8914E-01 3.0978E-01 3.4138E-01 4.1035E-01 4.5992E-01 5.3220E-01 4.6804E-01 4.1896E-01 4.4418E-01 5.1538E-01 5.8292E-01 5.8633E-01 5.4578E-01 4.7350E-01 7.7028E-01 8.4321E-01 8.3048E-01 8.2603E-01 1.0174E+00 1.0252E+00 9.6384E-01 1.0436E+00 1.2059E+00 1.8395E+00 2.3218E+00 1.6926E+00 1.7661E+00 1.5333E+00 1.2560E+00 1.0419E+00 8.9599E-01 7.9982E-01 6.8784E-01 5.7816E-01 5.3247E-01 4.9295E-01 4.5484E-01 4.2597E-01 3.7791E-01
9.4093E-02 1.1712E-01 1.3860E-01 1.5833E-01 1.7654E-01 1.9309E-01 2.0728E-01 2.1913E-01 2.3057E-01 2.4212E-01 2.5368E-01 2.6491E-01 2.7537E-01 2.8477E-01 3.7114E-01 4.6146E-01 4.7645E-01 4.1782E-01 3.1849E-01 3.2239E-01 3.3762E-01 3.3650E-01 3.9829E-01 4.5179E-01 5.3841E-01 4.6888E-01 4.7938E-01 5.6092E-01 6.3180E-01 6.6519E-01 6.3506E-01 5.4162E-01 5.9094E-01 8.6378E-01 9.0462E-01 8.3048E-01 1.0332E+00 1.1417E+00 9.7528E-01 1.1981E+00 1.2337E+00 2.0546E+00 2.4786E+00 1.9148E+00 1.9329E+00 1.5772E+00 1.2539E+00 1.0508E+00 9.8132E-01 8.0551E-01 6.8854E-01 6.1663E-01 5.5990E-01 5.1131E-01 4.8302E-01 4.2780E-01 3.7851E-01
9.0504E-02 1.1390E-01 1.3534E-01 1.5384E-01 1.6955E-01 1.8452E-01 2.0120E-01 2.1560E-01 2.2955E-01 2.4368E-01 2.5790E-01 2.7188E-01 2.8531E-01 2.9772E-01 3.0855E-01 3.1802E-01 4.1074E-01 4.9937E-01 4.8187E-01 3.9589E-01 3.6801E-01 3.7546E-01 3.8119E-01 3.8234E-01 4.4941E-01 4.9105E-01 5.0561E-01 5.9541E-01 6.8115E-01 7.3342E-01 7.1932E-01 6.2791E-01 4.9288E-01 8.4253E-01 1.0326E+00 1.0260E+00 1.0364E+00 1.2214E+00 1.0509E+00 1.3369E+00 1.4582E+00 2.3077E+00 2.6842E+00 2.1538E+00 2.0060E+00 1.6454E+00 1.3729E+00 1.2130E+00 1.0556E+00 8.4361E-01 7.4633E-01 6.5885E-01 5.8702E-01 5.5105E-01 4.9011E-01 4.2642E-01 4.0913E-01
9.1523E-02 1.1501E-01 1.3632E-01 1.5426E-01 1.6935E-01 1.8268E-01 1.9449E-01 2.0603E-01 2.1842E-01 2.3533E-01 2.5221E-01 2.6894E-01 2.8562E-01 3.0186E-01 3.1665E-01 3.3074E-01 3.4587E-01 3.6321E-01 4.8561E-01 5.7679E-01 5.1851E-01 4.1835E-01 4.2859E-01 4.3870E-01 4.4765E-01 4.5977E-01 5.2675E-01 6.2354E-01 7.2514E-01 8.0102E-01 8.0645E-01 7.6132E-01 6.0173E-01 6.7063E-01 1.1393E+00 1.1595E+00 1.1289E+00 1.2693E+00 1.1884E+00 1.5837E+00 1.7331E+00 2.6553E+00 2.9883E+00 2.4003E+00 2.2001E+00 1.9177E+00 1.5052E+00 1.2773E+00 1.0564E+00 9.4425E-01 8.1981E-01 7.0936E-01 6.2496E-01 5.6144E-01 4.9002E-01 4.5998E-01 4.1841E-01
9.1601E-02 1.1508E-01 1.3624E-01 1.5345E-01 1.6774E-01 1.8054E-01 1.9270E-01 2.0474E-01 2.1642E-01 2.2788E-01 2.3944E-01 2.5314E-01 2.7342E-01 2.9400E-01 3.1394E-01 3.3432E-01 3.5649E-01 3.8017E-01 4.0426E-01 4.2875E-01 5.4946E-01 6.4300E-01 5.7753E-01 4.8873E-01 5.0136E-01 5.0510E-01 5.5005E-01 6.5436E-01 7.7265E-01 8.7375E-01 9.0258E-01 8.2043E-01 7.1380E-01 6.4853E-01 9.8474E-01 1.1829E+00 1.4450E+00 1.2691E+00 1.3675E+00 1.8806E+00 2.1299E+00 3.0999E+00 3.2458E+00 2.8798E+00 2.7276E+00 2.2118E+00 1.6027E+00 1.3286E+00 1.2220E+00 1.0681E+00 9.0493E-01 7.6327E-01 6.4572E-01 5.6377E-01 5.2244E-01 4.6487E-01 4.2097E-01
9.1398E-02 1.1478E-01 1.3571E-01 1.5241E-01 1.6624E-01 1.7855E-01 1.9078E-01 2.0297E-01 2.1476E-01 2.2563E-01 2.3618E-01 2.4458E-01 2.5209E-01 2.7111E-01 2.9626E-01 3.2324E-01 3.5278E-01 3.8433E-01 4.1627E-01 4.4651E-01 4.7404E-01 5.0931E-01 6.8178E-01 6.9455E-01 5.9620E-01 5.7077E-01 5.7997E-01 6.9089E-01 8.2209E-01 9.4601E-01 1.0068E+00 9.4891E-01 7.6952E-01 7.5774E-01 6.8316E-01 1.1797E+00 1.6848E+00 1.3512E+00 1.5192E+00 2.1513E+00 2.5453E+00 3.6148E+00 3.5393E+00 3.7110E+00 3.3665E+00 2.4690E+00 1.6715E+00 1.5761E+00 1.4194E+00 1.2088E+00 9.9298E-01 8.0660E-01 6.4106E-01 5.8842E-01 5.1829E-01 4.6404E-01 4.8986E-01
9.2170E-02 1.1543E-01 1.3590E-01 1.5228E-01 1.6579E-01 1.7746E-01 1.8929E-01 2.0117E-01 2.1290E-01 2.2322E-01 2.3236E-01 2.3921E-01 2.4567E-01 2.5207E-01 2.5952E-01 2.9136E-01 3.2683E-01 3.6525E-01 4.0493E-01 4.4447E-01 4.8338E-01 5.1984E-01 5.8726E-01 6.2097E-01 8.2254E-01 6.9276E-01 6.4495E-01 7.2601E-01 8.6317E-01 1.0105E+00 1.1179E+00 1.1026E+00 9.2800E-01 8.1871E-01 7.7043E-01 8.8381E-01 1.6721E+00 1.5661E+00 1.6116E+00 2.5025E+00 3.0820E+00 4.1043E+00 4.4671E+00 4.6455E+00 3.9266E+00 2.5747E+00 1.9272E+00 1.8427E+00 1.6206E+00 1.3386E+00 1.0538E+00 8.0713E-01 6.6015E-01 5.7363E-01 5.3872E-01 5.4474E-01 5.5893E-01
9.4392E-02 1.1797E-01 1.3860E-01 1.5501E-01 1.6819E-01 1.7916E-01 1.9018E-01 2.0121E-01 2.1211E-01 2.2138E-01 2.2865E-01 2.3379E-01 2.3943E-01 2.4598E-01 2.5774E-01 2.7526E-01 2.8823E-01 3.1838E-01 3.6282E-01 4.0939E-01 4.5860E-01 5.0930E-01 5.5825E-01 6.0552E-01 6.5307E-01 6.9545E-01 8.3556E-01 7.3729E-01 8.6666E-01 1.0294E+00 1.2118E+00 1.2343E+00 1.1155E+00 9.5891E-01 9.8153E-01 8.5440E-01 1.5558E+00 1.9840E+00 1.8328E+00 2.8332E+00 3.8404E+00 4.7703E+00 5.6122E+00 5.6777E+00 4.2258E+00 2.5225E+00 2.2862E+00 2.0961E+00 1.7973E+00 1.4293E+00 1.0526E+00 7.9069E-01 6.3601E-01 6.2753E-01 6.3527E-01 6.3024E-01 6.1446E-01
9.8336E-02 1.2286E-01 1.4434E-01 1.6111E-01 1.7385E-01 1.8390E-01 1.9384E-01 2.0347E-01 2.1263E-01 2.2006E-01 2.2526E-01 2.2930E-01 2.3488E-01 2.4852E-01 2.7462E-01 2.9545E-01 3.1106E-01 3.2282E-01 3.3324E-01 3.4461E-01 3.9038E-01 4.4992E-01 5.1316E-01 5.8224E-01 6.6166E-01 7.4708E-01 8.1261E-01 8.2930E-01 8.4563E-01 9.6220E-01 1.1356E+00 1.2689E+00 1.2906E+00 1.1450E+00 1.2667E+00 1.1003E+00 1.0144E+00 2.0525E+00 2.0645E+00 2.5798E+00 4.2460E+00 5.8986E+00 6.7334E+00 6.3777E+00 3.9673E+00 2.9344E+00 2.7227E+00 2.3542E+00 1.9358E+00 1.4151E+00 9.7100E-01 7.5723E-01 6.9380E-01 7.4130E-01 7.3164E-01 6.9725E-01 6.4434E-01
1.0475E-01 1.3090E-01 1.5385E-01 1.7166E-01 1.8481E-01 1.9462E-01 2.0347E-01 2.1126E-01 2.1782E-01 2.2256E-01 2.2564E-01 2.2882E-01 2.3407E-01 2.6090E-01 2.9081E-01 3.1519E-01 3.3373E-01 3.4753E-01 3.5901E-01 3.7075E-01 3.8535E-01 4.0573E-01 4.3327E-01 4.8575E-01 5.9334E-01 7.2945E-01 8.5278E-01 9.0719E-01 9.6181E-01 1.0752E+00 1.1520E+00 1.2216E+00 1.3667E+00 1.4431E+00 1.2596E+00 1.2712E+00 1.2405E+00 1.5290E+00 2.1911E+00 2.4574E+00 4.6743E+00 7.0457E+00 7.6833E+00 6.4663E+00 3.7104E+00 3.5546E+00 3.2058E+00 2.6445E+00 1.9582E+00 1.2093E+00 1.0328E+00 8.5463E-01 8.7046E-01 8.4069E-01 7.7307E-01 7.0726E-01 6.3271E-01
1.1453E-01 1.4310E-01 1.6804E-01 1.8762E-01 2.0220E-01 2.1268E-01 2.2093E-01 2.2711E-01 2.3173E-01 2.3483E-01 2.3720E-01 2.3995E-01 2.4378E-01 2.7123E-01 3.0487E-01 3.3291E-01 3.5474E-01 3.7110E-01 3.8423E-01 3.9685E-01 4.1136E-01 4.3065E-01 4.5497E-01 4.8459E-01 5.1743E-01 5.8007E-01 7.4716E-01 8.7675E-01 1.0341E+00 1.2243E+00 1.3256E+00 1.3703E+00 1.5141E+00 1.6429E+00 1.7019E+00 1.7307E+00 1.7673E+00 1.3842E+00 2.8121E+00 3.0741E+00 5.6851E+00 8.5919E+00 9.1400E+00 5.9781E+00 4.1891E+00 4.2998E+00 3.7822E+00 2.6630E+00 1.5832E+00 1.3985E+00 1.1147E+00 1.0291E+00 9.7836E-01 8.6201E-01 8.4108E-01 8.3957E-01 8.3030E-01
1.2781E-01 1.5992E-01 1.8795E-01 2.1031E-01 2.2709E-01 2.3890E-01 2.4721E-01 2.5251E-01 2.5650E-01 2.5980E-01 2.6338E-01 2.6664E-01 2.6917E-01 2.7911E-01 3.1623E-01 3.4788E-01 3.7326E-01 3.9270E-01 4.0827E-01 4.2243E-01 4.3708E-01 4.5465E-01 4.7457E-01 4.9619E-01 5.1749E-01 5.3551E-01 5.4662E-01 5.9937E-01 8.3763E-01 1.1076E+00 1.3103E+00 1.4709E+00 1.6850E+00 1.9916E+00 2.1532E+00 2.2207E+00 2.3604E+00 2.3553E+00 2.1942E+00 4.3213E+00 6.3670E+00 1.0511E+01 1.0458E+01 5.2660E+00 4.9255E+00 4.9272E+00 3.6643E+00 1.9165E+00 1.9055E+00 1.5497E+00 1.2752E+00 1.3504E+00 1.3431E+00 1.2796E+00 1.2063E+00 1.1218E+00 1.0329E+00
1.4320E-01 1.8001E-01 2.1245E-01 2.3842E-01 2.5772E-01 2.7095E-01 2.8002E-01 2.8601E-01 2.9132E-01 2.9670E-01 3.0280E-01 3.0724E-01 3.0889E-01 3.0802E-01 3.2497E-01 3.6011E-01 3.8916E-01 4.1198E-01 4.3048E-01 4.4660E-01 4.6141E-01 4.7661E-01 4.9139E-01 5.0491E-01 5.1642E-01 5.2583E-01 5.3157E-01 5.3394E-01 5.5966E-01 5.9245E-01 8.9284E-01 1.2224E+00 1.6458E+00 2.2201E+00 2.5434E+00 2.9349E+00 3.2277E+00 4.1289E+00 3.8897E+00 7.3748E+00 8.2263E+00 1.3288E+01 1.1263E+01 6.6517E+00 5.8634E+00 3.8394E+00 2.3219E+00 1.9492E+00 2.2466E+00 2.3560E+00 2.3254E+00 2.1563E+00 1.8984E+00 1.6984E+00 1.5131E+00 1.3118E+00 1.1282E+00
1.5908E-01 2.0103E-01 2.3823E-01 2.6786E-01 2.8966E-01 3.0423E-01 3.1430E-01 3.2175E-01 3.2925E-01 3.3755E-01 3.4671E-01 3.5316E-01 3.5528E-01 3.5413E-01 3.5202E-01 3.7017E-01 4.0269E-01 4.2882E-01 4.5035E-01 4.6861E-01 4.8385E-01 4.9668E-01 5.0652E-01 5.1333E-01 5.1882E-01 5.2482E-01 5.2676E-01 5.3797E-01 6.0630E-01 6.5469E-01 6.8721E-01 7.8258E-01 9.0275E-01 1.4548E+00 2.0517E+00 2.8111E+00 3.6599E+00 4.3537E+00 6.8069E+00 9.6005E+00 1.1308E+01 1.7030E+01 1.1732E+01 8.4368E+00 5.3123E+00 3.2826E+00 3.0218E+00 4.4212E+00 4.9259E+00 4.2053E+00 3.4534E+00 2.6866E+00 2.1151E+00 1.7710E+00 1.4523E+00 1.1705E+00 9.5197E-01
1.7579E-01 2.2179E-01 2.6216E-01 2.9416E-01 3.1766E-01 3.3332E-01 3.4429E-01 3.5276E-01 3.6152E-01 3.7170E-01 3.8259E-01 3.9046E-01 3.9475E-01 3.9793E-01 4.0372E-01 4.1693E-01 4.3539E-01 4.5267E-01 4.6721E-01 4.8722E-01 5.0311E-01 5.1476E-01 5.2161E-01 5.2443E-01 5.2741E-01 5.3371E-01 5.3482E-01 5.2805E-01 5.7255E-01 5.8628E-01 6.4435E-01 7.5242E-01 8.9177E-01 1.0928E+00 1.5347E+00 1.9449E+00 2.3775E+00 4.0877E+00 7.1307E+00 1.3958E+01 1.2699E+01 2.1555E+01 1.2213E+01 1.0540E+01 4.9490E+00 6.1568E+00 7.0692E+00 6.4277E+00 5.6191E+00 4.0724E+00 2.8318E+00 1.9454E+00 1.4161E+00 1.1300E+00 9.4085E-01 8.5889E-01 7.6584E-01
1.8971E-01 2.3830E-01 2.7994E-01 3.1244E-01 3.3614E-01 3.5256E-01 3.6446E-01 3.7318E-01 3.8136E-01 3.9079E-01 4.0042E-01 4.0819E-01 4.1568E-01 4.2524E-01 4.3835E-01 4.5894E-01 4.8133E-01 4.9611E-01 5.0171E-01 5.0269E-01 5.1938E-01 5.3169E-01 5.3908E-01 5.6254E-01 6.1255E-01 6.5515E-01 6.7422E-01 7.7071E-01 7.4865E-01 8.2457E-01 9.2596E-01 1.1605E+00 1.1757E+00 1.6986E+00 2.1068E+00 3.0566E+00 4.0227E+00 5.9558E+00 8.1538E+00 8.1127E+00 1.6429E+01 2.8870E+01 9.4477E+00 1.1911E+01 9.2202E+00 5.4877E+00 4.3035E+00 3.5268E+00 2.8037E+00 2.3550E+00 1.9976E+00 1.5699E+00 1.2268E+00 9.7412E-01 8.5248E-01 7.0931E-01 6.5272E-01
1.9753E-01 2.4767E-01 2.8953E-01 3.2076E-01 3.4308E-01 3.5950E-01 3.7167E-01 3.7996E-01 3.8658E-01 3.9327E-01 3.9941E-01 4.0545E-01 4.1480E-01 4.2820E-01 4.4315E-01 4.6247E-01 4.8123E-01 4.9146E-01 4.9702E-01 5.1626E-01 5.3361E-01 5.4762E-01 5.5880E-01 5.6801E-01 5.9185E-01 6.5178E-01 6.8120E-01 6.8934E-01 6.9094E-01 6.8117E-01 8.0377E-01 1.1169E+00 9.7197E-01 1.3085E+00 1.4067E+00 1.7528E+00 2.2000E+00 4.2354E+00 9.8574E+00 1.0851E+01 2.3392E+01 2.6827E+01 1.2608E+01 1.3778E+01 1.0696E+01 4.8996E+00 2.8823E+00 2.1547E+00 1.5344E+00 1.2330E+00 1.0130E+00 8.5817E-01 8.0197E-01 8.5367E-01 8.4602E-01 8.0633E-01 7.6132E-01
1.9763E-01 2.4723E-01 2.8791E-01 3.1695E-01 3.3708E-01 3.5244E-01 3.6484E-01 3.7438E-01 3.8115E-01 3.8473E-01 3.8613E-01 3.8921E-01 3.9722E-01 4.0936E-01 4.2191E-01 4.3628E-01 4.4906E-01 4.7847E-01 5.0736E-01 5.3012E-01 5.4834E-01 5.6421E-01 5.8025E-01 5.9824E-01 6.1748E-01 6.3325E-01 6.2992E-01 6.0905E-01 6.0527E-01 6.3558E-01 6.9037E-01 7.7208E-01 9.1472E-01 1.1310E+00 1.3951E+00 2.0098E+00 3.3346E+00 2.9838E+00 6.9950E+00 1.2055E+01 1.6164E+01 1.5682E+01 1.6039E+01 1.0170E+01 5.1042E+00 4.9774E+00 4.2435E+00 3.0989E+00 2.4554E+00 1.8449E+00 1.4332E+00 1.0322E+00 8.8850E-01 9.1369E-01 8.6162E-01 8.4640E-01 9.2762E-01
1.9089E-01 2.3756E-01 2.7575E-01 3.0306E-01 3.2105E-01 3.3428E-01 3.4680E-01 3.5843E-01 3.6640E-01 3.6741E-01 3.6462E-01 3.6498E-01 3.6929E-01 3.7644E-01 3.8461E-01 4.0548E-01 4.5145E-01 4.8981E-01 5.2081E-01 5.4516E-01 5.6474E-01 5.8199E-01 6.0092E-01 6.2493E-01 6.5465E-01 6.8473E-01 6.9334E-01 6.7021E-01 6.5074E-01 6.5778E-01 6.8697E-01 7.5891E-01 1.1255E+00 1.7767E+00 1.9889E+00 1.3364E+00 1.3658E+00 3.9942E+00 5.0967E+00 1.1488E+01 1.2182E+01 1.1146E+01 8.8430E+00 9.2469E+00 9.1413E+00 4.7193E+00 2.4228E+00 2.8921E+00 2.8350E+00 2.4808E+00 2.0177E+00 1.5688E+00 1.2167E+00 9.8134E-01 8.1306E-01 7.0157E-01 6.1788E-01
1.7857E-01 2.2089E-01 2.5516E-01 2.8074E-01 2.9785E-01 3.0998E-01 3.2169E-01 3.3210E-01 3.3901E-01 3.3921E-01 3.3495E-01 3.3382E-01 3.3442E-01 3.3584E-01 3.5620E-01 4.1070E-01 4.5977E-01 5.0101E-01 5.3441E-01 5.6096E-01 5.8258E-01 6.0092E-01 6.1951E-01 6.4229E-01 6.7104E-01 6.9871E-01 7.0067E-01 6.6465E-01 6.5981E-01 7.7970E-01 1.0317E+00 1.4631E+00 1.4954E+00 8.9458E-01 9.0904E-01 1.1125E+00 1.8136E+00 1.5083E+00 3.3061E+00 5.1490E+00 6.5160E+00 6.2894E+00 4.5439E+00 5.5373E+00 6.8088E+00 8.1680E+00 5.1032E+00 2.6855E+00 1.5453E+00 1.8546E+00 1.9593E+00 1.7917E+00 1.5144E+00 1.2670E+00 1.0733E+00 9.2335E-01 8.0326E-01
1.6133E-01 1.9943E-01 2.2958E-01 2.5285E-01 2.7018E-01 2.8290E-01 2.9288E-01 2.9957E-01 3.0262E-01 3.0121E-01 2.9677E-01 2.9445E-01 2.9280E-01 2.9744E-01 3.5690E-01 4.1442E-01 4.6649E-01 5.1025E-01 5.4553E-01 5.7386E-01 5.9739E-01 6.1653E-01 6.3192E-01 6.4500E-01 6.5575E-01 6.5463E-01 6.2035E-01 7.6019E-01 8.9844E-01 1.1604E+00 1.1554E+00 5.1136E-01 5.2628E-01 6.1341E-01 8.8917E-01 1.1146E+00 1.1249E+00 1.2840E+00 2.8799E+00 3.2475E+00 3.6095E+00 3.8466E+00 3.9276E+00 4.0044E+00 3.8016E+00 5.4863E+00 6.2805E+00 4.5043E+00 2.9049E+00 1.6706E+00 1.0884E+00 1.2655E+00 1.2815E+00 1.2151E+00 1.1152E+00 1.0131E+00 9.1363E-01
1.4053E-01 1.7482E-01 2.0251E-01 2.2425E-01 2.4082E-01 2.5302E-01 2.6171E-01 2.6572E-01 2.6476E-01 2.5950E-01 2.5311E-01 2.4824E-01 2.4481E-01 2.9249E-01 3.5423E-01 4.1450E-01 4.6926E-01 5.1517E-01 5.5168E-01 5.8079E-01 6.0477E-01 6.2295E-01 6.3224E-01 6.2895E-01 6.0885E-01 6.6976E-01 9.8944E-01 1.2652E+00 8.7047E-01 4.1511E-01 3.6099E-01 4.5022E-01 5.3543E-01 6.3581E-01 7.9583E-01 9.8433E-01 9.5138E-01 1.8041E+00 1.6822E+00 2.8088E+00 2.7629E+00 3.0204E+00 2.9465E+00 2.6122E+00 3.4210E+00 3.2114E+00 4.2087E+00 4.8202E+00 3.9037E+00 2.5294E+00 1.5551E+00 9.9303E-01 7.9063E-01 8.7503E-01 8.9442E-01 8.8128E-01 8.4813E-01
