20231023_webinar_progetto_murano/data_input/grd_f3_sc_1/Maximum_24h.grd
DSAA
          81           81
 760250.0000  764250.0000
5036750.0000 5040750.0000
  0.3017E-01   0.2887E+02
[rows 50 to 74 of 81, columns 0 to 56 of 81]
1.2988E-01 1.7877E-01 1.7838E-01 1.9860E-01 2.1321E-01 2.2327E-01 2.3033E-01 2.3254E-01 2.2920E-01 2.2672E-01 2.2750E-01 2.2931E-01 2.3687E-01 2.8266E-01 3.4582E-01 4.0815E-01 4.6504E-01 5.1251E-01 5.4932E-01 5.7725E-01 5.9844E-01 6.1159E-01 6.1127E-01 6.7305E-01 8.3663E-01 8.9356E-01 5.9360E-01 3.6078E-01 2.8409E-01 3.2617E-01 3.9439E-01 4.6468E-01 6.0137E-01 5.0633E-01 9.8838E-01 8.0943E-01 1.3289E+00 1.1986E+00 1.5395E+00 2.6871E+00 1.9122E+00 2.4755E+00 2.4330E+00 2.3924E+00 2.6663E+00 2.7575E+00 2.8737E+00 3.3879E+00 3.7311E+00 2.9113E+00 2.0394E+00 1.4052E+00 9.6001E-01 6.5950E-01 5.9514E-01 6.3524E-01 6.5717E-01
1.1048E-01 1.3515E-01 1.5731E-01 1.7951E-01 1.9806E-01 2.1211E-01 2.2226E-01 2.2940E-01 2.3328E-01 2.3316E-01 2.2914E-01 2.2571E-01 2.2903E-01 2.6624E-01 3.2907E-01 3.9187E-01 4.4970E-01 4.9772E-01 5.3358E-01 5.5790E-01 5.7202E-01 7.1150E-01 7.5467E-01 7.9073E-01 5.7397E-01 3.8179E-01 2.9728E-01 3.1802E-01 3.0019E-01 3.3671E-01 3.8292E-01 4.4010E-01 4.9563E-01 8.7162E-01 6.1861E-01 9.6700E-01 9.1624E-01 9.2736E-01 1.5002E+00 2.0488E+00 1.5854E+00 2.1409E+00 2.0540E+00 2.1594E+00 2.0286E+00 2.4387E+00 1.9875E+00 2.3218E+00 2.6276E+00 2.6322E+00 2.2060E+00 1.6873E+00 1.2210E+00 8.7302E-01 6.4164E-01 5.6663E-01 4.5382E-01
1.0871E-01 1.3710E-01 1.6354E-01 1.8555E-01 2.0325E-01 2.1588E-01 2.2393E-01 2.2860E-01 2.2990E-01 2.2728E-01 2.2022E-01 2.1319E-01 2.1226E-01 2.4238E-01 3.0250E-01 3.6353E-01 4.2056E-01 4.6798E-01 5.0193E-01 5.6148E-01 6.3724E-01 6.0766E-01 4.8592E-01 4.3890E-01 3.7397E-01 2.9938E-01 2.3702E-01 2.4767E-01 2.7781E-01 4.5258E-01 4.1625E-01 4.8517E-01 7.4996E-01 8.0015E-01 8.9091E-01 8.6269E-01 6.8885E-01 9.8796E-01 1.3986E+00 1.6291E+00 1.3069E+00 1.7807E+00 1.6119E+00 1.6273E+00 1.4871E+00 1.9853E+00 1.9172E+00 1.5025E+00 2.1449E+00 1.9724E+00 1.9951E+00 1.7269E+00 1.3627E+00 1.0405E+00 7.9554E-01 6.4703E-01 4.8271E-01
1.1005E-01 1.3785E-01 1.6307E-01 1.8344E-01 1.9894E-01 2.0914E-01 2.1454E-01 2.1666E-01 2.1557E-01 2.1100E-01 2.0293E-01 2.1274E-01 2.3747E-01 2.8234E-01 3.3960E-01 4.0289E-01 4.8349E-01 5.8189E-01 6.1262E-01 5.5596E-01 4.6270E-01 4.3914E-01 3.9928E-01 3.4643E-01 2.8610E-01 2.2579E-01 2.7469E-01 4.0497E-01 4.1242E-01 3.3676E-01 4.7877E-01 9.0339E-01 5.7127E-01 8.5083E-01 9.6328E-01 6.4619E-01 6.4483E-01 9.6216E-01 1.4413E+00 1.2367E+00 1.1754E+00 1.5241E+00 1.4440E+00 1.4383E+00 1.3970E+00 1.5306E+00 1.6649E+00 1.4313E+00 1.5913E+00 1.8589E+00 1.5281E+00 1.5185E+00 1.3429E+00 1.1201E+00 9.1533E-01 7.4274E-01 5.9942E-01
1.0804E-01 1.3419E-01 1.5707E-01 1.7479E-01 1.8718E-01 1.9421E-01 1.9652E-01 1.9596E-01 1.9255E-01 2.0764E-01 2.3132E-01 2.6205E-01 3.0355E-01 3.7979E-01 4.5758E-01 5.4943E-01 5.7181E-01 4.8477E-01 3.9035E-01 4.0035E-01 3.8986E-01 3.5997E-01 3.1560E-01 2.6344E-01 2.1113E-01 2.9605E-01 3.9987E-01 4.1037E-01 2.8952E-01 4.4526E-01 6.5041E-01 5.0433E-01 5.7741E-01 8.7975E-01 6.8304E-01 6.2623E-01 6.5935E-01 8.7590E-01 1.4494E+00 1.0909E+00 9.7044E-01 1.1629E+00 1.3740E+00 1.2649E+00 1.3406E+00 1.1719E+00 1.3215E+00 1.2871E+00 1.0620E+00 1.4721E+00 1.5497E+00 1.2314E+00 1.1783E+00 1.0899E+00 9.6421E-01 8.2687E-01 6.9167E-01
1.0241E-01 1.2628E-01 1.4633E-01 1.6104E-01 1.7013E-01 1.7402E-01 1.7354E-01 1.9835E-01 2.2729E-01 2.6220E-01 3.1577E-01 3.6928E-01 4.0663E-01 4.3833E-01 4.0873E-01 3.9113E-01 3.2011E-01 2.9322E-01 3.1618E-01 3.2275E-01 3.1039E-01 2.8067E-01 2.3938E-01 2.1185E-01 2.8282E-01 3.7722E-01 3.7380E-01 2.3224E-01 4.7013E-01 7.8454E-01 4.2642E-01 5.8991E-01 7.2134E-01 6.1319E-01 5.2850E-01 5.2150E-01 5.8706E-01 8.5990E-01 1.3620E+00 9.4533E-01 7.7897E-01 1.0714E+00 1.2554E+00 1.1984E+00 1.2035E+00 1.0053E+00 9.8740E-01 1.0661E+00 9.8619E-01 1.0003E+00 1.3801E+00 1.4225E+00 1.1877E+00 9.7089E-01 9.3363E-01 8.5062E-01 7.4196E-01
9.4273E-02 1.1564E-01 1.3293E-01 1.4476E-01 1.5786E-01 1.8247E-01 2.1341E-01 2.5796E-01 3.1551E-01 3.7340E-01 4.2653E-01 4.5044E-01 4.2122E-01 3.2499E-01 1.9639E-01 2.3041E-01 2.5359E-01 2.4921E-01 2.3822E-01 2.4167E-01 2.3000E-01 2.2748E-01 2.6527E-01 2.9378E-01 3.2837E-01 3.2946E-01 2.7254E-01 3.8774E-01 7.5662E-01 4.6667E-01 4.2402E-01 6.4919E-01 7.1542E-01 4.6259E-01 4.8872E-01 5.2064E-01 5.2818E-01 9.1394E-01 1.1448E+00 7.1715E-01 6.5692E-01 9.3309E-01 1.1010E+00 1.0397E+00 9.9367E-01 9.0473E-01 8.2885E-01 8.5069E-01 8.6015E-01 7.6069E-01 1.0467E+00 1.3277E+00 1.3415E+00 1.1462E+00 8.6713E-01 8.1288E-01 7.4465E-01
8.8829E-02 1.1403E-01 1.3620E-01 1.5943E-01 1.9443E-01 2.3860E-01 2.8541E-01 3.3482E-01 3.9310E-01 4.1510E-01 3.8668E-01 3.1969E-01 2.3156E-01 2.0772E-01 2.1676E-01 2.2363E-01 2.2783E-01 1.9884E-01 1.6593E-01 1.8194E-01 2.3641E-01 2.9081E-01 3.2471E-01 3.2261E-01 2.7343E-01 2.2023E-01 3.7778E-01 6.5281E-01 4.6899E-01 4.6086E-01 5.3765E-01 5.6287E-01 4.4452E-01 4.0458E-01 4.5918E-01 4.7250E-01 4.8858E-01 9.5393E-01 1.0013E+00 6.0245E-01 5.6841E-01 8.2159E-01 1.0159E+00 9.5289E-01 1.0023E+00 9.0064E-01 7.5012E-01 6.6655E-01 7.1916E-01 6.8967E-01 7.1998E-01 1.0504E+00 1.2465E+00 1.2339E+00 1.0586E+00 8.1627E-01 7.0184E-01
1.0235E-01 1.3754E-01 1.6910E-01 2.1313E-01 2.7028E-01 3.2199E-01 3.5339E-01 3.4362E-01 3.1406E-01 2.6325E-01 1.8869E-01 2.2045E-01 2.1844E-01 2.0078E-01 1.9024E-01 1.7200E-01 1.5855E-01 1.6834E-01 2.0948E-01 2.4724E-01 2.8146E-01 3.0646E-01 3.0409E-01 2.5193E-01 2.0665E-01 3.5229E-01 5.8086E-01 5.1351E-01 3.9773E-01 4.6370E-01 7.0474E-01 4.5323E-01 3.7249E-01 4.0149E-01 4.7227E-01 4.2806E-01 5.0778E-01 9.6848E-01 8.8426E-01 6.3888E-01 5.5280E-01 7.3231E-01 9.1378E-01 9.2545E-01 8.8495E-01 8.3814E-01 7.4516E-01 5.9232E-01 5.8458E-01 5.9979E-01 5.5887E-01 7.5309E-01 1.0059E+00 1.1399E+00 1.1120E+00 9.6045E-01 7.5539E-01
1.3151E-01 1.8573E-01 2.3414E-01 2.8198E-01 3.2073E-01 3.3357E-01 3.0866E-01 2.3119E-01 1.3921E-01 1.6316E-01 2.1130E-01 2.2816E-01 2.0545E-01 1.8398E-01 1.6238E-01 1.4805E-01 1.8454E-01 2.2373E-01 2.6077E-01 2.8758E-01 2.9630E-01 2.7805E-01 2.2594E-01 1.8867E-01 3.1530E-01 4.8451E-01 4.1049E-01 3.8811E-01 3.7019E-01 5.8698E-01 5.9993E-01 3.4678E-01 4.1763E-01 3.6483E-01 3.5361E-01 4.1604E-01 6.0687E-01 8.9836E-01 7.2800E-01 5.7869E-01 5.2968E-01 6.7435E-01 8.3404E-01 9.0334E-01 7.3920E-01 7.3864E-01 6.9493E-01 5.5974E-01 4.6671E-01 5.0699E-01 5.0634E-01 5.2001E-01 7.4507E-01 9.3787E-01 1.0300E+00 9.9425E-01 8.6507E-01
1.6644E-01 2.2944E-01 2.6618E-01 2.6984E-01 2.5072E-01 2.0886E-01 1.5056E-01 1.5290E-01 1.6888E-01 1.8977E-01 2.0751E-01 2.1811E-01 1.8478E-01 1.4758E-01 1.6338E-01 1.9631E-01 2.3165E-01 2.6049E-01 2.7713E-01 2.7582E-01 2.5272E-01 2.0720E-01 1.8601E-01 3.1960E-01 4.7042E-01 3.6924E-01 3.7126E-01 3.8689E-01 4.8591E-01 5.3786E-01 3.5305E-01 3.4992E-01 3.5745E-01 3.6093E-01 3.6066E-01 3.4995E-01 6.5145E-01 8.1344E-01 5.9126E-01 5.0022E-01 4.8553E-01 6.2177E-01 7.3677E-01 7.6369E-01 6.9355E-01 6.7266E-01 6.1322E-01 5.2860E-01 4.4048E-01 4.2139E-01 4.4682E-01 4.4018E-01 5.3059E-01 7.1325E-01 8.6064E-01 9.2153E-01 8.8366E-01
1.7379E-01 2.1313E-01 2.0554E-01 1.6601E-01 1.3310E-01 1.4715E-01 1.5991E-01 1.7321E-01 1.8781E-01 1.8937E-01 1.7830E-01 1.7392E-01 1.5934E-01 1.8341E-01 2.0972E-01 2.3688E-01 2.5834E-01 2.6518E-01 2.5366E-01 2.2248E-01 1.7609E-01 1.8264E-01 3.2746E-01 4.9314E-01 4.0807E-01 3.5709E-01 3.3503E-01 4.7603E-01 5.5808E-01 3.6474E-01 3.1179E-01 3.4209E-01 3.6103E-01 3.3482E-01 2.9787E-01 3.4497E-01 6.6236E-01 7.2345E-01 5.0215E-01 4.5398E-01 4.5735E-01 5.6677E-01 6.4913E-01 6.8856E-01 6.9158E-01 6.6563E-01 6.3655E-01 5.4448E-01 4.5698E-01 3.7684E-01 3.8567E-01 4.0011E-01 3.8926E-01 5.2274E-01 6.7088E-01 7.8274E-01 8.2271E-01
1.1900E-01 1.2863E-01 1.3091E-01 1.3503E-01 1.4178E-01 1.5773E-01 1.7180E-01 1.7376E-01 1.6873E-01 1.5112E-01 1.4854E-01 1.7645E-01 2.0292E-01 2.2681E-01 2.4680E-01 2.5934E-01 2.5883E-01 2.4063E-01 2.0652E-01 1.6182E-01 1.7636E-01 3.1553E-01 4.6979E-01 4.1669E-01 3.4224E-01 3.3726E-01 3.9332E-01 5.8314E-01 4.7396E-01 2.5333E-01 2.9715E-01 3.4462E-01 3.4721E-01 2.8242E-01 2.8528E-01 4.0831E-01 6.5157E-01 6.3764E-01 4.2883E-01 4.0982E-01 4.1279E-01 4.9982E-01 5.5798E-01 6.2885E-01 6.6006E-01 6.1385E-01 5.9430E-01 5.4401E-01 4.7616E-01 3.9737E-01 3.2693E-01 3.5430E-01 3.6075E-01 3.8460E-01 5.0616E-01 6.2633E-01 7.1211E-01
8.9458E-02 1.2394E-01 1.3725E-01 1.4176E-01 1.4636E-01 1.5204E-01 1.5237E-01 1.4088E-01 1.2817E-01 1.5284E-01 1.8392E-01 2.1317E-01 2.3787E-01 2.5547E-01 2.6332E-01 2.5728E-01 2.3527E-01 1.9840E-01 1.5313E-01 1.6946E-01 3.0836E-01 4.6362E-01 4.5767E-01 3.5659E-01 3.2108E-01 3.6582E-01 4.6423E-01 4.6082E-01 2.8519E-01 2.7093E-01 2.9909E-01 3.3338E-01 3.4309E-01 2.8031E-01 2.6859E-01 4.8186E-01 6.5455E-01 5.8598E-01 3.8384E-01 3.8306E-01 3.8171E-01 4.4972E-01 4.9458E-01 5.2192E-01 5.8085E-01 5.7319E-01 5.2964E-01 5.3126E-01 4.9137E-01 4.1027E-01 3.3377E-01 3.0763E-01 3.2635E-01 3.2809E-01 3.7976E-01 4.8699E-01 5.8789E-01
9.6467E-02 1.3085E-01 1.3951E-01 1.3837E-01 1.3707E-01 1.2761E-01 1.1182E-01 1.2608E-01 1.5396E-01 1.8416E-01 2.1428E-01 2.3898E-01 2.5538E-01 2.6096E-01 2.5373E-01 2.3075E-01 1.9392E-01 1.4948E-01 1.6888E-01 2.8035E-01 4.2636E-01 4.6497E-01 2.9958E-01 3.1688E-01 3.6042E-01 4.4120E-01 4.1422E-01 2.9028E-01 2.7729E-01 2.8434E-01 3.0761E-01 3.1239E-01 2.7476E-01 2.4642E-01 2.9840E-01 5.3584E-01 6.6095E-01 5.5721E-01 3.6313E-01 3.6546E-01 3.8130E-01 4.0145E-01 4.3348E-01 4.6085E-01 4.9475E-01 5.2044E-01 5.2412E-01 5.3648E-01 4.9867E-01 4.1943E-01 3.4426E-01 2.7684E-01 2.8942E-01 3.0179E-01 3.0050E-01 3.7550E-01 4.7047E-01
9.6929E-02 1.2964E-01 1.3625E-01 1.2513E-01 1.1093E-01 1.0594E-01 1.2880E-01 1.5482E-01 1.8287E-01 2.1049E-01 2.3465E-01 2.4964E-01 2.5307E-01 2.4373E-01 2.2197E-01 1.8759E-01 1.5911E-01 1.7858E-01 2.4671E-01 3.8917E-01 4.2097E-01 3.0001E-01 2.8029E-01 3.4311E-01 4.6931E-01 4.9283E-01 3.1894E-01 2.5635E-01 3.1011E-01 2.6971E-01 2.7132E-01 2.7995E-01 2.4776E-01 2.4887E-01 3.5312E-01 5.4556E-01 6.1613E-01 5.0918E-01 3.3811E-01 3.4476E-01 3.5342E-01 3.8318E-01 4.1943E-01 4.5945E-01 4.8394E-01 4.9252E-01 5.1059E-01 5.2291E-01 4.8138E-01 4.1294E-01 3.4211E-01 2.7500E-01 2.5322E-01 2.7254E-01 2.8026E-01 2.9105E-01 3.6974E-01
8.9442E-02 1.1387E-01 1.1642E-01 1.0276E-01 1.1025E-01 1.3367E-01 1.5808E-01 1.8335E-01 2.0804E-01 2.2911E-01 2.4335E-01 2.4578E-01 2.3533E-01 2.1253E-01 1.8020E-01 1.6353E-01 1.8599E-01 2.4509E-01 3.7921E-01 4.2762E-01 3.1327E-01 2.8243E-01 3.1963E-01 4.0116E-01 4.7808E-01 3.9412E-01 2.3833E-01 2.6169E-01 2.7033E-01 2.4442E-01 2.3300E-01 2.2999E-01 2.0867E-01 2.3822E-01 3.9146E-01 5.2522E-01 5.4381E-01 4.4328E-01 3.1482E-01 3.2460E-01 3.3099E-01 3.5333E-01 4.0697E-01 4.5790E-01 4.9813E-01 5.1472E-01 5.3156E-01 5.2051E-01 4.5713E-01 3.9373E-01 3.3267E-01 2.7139E-01 2.1915E-01 2.4229E-01 2.5648E-01 2.6085E-01 2.9086E-01
7.3905E-02 8.9869E-02 9.1044E-02 1.1359E-01 1.3777E-01 1.6313E-01 1.8709E-01 2.0873E-01 2.2643E-01 2.3751E-01 2.3960E-01 2.2947E-01 2.0776E-01 1.7650E-01 1.6249E-01 1.8354E-01 2.2834E-01 3.4189E-01 4.2104E-01 3.4096E-01 2.8348E-01 3.3097E-01 3.7594E-01 4.1076E-01 3.7520E-01 2.4835E-01 2.1563E-01 2.5390E-01 2.6115E-01 2.5106E-01 2.4573E-01 2.3097E-01 2.0857E-01 2.4352E-01 3.9083E-01 4.8410E-01 4.7767E-01 3.9080E-01 2.9363E-01 3.1576E-01 3.1677E-01 3.0813E-01 3.6819E-01 4.1555E-01 4.6382E-01 4.8934E-01 4.9118E-01 5.1045E-01 4.5684E-01 3.8866E-01 3.3008E-01 2.7143E-01 2.1812E-01 2.1290E-01 2.3125E-01 2.4172E-01 2.4374E-01
6.3982E-02 8.6263E-02 1.1116E-01 1.3780E-01 1.6427E-01 1.8952E-01 2.1043E-01 2.2585E-01 2.3426E-01 2.3420E-01 2.2476E-01 2.0495E-01 1.7702E-01 1.6011E-01 1.7868E-01 2.0529E-01 2.9391E-01 3.3772E-01 3.1574E-01 2.4451E-01 2.9226E-01 3.6643E-01 4.2562E-01 4.0259E-01 2.7766E-01 1.8924E-01 2.2408E-01 2.5629E-01 2.6476E-01 2.5831E-01 2.3662E-01 2.1474E-01 1.9851E-01 2.6950E-01 3.8880E-01 4.5116E-01 4.3184E-01 3.5686E-01 2.7717E-01 3.0314E-01 3.0516E-01 2.6649E-01 3.2824E-01 3.7513E-01 4.2015E-01 4.4535E-01 4.3674E-01 4.7219E-01 4.6016E-01 3.9704E-01 3.3301E-01 2.7205E-01 2.1839E-01 1.8509E-01 2.0564E-01 2.2035E-01 2.2807E-01
7.6173E-02 1.0221E-01 1.3050E-01 1.5950E-01 1.8638E-01 2.0915E-01 2.2471E-01 2.3218E-01 2.3051E-01 2.1986E-01 2.0114E-01 1.7556E-01 1.5855E-01 1.7478E-01 1.8968E-01 2.6254E-01 2.9464E-01 2.4738E-01 2.5145E-01 2.6460E-01 2.9126E-01 3.5687E-01 3.9854E-01 3.3539E-01 2.0068E-01 2.0836E-01 2.3445E-01 2.6077E-01 2.6719E-01 2.5756E-01 2.3388E-01 2.0030E-01 1.9440E-01 2.8648E-01 3.8466E-01 4.2665E-01 4.0159E-01 3.3540E-01 2.6592E-01 2.9858E-01 2.9929E-01 2.3318E-01 2.8964E-01 3.3579E-01 3.8247E-01 4.3915E-01 4.5893E-01 4.3910E-01 4.3460E-01 3.8780E-01 3.2927E-01 2.7029E-01 2.1893E-01 1.8019E-01 1.8119E-01 1.9843E-01 2.1029E-01
8.7253E-02 1.1581E-01 1.4566E-01 1.7466E-01 1.9949E-01 2.1761E-01 2.2648E-01 2.2576E-01 2.1513E-01 1.9631E-01 1.7186E-01 1.5615E-01 1.7167E-01 2.0068E-01 2.6082E-01 2.8103E-01 2.4139E-01 2.3769E-01 2.6107E-01 2.9175E-01 3.3054E-01 3.7653E-01 3.4135E-01 2.4392E-01 1.8796E-01 2.2091E-01 2.3847E-01 2.6003E-01 2.6372E-01 2.5094E-01 2.2325E-01 1.9174E-01 1.9500E-01 2.9485E-01 3.7441E-01 4.0279E-01 3.7612E-01 3.1755E-01 2.6055E-01 2.8484E-01 2.8468E-01 2.0521E-01 2.5401E-01 2.9810E-01 3.4701E-01 4.1241E-01 4.4705E-01 4.1418E-01 3.9682E-01 3.7034E-01 3.2372E-01 2.6970E-01 2.2245E-01 1.8689E-01 1.5831E-01 1.7671E-01 1.9124E-01
9.6139E-02 1.2557E-01 1.5469E-01 1.8086E-01 2.0108E-01 2.1303E-01 2.1514E-01 2.0744E-01 1.9040E-01 1.6681E-01 1.5377E-01 1.6871E-01 1.9014E-01 2.6482E-01 2.8656E-01 2.3880E-01 2.3195E-01 2.2860E-01 2.4927E-01 2.9050E-01 3.4010E-01 3.5518E-01 2.7207E-01 1.9282E-01 1.9831E-01 2.2100E-01 2.4235E-01 2.5778E-01 2.5677E-01 2.3946E-01 2.0830E-01 1.8228E-01 2.1142E-01 2.9870E-01 3.6167E-01 3.7929E-01 3.5207E-01 2.9979E-01 2.4564E-01 2.6556E-01 2.5787E-01 1.8734E-01 2.2979E-01 2.7216E-01 3.1560E-01 3.6569E-01 4.1716E-01 4.2344E-01 4.0164E-01 3.6724E-01 3.2033E-01 2.7204E-01 2.2982E-01 1.9616E-01 1.6622E-01 1.5581E-01 1.7163E-01
1.0174E-01 1.3037E-01 1.5669E-01 1.7789E-01 1.9177E-01 1.9702E-01 1.9322E-01 1.8070E-01 1.6056E-01 1.5113E-01 1.6534E-01 1.7607E-01 2.3429E-01 2.7057E-01 2.4149E-01 2.2657E-01 2.2097E-01 2.2020E-01 2.4939E-01 2.9918E-01 3.2256E-01 2.8042E-01 1.9062E-01 1.8153E-01 2.0620E-01 2.2297E-01 2.4629E-01 2.5464E-01 2.4662E-01 2.2322E-01 1.8962E-01 1.7640E-01 2.2414E-01 2.9871E-01 3.4699E-01 3.5577E-01 3.2844E-01 2.8168E-01 2.3393E-01 2.6055E-01 2.5453E-01 1.8778E-01 2.1719E-01 2.5887E-01 2.9805E-01 3.4267E-01 4.1516E-01 4.4760E-01 4.1052E-01 3.6461E-01 3.1584E-01 2.7434E-01 2.3878E-01 2.0621E-01 1.7466E-01 1.4255E-01 1.5222E-01
1.0300E-01 1.2937E-01 1.5160E-01 1.6700E-01 1.7430E-01 1.7333E-01 1.6485E-01 1.4972E-01 1.4793E-01 1.6191E-01 1.7224E-01 2.2179E-01 2.4096E-01 2.2056E-01 2.1397E-01 2.2365E-01 2.2001E-01 2.2984E-01 2.6958E-01 3.0087E-01 2.7540E-01 1.9980E-01 1.8099E-01 1.9134E-01 2.0842E-01 2.3063E-01 2.4640E-01 2.4759E-01 2.3328E-01 2.0524E-01 1.7447E-01 1.7657E-01 2.3367E-01 2.9593E-01 3.3131E-01 3.3276E-01 3.0570E-01 2.6392E-01 2.3779E-01 2.5589E-01 2.5512E-01 1.8780E-01 2.1012E-01 2.5163E-01 2.9054E-01 3.3227E-01 4.0042E-01 4.3855E-01 3.9314E-01 3.4767E-01 3.0759E-01 2.7471E-01 2.4464E-01 2.1325E-01 1.8043E-01 1.4743E-01 1.3347E-01
9.9901E-02 1.2308E-01 1.4086E-01 1.5089E-01 1.5269E-01 1.4722E-01 1.3605E-01 1.4379E-01 1.5728E-01 1.6776E-01 2.2223E-01 2.4697E-01 2.0935E-01 1.9733E-01 2.2005E-01 2.3325E-01 2.3651E-01 2.5994E-01 2.9844E-01 2.8641E-01 2.1512E-01 1.7852E-01 1.7269E-01 1.9319E-01 2.1429E-01 2.3366E-01 2.4160E-01 2.3569E-01 2.1629E-01 1.8609E-01 1.6236E-01 1.7822E-01 2.3979E-01 2.9104E-01 3.1584E-01 3.1151E-01 2.8476E-01 2.4706E-01 2.3098E-01 2.5312E-01 2.4218E-01 1.7733E-01 2.0152E-01 2.4242E-01 2.8354E-01 3.3015E-01 4.0295E-01 4.4027E-01 3.8269E-01 3.3578E-01 3.0432E-01 2.7734E-01 2.4768E-01 2.1580E-01 1.8251E-01 1.4951E-01 1.3832E-01
