20231023_webinar_progetto_murano/refs/data_input_report_tx_finale/grd_f3_sc_4/Average_Period.grd
DSAA
          81           81
 760250.0000  764250.0000
5036750.0000 5040750.0000
  0.2561E-04   0.3482E-01
[rows 0 to 24 of 81, columns 0 to 56 of 81]
5.4917E-05 7.0628E-05 8.3257E-05 9.2434E-05 9.8887E-05 1.0384E-04 1.0908E-04 1.1418E-04 1.1948E-04 1.2565E-04 1.3211E-04 1.4036E-04 1.4853E-04 1.5502E-04 1.6427E-04 1.7642E-04 1.8688E-04 1.9384E-04 1.9887E-04 2.0098E-04 2.0108E-04 2.0212E-04 2.0424E-04 2.0700E-04 2.0979E-04 2.1455E-04 2.2380E-04 2.3740E-04 2.4871E-04 2.5259E-04 2.5062E-04 2.5123E-04 2.6157E-04 2.7716E-04 2.8818E-04 2.9678E-04 3.0813E-04 3.1836E-04 3.2417E-04 3.2952E-04 3.3843E-04 3.4892E-04 3.6147E-04 3.7405E-04 3.7778E-04 3.7006E-04 3.5603E-04 3.4111E-04 3.2565E-04 3.1208E-04 3.0085E-04 2.9072E-04 2.8219E-04 2.7437E-04 2.6547E-04 2.5560E-04 2.4468E-04
6.9189E-05 8.8914E-05 1.0469E-04 1.1628E-04 1.2461E-04 1.3070E-04 1.3693E-04 1.4325E-04 1.5013E-04 1.5814E-04 1.6686E-04 1.7802E-04 1.8819E-04 1.9569E-04 2.0613E-04 2.2035E-04 2.3467E-04 2.4654E-04 2.5441E-04 2.5750E-04 2.5714E-04 2.5705E-04 2.5930E-04 2.6254E-04 2.6589E-04 2.7132E-04 2.8124E-04 2.9810E-04 3.1457E-04 3.2251E-04 3.2159E-04 3.2230E-04 3.3526E-04 3.5606E-04 3.7066E-04 3.8103E-04 3.9343E-04 4.0878E-04 4.1867E-04 4.2520E-04 4.3518E-04 4.4816E-04 4.6351E-04 4.7990E-04 4.8418E-04 4.7090E-04 4.4941E-04 4.2729E-04 4.0639E-04 3.8894E-04 3.7479E-04 3.6192E-04 3.5086E-04 3.4072E-04 3.2873E-04 3.1491E-04 3.0013E-04
8.0381E-05 1.0258E-04 1.2017E-04 1.3366E-04 1.4384E-04 1.5093E-04 1.5743E-04 1.6467E-04 1.7292E-04 1.8214E-04 1.9233E-04 2.0415E-04 2.1593E-04 2.2630E-04 2.3666E-04 2.5053E-04 2.6768E-04 2.8501E-04 2.9648E-04 3.0199E-04 3.0262E-04 3.0235E-04 3.0499E-04 3.0869E-04 3.1317E-04 3.1939E-04 3.2788E-04 3.4589E-04 3.6658E-04 3.7876E-04 3.8088E-04 3.8322E-04 3.9761E-04 4.2109E-04 4.3813E-04 4.5037E-04 4.6389E-04 4.8147E-04 4.9437E-04 5.0224E-04 5.1217E-04 5.2789E-04 5.4622E-04 5.6556E-04 5.6918E-04 5.5195E-04 5.2599E-04 4.9966E-04 4.7603E-04 4.5563E-04 4.3822E-04 4.2291E-04 4.0939E-04 3.9608E-04 3.8131E-04 3.6485E-04 3.4741E-04
8.9896E-05 1.1372E-04 1.3193E-04 1.4599E-04 1.5724E-04 1.6515E-04 1.7181E-04 1.7942E-04 1.8844E-04 1.9848E-04 2.0886E-04 2.1959E-04 2.3258E-04 2.4685E-04 2.5781E-04 2.7034E-04 2.8750E-04 3.0729E-04 3.2339E-04 3.3383E-04 3.3799E-04 3.3902E-04 3.4172E-04 3.4548E-04 3.5096E-04 3.5884E-04 3.6709E-04 3.8450E-04 4.0685E-04 4.2315E-04 4.2981E-04 4.3482E-04 4.4949E-04 4.7439E-04 4.9427E-04 5.0801E-04 5.2278E-04 5.4077E-04 5.5614E-04 5.6652E-04 5.7720E-04 5.9405E-04 6.1481E-04 6.3643E-04 6.3875E-04 6.1887E-04 5.9036E-04 5.6126E-04 5.3553E-04 5.1208E-04 4.9209E-04 4.7477E-04 4.5940E-04 4.4301E-04 4.2483E-04 4.0547E-04 3.8606E-04
9.8308E-05 1.2320E-04 1.4134E-04 1.5454E-04 1.6520E-04 1.7401E-04 1.8165E-04 1.8942E-04 1.9828E-04 2.0855E-04 2.1826E-04 2.2819E-04 2.4156E-04 2.5800E-04 2.7129E-04 2.8332E-04 2.9943E-04 3.1980E-04 3.3927E-04 3.5473E-04 3.6483E-04 3.6862E-04 3.7072E-04 3.7491E-04 3.8234E-04 3.9411E-04 4.0400E-04 4.2052E-04 4.4240E-04 4.6297E-04 4.7546E-04 4.8261E-04 4.9611E-04 5.2174E-04 5.4555E-04 5.6103E-04 5.7629E-04 5.9545E-04 6.1357E-04 6.2617E-04 6.3721E-04 6.5594E-04 6.7587E-04 6.9799E-04 6.9811E-04 6.7529E-04 6.4528E-04 6.1475E-04 5.8715E-04 5.6169E-04 5.4057E-04 5.2208E-04 5.0451E-04 4.8482E-04 4.6261E-04 4.3956E-04 4.1805E-04
1.0550E-04 1.3141E-04 1.4878E-04 1.6070E-04 1.7023E-04 1.7904E-04 1.8819E-04 1.9698E-04 2.0563E-04 2.1490E-04 2.2407E-04 2.3418E-04 2.4692E-04 2.6275E-04 2.7746E-04 2.9091E-04 3.0809E-04 3.2820E-04 3.4986E-04 3.6957E-04 3.8451E-04 3.9205E-04 3.9488E-04 4.0019E-04 4.0986E-04 4.2637E-04 4.4186E-04 4.6000E-04 4.8031E-04 5.0248E-04 5.2037E-04 5.3090E-04 5.4272E-04 5.6944E-04 6.0056E-04 6.1534E-04 6.2749E-04 6.4799E-04 6.7024E-04 6.8147E-04 6.9326E-04 7.1216E-04 7.3603E-04 7.5901E-04 7.5582E-04 7.2876E-04 6.9599E-04 6.6484E-04 6.3632E-04 6.0935E-04 5.8668E-04 5.6614E-04 5.4582E-04 5.2222E-04 4.9627E-04 4.7039E-04 4.4688E-04
1.1138E-04 1.3834E-04 1.5522E-04 1.6605E-04 1.7428E-04 1.8219E-04 1.9141E-04 2.0145E-04 2.1093E-04 2.1965E-04 2.2909E-04 2.3972E-04 2.5102E-04 2.6475E-04 2.7963E-04 2.9481E-04 3.1344E-04 3.3251E-04 3.5536E-04 3.7931E-04 3.9855E-04 4.1121E-04 4.1667E-04 4.2318E-04 4.3528E-04 4.5751E-04 4.8028E-04 4.9951E-04 5.1923E-04 5.4095E-04 5.6222E-04 5.7599E-04 5.9078E-04 6.1799E-04 6.5466E-04 6.6750E-04 6.7497E-04 6.9327E-04 7.1799E-04 7.3415E-04 7.4641E-04 7.6739E-04 7.9460E-04 8.1813E-04 8.1239E-04 7.8066E-04 7.4367E-04 7.1294E-04 6.8444E-04 6.5564E-04 6.2913E-04 6.0603E-04 5.8358E-04 5.5694E-04 5.2762E-04 4.9910E-04 4.7333E-04
1.1483E-04 1.4352E-04 1.6148E-04 1.7217E-04 1.7943E-04 1.8597E-04 1.9359E-04 2.0303E-04 2.1357E-04 2.2350E-04 2.3416E-04 2.4513E-04 2.5468E-04 2.6569E-04 2.8016E-04 2.9677E-04 3.1515E-04 3.3423E-04 3.5780E-04 3.8493E-04 4.0917E-04 4.2779E-04 4.3864E-04 4.4659E-04 4.6080E-04 4.8943E-04 5.1732E-04 5.3526E-04 5.5380E-04 5.7403E-04 5.9956E-04 6.1718E-04 6.3156E-04 6.5687E-04 6.9695E-04 7.1195E-04 7.1780E-04 7.3711E-04 7.6094E-04 7.7866E-04 7.9357E-04 8.2036E-04 8.5039E-04 8.7534E-04 8.6575E-04 8.2920E-04 7.9088E-04 7.6131E-04 7.3148E-04 6.9939E-04 6.6830E-04 6.4236E-04 6.1762E-04 5.8848E-04 5.5705E-04 5.2640E-04 4.9810E-04
1.1514E-04 1.4653E-04 1.6745E-04 1.7950E-04 1.8680E-04 1.9125E-04 1.9560E-04 2.0280E-04 2.1332E-04 2.2525E-04 2.3704E-04 2.4819E-04 2.5782E-04 2.6756E-04 2.8032E-04 2.9722E-04 3.1684E-04 3.3725E-04 3.6007E-04 3.8669E-04 4.1556E-04 4.4071E-04 4.5863E-04 4.6995E-04 4.8524E-04 5.1532E-04 5.4956E-04 5.6835E-04 5.8527E-04 6.0395E-04 6.3014E-04 6.5642E-04 6.7022E-04 6.9016E-04 7.3185E-04 7.5559E-04 7.6207E-04 7.8427E-04 8.0991E-04 8.2378E-04 8.3612E-04 8.6437E-04 9.0273E-04 9.3285E-04 9.1919E-04 8.7922E-04 8.4093E-04 8.1024E-04 7.7537E-04 7.3932E-04 7.0591E-04 6.7824E-04 6.5008E-04 6.1683E-04 5.8260E-04 5.5056E-04 5.2073E-04
1.1344E-04 1.4706E-04 1.7127E-04 1.8545E-04 1.9292E-04 1.9632E-04 1.9882E-04 2.0388E-04 2.1268E-04 2.2437E-04 2.3749E-04 2.5057E-04 2.6192E-04 2.7292E-04 2.8429E-04 2.9938E-04 3.1975E-04 3.4076E-04 3.6272E-04 3.8720E-04 4.1884E-04 4.5103E-04 4.7518E-04 4.9220E-04 5.0881E-04 5.4103E-04 5.8502E-04 6.0567E-04 6.1526E-04 6.3093E-04 6.5450E-04 6.8437E-04 7.0431E-04 7.2596E-04 7.6589E-04 7.9840E-04 8.0870E-04 8.2998E-04 8.5802E-04 8.7312E-04 8.8188E-04 9.0939E-04 9.5394E-04 9.8859E-04 9.7203E-04 9.2893E-04 8.8943E-04 8.5579E-04 8.1759E-04 7.7776E-04 7.4321E-04 7.1391E-04 6.8124E-04 6.4410E-04 6.0680E-04 5.7281E-04 5.4089E-04
1.1048E-04 1.4523E-04 1.7213E-04 1.8924E-04 1.9835E-04 2.0252E-04 2.0476E-04 2.0776E-04 2.1308E-04 2.2282E-04 2.3745E-04 2.5360E-04 2.6698E-04 2.7997E-04 2.9112E-04 3.0167E-04 3.1947E-04 3.4224E-04 3.6664E-04 3.9021E-04 4.2193E-04 4.5773E-04 4.8650E-04 5.1176E-04 5.3317E-04 5.6579E-04 6.1189E-04 6.4160E-04 6.4585E-04 6.5694E-04 6.7992E-04 7.0910E-04 7.3353E-04 7.5833E-04 7.9711E-04 8.3669E-04 8.4870E-04 8.7106E-04 8.9879E-04 9.1856E-04 9.2986E-04 9.6303E-04 1.0114E-03 1.0494E-03 1.0293E-03 9.8063E-04 9.3900E-04 9.0165E-04 8.5985E-04 8.1700E-04 7.7961E-04 7.4625E-04 7.0951E-04 6.7001E-04 6.3073E-04 5.9381E-04 5.6017E-04
1.0847E-04 1.4253E-04 1.7022E-04 1.9061E-04 2.0315E-04 2.0880E-04 2.1104E-04 2.1284E-04 2.1588E-04 2.2335E-04 2.3655E-04 2.5392E-04 2.7048E-04 2.8609E-04 2.9948E-04 3.0871E-04 3.2343E-04 3.4572E-04 3.7001E-04 3.9521E-04 4.2616E-04 4.6160E-04 4.9214E-04 5.2520E-04 5.5779E-04 5.9150E-04 6.3544E-04 6.7477E-04 6.7977E-04 6.9044E-04 7.1085E-04 7.3784E-04 7.6190E-04 7.8505E-04 8.2507E-04 8.7302E-04 8.8981E-04 9.1923E-04 9.5051E-04 9.6719E-04 9.8473E-04 1.0268E-03 1.0798E-03 1.1193E-03 1.0893E-03 1.0327E-03 9.8856E-04 9.4965E-04 9.0338E-04 8.5723E-04 8.1588E-04 7.7690E-04 7.3665E-04 6.9492E-04 6.5341E-04 6.1373E-04 5.7792E-04
1.0844E-04 1.4139E-04 1.6828E-04 1.8972E-04 2.0475E-04 2.1331E-04 2.1771E-04 2.1991E-04 2.2255E-04 2.2796E-04 2.3725E-04 2.5251E-04 2.7149E-04 2.9044E-04 3.0675E-04 3.1886E-04 3.3165E-04 3.5062E-04 3.7467E-04 4.0119E-04 4.2962E-04 4.6257E-04 4.9665E-04 5.3626E-04 5.7981E-04 6.2382E-04 6.6768E-04 7.0680E-04 7.2094E-04 7.3011E-04 7.4416E-04 7.7000E-04 7.9690E-04 8.1727E-04 8.5753E-04 9.1444E-04 9.4239E-04 9.6908E-04 1.0005E-03 1.0193E-03 1.0352E-03 1.0836E-03 1.1523E-03 1.1914E-03 1.1509E-03 1.0865E-03 1.0395E-03 9.9652E-04 9.4622E-04 8.9753E-04 8.5250E-04 8.0849E-04 7.6403E-04 7.1918E-04 6.7446E-04 6.3239E-04 5.9454E-04
1.0941E-04 1.4160E-04 1.6730E-04 1.8785E-04 2.0443E-04 2.1670E-04 2.2476E-04 2.2975E-04 2.3335E-04 2.3725E-04 2.4330E-04 2.5507E-04 2.7275E-04 2.9288E-04 3.1144E-04 3.2724E-04 3.4229E-04 3.5891E-04 3.8169E-04 4.0927E-04 4.3935E-04 4.7387E-04 5.1026E-04 5.5106E-04 6.0033E-04 6.5595E-04 7.0123E-04 7.4076E-04 7.7107E-04 7.8304E-04 7.9257E-04 8.0975E-04 8.4141E-04 8.6592E-04 8.9524E-04 9.5259E-04 9.9594E-04 1.0218E-03 1.0544E-03 1.0736E-03 1.0911E-03 1.1511E-03 1.2216E-03 1.2621E-03 1.2158E-03 1.1452E-03 1.0933E-03 1.0451E-03 9.9066E-04 9.3930E-04 8.9021E-04 8.4026E-04 7.9027E-04 7.4182E-04 6.9457E-04 6.5119E-04 6.1251E-04
1.1006E-04 1.4209E-04 1.6726E-04 1.8678E-04 2.0345E-04 2.1784E-04 2.2885E-04 2.3731E-04 2.4471E-04 2.4994E-04 2.5504E-04 2.6268E-04 2.7489E-04 2.9334E-04 3.1562E-04 3.3660E-04 3.5811E-04 3.7830E-04 4.0105E-04 4.2675E-04 4.6031E-04 5.0245E-04 5.4051E-04 5.7831E-04 6.3076E-04 6.9727E-04 7.4559E-04 7.7738E-04 8.1992E-04 8.3680E-04 8.3949E-04 8.5414E-04 8.8960E-04 9.2264E-04 9.4727E-04 1.0083E-03 1.0578E-03 1.0829E-03 1.1195E-03 1.1391E-03 1.1591E-03 1.2157E-03 1.2968E-03 1.3391E-03 1.2847E-03 1.2055E-03 1.1501E-03 1.0965E-03 1.0364E-03 9.8089E-04 9.2728E-04 8.7062E-04 8.1493E-04 7.6342E-04 7.1524E-04 6.7213E-04 6.3223E-04
1.1039E-04 1.4238E-04 1.6732E-04 1.8613E-04 2.0205E-04 2.1591E-04 2.2782E-04 2.3940E-04 2.5208E-04 2.6276E-04 2.7026E-04 2.7637E-04 2.8384E-04 2.9806E-04 3.2048E-04 3.5036E-04 3.8379E-04 4.1405E-04 4.3965E-04 4.6327E-04 4.9949E-04 5.4301E-04 5.8143E-04 6.2262E-04 6.7941E-04 7.4925E-04 8.0786E-04 8.3296E-04 8.7030E-04 8.9719E-04 8.9088E-04 9.0554E-04 9.4510E-04 9.8113E-04 1.0079E-03 1.0705E-03 1.1291E-03 1.1546E-03 1.1962E-03 1.2247E-03 1.2383E-03 1.2964E-03 1.3855E-03 1.4256E-03 1.3551E-03 1.2677E-03 1.2082E-03 1.1495E-03 1.0854E-03 1.0240E-03 9.6454E-04 9.0080E-04 8.4046E-04 7.8553E-04 7.3654E-04 6.9489E-04 6.5424E-04
1.1067E-04 1.4254E-04 1.6752E-04 1.8633E-04 2.0157E-04 2.1451E-04 2.2473E-04 2.3735E-04 2.5340E-04 2.6941E-04 2.8202E-04 2.9113E-04 2.9769E-04 3.0809E-04 3.2529E-04 3.6134E-04 4.0749E-04 4.4487E-04 4.7795E-04 5.0480E-04 5.3748E-04 5.7974E-04 6.2420E-04 6.7262E-04 7.3092E-04 7.9021E-04 8.5951E-04 8.9975E-04 9.2471E-04 9.6265E-04 9.6087E-04 9.6970E-04 9.9942E-04 1.0366E-03 1.0692E-03 1.1377E-03 1.2098E-03 1.2438E-03 1.2863E-03 1.3118E-03 1.3133E-03 1.3748E-03 1.4659E-03 1.4995E-03 1.4220E-03 1.3340E-03 1.2685E-03 1.2039E-03 1.1370E-03 1.0700E-03 1.0031E-03 9.3275E-04 8.6775E-04 8.1030E-04 7.6148E-04 7.1981E-04 6.7694E-04
1.1063E-04 1.4221E-04 1.6739E-04 1.8660E-04 2.0237E-04 2.1593E-04 2.2656E-04 2.3881E-04 2.5415E-04 2.7148E-04 2.8945E-04 3.0422E-04 3.1417E-04 3.2536E-04 3.3977E-04 3.6944E-04 4.1601E-04 4.5842E-04 4.9973E-04 5.3378E-04 5.6747E-04 6.1282E-04 6.5969E-04 7.1415E-04 7.7363E-04 8.3313E-04 9.0237E-04 9.6089E-04 9.7890E-04 1.0170E-03 1.0465E-03 1.0579E-03 1.0656E-03 1.0982E-03 1.1349E-03 1.1915E-03 1.2848E-03 1.3291E-03 1.3705E-03 1.3897E-03 1.3986E-03 1.4582E-03 1.5565E-03 1.5836E-03 1.5011E-03 1.4133E-03 1.3423E-03 1.2667E-03 1.1927E-03 1.1205E-03 1.0437E-03 9.6648E-04 8.9881E-04 8.4031E-04 7.8919E-04 7.4297E-04 6.9806E-04
1.1015E-04 1.4156E-04 1.6655E-04 1.8632E-04 2.0330E-04 2.1839E-04 2.3107E-04 2.4398E-04 2.5783E-04 2.7274E-04 2.9247E-04 3.1260E-04 3.2852E-04 3.4388E-04 3.6078E-04 3.8469E-04 4.1838E-04 4.5872E-04 4.9852E-04 5.4334E-04 5.9008E-04 6.3838E-04 6.8185E-04 7.3928E-04 8.1711E-04 8.8504E-04 9.5009E-04 1.0183E-03 1.0583E-03 1.0728E-03 1.1204E-03 1.1332E-03 1.1339E-03 1.1633E-03 1.2018E-03 1.2509E-03 1.3544E-03 1.4189E-03 1.4739E-03 1.5062E-03 1.4991E-03 1.5603E-03 1.6690E-03 1.6861E-03 1.5930E-03 1.5036E-03 1.4311E-03 1.3435E-03 1.2548E-03 1.1716E-03 1.0844E-03 1.0026E-03 9.3390E-04 8.7516E-04 8.1933E-04 7.6630E-04 7.1836E-04
1.0993E-04 1.4106E-04 1.6530E-04 1.8495E-04 2.0256E-04 2.1865E-04 2.3400E-04 2.4984E-04 2.6434E-04 2.7696E-04 2.9430E-04 3.1489E-04 3.3615E-04 3.5816E-04 3.8035E-04 4.0575E-04 4.3400E-04 4.6676E-04 5.0522E-04 5.4616E-04 5.9484E-04 6.5265E-04 6.9696E-04 7.5253E-04 8.4170E-04 9.2087E-04 9.8483E-04 1.0658E-03 1.1507E-03 1.1616E-03 1.1820E-03 1.2028E-03 1.1992E-03 1.2254E-03 1.2831E-03 1.3314E-03 1.4309E-03 1.5155E-03 1.5893E-03 1.6205E-03 1.6173E-03 1.6892E-03 1.8066E-03 1.7985E-03 1.6914E-03 1.6026E-03 1.5221E-03 1.4235E-03 1.3242E-03 1.2238E-03 1.1230E-03 1.0383E-03 9.6820E-04 9.0930E-04 8.5107E-04 7.9183E-04 7.3645E-04
1.1069E-04 1.4181E-04 1.6585E-04 1.8463E-04 2.0172E-04 2.1863E-04 2.3540E-04 2.5272E-04 2.6819E-04 2.8106E-04 2.9645E-04 3.1447E-04 3.3646E-04 3.6243E-04 3.9090E-04 4.2211E-04 4.5303E-04 4.7812E-04 5.0847E-04 5.4799E-04 5.9483E-04 6.5602E-04 7.0983E-04 7.6350E-04 8.4538E-04 9.5060E-04 1.0280E-03 1.1097E-03 1.1986E-03 1.2424E-03 1.2502E-03 1.2822E-03 1.2824E-03 1.3061E-03 1.3733E-03 1.4311E-03 1.5281E-03 1.6248E-03 1.6939E-03 1.7290E-03 1.7413E-03 1.8321E-03 1.9637E-03 1.9313E-03 1.8077E-03 1.7098E-03 1.6111E-03 1.4998E-03 1.3947E-03 1.2795E-03 1.1644E-03 1.0766E-03 1.0066E-03 9.4424E-04 8.8095E-04 8.1471E-04 7.5015E-04
1.1032E-04 1.4203E-04 1.6721E-04 1.8662E-04 2.0373E-04 2.2091E-04 2.3726E-04 2.5363E-04 2.6849E-04 2.8192E-04 2.9863E-04 3.1773E-04 3.3898E-04 3.6431E-04 3.9671E-04 4.3687E-04 4.7122E-04 4.9618E-04 5.1970E-04 5.5188E-04 5.9801E-04 6.5301E-04 7.1186E-04 7.7646E-04 8.4839E-04 9.5181E-04 1.0579E-03 1.1423E-03 1.2285E-03 1.3179E-03 1.3187E-03 1.3681E-03 1.3962E-03 1.4148E-03 1.4695E-03 1.5362E-03 1.6259E-03 1.7371E-03 1.8272E-03 1.8628E-03 1.8847E-03 1.9896E-03 2.1342E-03 2.0864E-03 1.9466E-03 1.8281E-03 1.7083E-03 1.5819E-03 1.4626E-03 1.3318E-03 1.2110E-03 1.1236E-03 1.0518E-03 9.7952E-04 9.0439E-04 8.3248E-04 7.6183E-04
1.0649E-04 1.3904E-04 1.6625E-04 1.8819E-04 2.0752E-04 2.2538E-04 2.4067E-04 2.5553E-04 2.6971E-04 2.8335E-04 3.0089E-04 3.2239E-04 3.4332E-04 3.6640E-04 3.9991E-04 4.4808E-04 4.9313E-04 5.1965E-04 5.4553E-04 5.7050E-04 5.9358E-04 6.4136E-04 7.0104E-04 7.7520E-04 8.5073E-04 9.4397E-04 1.0504E-03 1.1457E-03 1.2464E-03 1.3619E-03 1.4107E-03 1.4419E-03 1.5150E-03 1.5361E-03 1.5741E-03 1.6611E-03 1.7315E-03 1.8598E-03 1.9512E-03 2.0096E-03 2.0466E-03 2.1636E-03 2.3242E-03 2.2581E-03 2.0954E-03 1.9625E-03 1.8218E-03 1.6777E-03 1.5353E-03 1.3872E-03 1.2682E-03 1.1807E-03 1.0990E-03 1.0104E-03 9.2333E-04 8.4382E-04 7.7163E-04
1.0059E-04 1.3235E-04 1.6033E-04 1.8493E-04 2.0783E-04 2.2875E-04 2.4522E-04 2.5968E-04 2.7400E-04 2.8944E-04 3.0607E-04 3.2601E-04 3.4832E-04 3.7215E-04 4.0586E-04 4.5529E-04 5.0856E-04 5.4563E-04 5.7729E-04 5.9070E-04 6.0545E-04 6.3264E-04 6.9012E-04 7.6729E-04 8.4821E-04 9.3282E-04 1.0407E-03 1.1709E-03 1.2760E-03 1.4136E-03 1.5308E-03 1.5637E-03 1.6194E-03 1.6529E-03 1.6938E-03 1.7790E-03 1.8366E-03 1.9905E-03 2.1146E-03 2.1935E-03 2.2387E-03 2.3771E-03 2.5310E-03 2.4415E-03 2.2642E-03 2.1114E-03 1.9443E-03 1.7823E-03 1.6137E-03 1.4502E-03 1.3319E-03 1.2407E-03 1.1473E-03 1.0463E-03 9.4552E-04 8.5436E-04 7.8440E-04
9.6331E-05 1.2628E-04 1.5335E-04 1.7798E-04 2.0213E-04 2.2607E-04 2.4618E-04 2.6394E-04 2.8070E-04 2.9939E-04 3.1805E-04 3.3675E-04 3.5725E-04 3.8304E-04 4.1741E-04 4.6456E-04 5.1680E-04 5.6282E-04 6.0033E-04 6.2119E-04 6.3388E-04 6.4273E-04 6.7722E-04 7.4999E-04 8.4465E-04 9.3920E-04 1.0402E-03 1.1854E-03 1.3169E-03 1.4819E-03 1.6340E-03 1.7175E-03 1.7116E-03 1.7800E-03 1.8048E-03 1.8743E-03 1.9692E-03 2.1356E-03 2.2879E-03 2.3852E-03 2.4479E-03 2.6086E-03 2.7887E-03 2.6622E-03 2.4566E-03 2.2656E-03 2.0700E-03 1.8895E-03 1.6899E-03 1.5266E-03 1.4062E-03 1.3062E-03 1.2000E-03 1.0839E-03 9.6640E-04 8.7102E-04 8.0579E-04
