20231023_webinar_progetto_murano/refs/data_input_report_tx_finale/grd_f3_sc_4/Average_Period.grd
DSAA
          81           81
 760250.0000  764250.0000
5036750.0000 5040750.0000
  0.2561E-04   0.3482E-01
[rows 25 to 49 of 81, columns 0 to 56 of 81]
9.6403E-05 1.2562E-04 1.5074E-04 1.7311E-04 1.9539E-04 2.1827E-04 2.4003E-04 2.6284E-04 2.8540E-04 3.1035E-04 3.3563E-04 3.5679E-04 3.7569E-04 3.9985E-04 4.2910E-04 4.7194E-04 5.2078E-04 5.6820E-04 6.1098E-04 6.4818E-04 6.7006E-04 6.7981E-04 7.0124E-04 7.6043E-04 8.4720E-04 9.4483E-04 1.0430E-03 1.1798E-03 1.3399E-03 1.4981E-03 1.6849E-03 1.8228E-03 1.8483E-03 1.9115E-03 1.9482E-03 1.9989E-03 2.1457E-03 2.3087E-03 2.4789E-03 2.5919E-03 2.6638E-03 2.8474E-03 3.0517E-03 2.8972E-03 2.6712E-03 2.4416E-03 2.2120E-03 2.0038E-03 1.7801E-03 1.6162E-03 1.4968E-03 1.3832E-03 1.2534E-03 1.1144E-03 9.9018E-04 9.0003E-04 8.3822E-04
9.7513E-05 1.2671E-04 1.5042E-04 1.7136E-04 1.9157E-04 2.1144E-04 2.3197E-04 2.5447E-04 2.8058E-04 3.1124E-04 3.4417E-04 3.7188E-04 3.9468E-04 4.1876E-04 4.4502E-04 4.8047E-04 5.2670E-04 5.7288E-04 6.0964E-04 6.5667E-04 7.0591E-04 7.3921E-04 7.5083E-04 7.8206E-04 8.6077E-04 9.4644E-04 1.0553E-03 1.1640E-03 1.3100E-03 1.5014E-03 1.6833E-03 1.8869E-03 2.0038E-03 2.0791E-03 2.1304E-03 2.1751E-03 2.3208E-03 2.4836E-03 2.6893E-03 2.8210E-03 2.9150E-03 3.1133E-03 3.3494E-03 3.1719E-03 2.9021E-03 2.6340E-03 2.3762E-03 2.1195E-03 1.8879E-03 1.7266E-03 1.5979E-03 1.4630E-03 1.3013E-03 1.1462E-03 1.0259E-03 9.4054E-04 8.8073E-04
9.6191E-05 1.2397E-04 1.4741E-04 1.6910E-04 1.8938E-04 2.0818E-04 2.2641E-04 2.4597E-04 2.6932E-04 2.9731E-04 3.3180E-04 3.6718E-04 3.9933E-04 4.3132E-04 4.6094E-04 4.9412E-04 5.3322E-04 5.7858E-04 6.1840E-04 6.6559E-04 7.1955E-04 7.7147E-04 8.1139E-04 8.4101E-04 8.9221E-04 9.6030E-04 1.0571E-03 1.1695E-03 1.3059E-03 1.4887E-03 1.7004E-03 1.9058E-03 2.1625E-03 2.2583E-03 2.3526E-03 2.3823E-03 2.5191E-03 2.6975E-03 2.9617E-03 3.1194E-03 3.2283E-03 3.4532E-03 3.6775E-03 3.4652E-03 3.1624E-03 2.8578E-03 2.5684E-03 2.2591E-03 2.0199E-03 1.8437E-03 1.6920E-03 1.5182E-03 1.3313E-03 1.1788E-03 1.0667E-03 9.8660E-04 9.3195E-04
9.2047E-05 1.1782E-04 1.4152E-04 1.6394E-04 1.8403E-04 2.0198E-04 2.1910E-04 2.3794E-04 2.5908E-04 2.8095E-04 3.0855E-04 3.4148E-04 3.7948E-04 4.2286E-04 4.6209E-04 4.9950E-04 5.3604E-04 5.7345E-04 6.1378E-04 6.6968E-04 7.3296E-04 7.7839E-04 8.3984E-04 8.9946E-04 9.4575E-04 9.7766E-04 1.0456E-03 1.1767E-03 1.3405E-03 1.4826E-03 1.6943E-03 1.9588E-03 2.2699E-03 2.4677E-03 2.5469E-03 2.6054E-03 2.7466E-03 2.9765E-03 3.2611E-03 3.4327E-03 3.5766E-03 3.8467E-03 4.0342E-03 3.7771E-03 3.4336E-03 3.1018E-03 2.7671E-03 2.4193E-03 2.1809E-03 1.9818E-03 1.7816E-03 1.5643E-03 1.3644E-03 1.2145E-03 1.1097E-03 1.0406E-03 9.8251E-04
8.8561E-05 1.1453E-04 1.3846E-04 1.6003E-04 1.7830E-04 1.9466E-04 2.1027E-04 2.2694E-04 2.4557E-04 2.6669E-04 2.9031E-04 3.1611E-04 3.4920E-04 3.9182E-04 4.3893E-04 4.8825E-04 5.3210E-04 5.6647E-04 6.0197E-04 6.5354E-04 7.1686E-04 7.7710E-04 8.3550E-04 9.0497E-04 9.8219E-04 1.0286E-03 1.0651E-03 1.1705E-03 1.3245E-03 1.4994E-03 1.7127E-03 1.9902E-03 2.3460E-03 2.6579E-03 2.7867E-03 2.8687E-03 2.9606E-03 3.2516E-03 3.5816E-03 3.8132E-03 3.9627E-03 4.2939E-03 4.5021E-03 4.1815E-03 3.7710E-03 3.3601E-03 2.9681E-03 2.6116E-03 2.3477E-03 2.0998E-03 1.8465E-03 1.5955E-03 1.4020E-03 1.2662E-03 1.1699E-03 1.0957E-03 1.0103E-03
8.7792E-05 1.1396E-04 1.3735E-04 1.5809E-04 1.7577E-04 1.9058E-04 2.0361E-04 2.1796E-04 2.3347E-04 2.5300E-04 2.7512E-04 2.9846E-04 3.2819E-04 3.6236E-04 4.0323E-04 4.5418E-04 5.1191E-04 5.6176E-04 5.9665E-04 6.3727E-04 6.8630E-04 7.5048E-04 8.2643E-04 8.9510E-04 9.8858E-04 1.0779E-03 1.1363E-03 1.1811E-03 1.3076E-03 1.5196E-03 1.7267E-03 1.9618E-03 2.3127E-03 2.6924E-03 2.9863E-03 3.1176E-03 3.2205E-03 3.5458E-03 3.9058E-03 4.2834E-03 4.4484E-03 4.8225E-03 5.0823E-03 4.6614E-03 4.1446E-03 3.6637E-03 3.2001E-03 2.8403E-03 2.5384E-03 2.2198E-03 1.9076E-03 1.6450E-03 1.4693E-03 1.3456E-03 1.2348E-03 1.1280E-03 1.0122E-03
8.7696E-05 1.1402E-04 1.3620E-04 1.5543E-04 1.7274E-04 1.8650E-04 1.9829E-04 2.1437E-04 2.2998E-04 2.4635E-04 2.6459E-04 2.8604E-04 3.1502E-04 3.4482E-04 3.7702E-04 4.1763E-04 4.6852E-04 5.2696E-04 5.8153E-04 6.3797E-04 6.8781E-04 7.2853E-04 7.8883E-04 8.8143E-04 1.0079E-03 1.1077E-03 1.2067E-03 1.2578E-03 1.3281E-03 1.5200E-03 1.7274E-03 1.9649E-03 2.2210E-03 2.6591E-03 3.1181E-03 3.3703E-03 3.5157E-03 3.8264E-03 4.2263E-03 4.6829E-03 4.9911E-03 5.4532E-03 5.6940E-03 5.1992E-03 4.5326E-03 3.9796E-03 3.4609E-03 3.0639E-03 2.6995E-03 2.3142E-03 1.9732E-03 1.7295E-03 1.5615E-03 1.4199E-03 1.2720E-03 1.1328E-03 1.0023E-03
8.5403E-05 1.1120E-04 1.3254E-04 1.5033E-04 1.6593E-04 1.7976E-04 1.9381E-04 2.1145E-04 2.2708E-04 2.4415E-04 2.6324E-04 2.8331E-04 3.0694E-04 3.3047E-04 3.5692E-04 3.9083E-04 4.3007E-04 4.7846E-04 5.4054E-04 6.1619E-04 6.9270E-04 7.4757E-04 7.9055E-04 8.4659E-04 9.5720E-04 1.0958E-03 1.2168E-03 1.3082E-03 1.4037E-03 1.5089E-03 1.7041E-03 1.9646E-03 2.2219E-03 2.6161E-03 3.1202E-03 3.6158E-03 3.8217E-03 4.0460E-03 4.5568E-03 5.1683E-03 5.6137E-03 6.1870E-03 6.4738E-03 5.8366E-03 4.9813E-03 4.3318E-03 3.7606E-03 3.2671E-03 2.8057E-03 2.3735E-03 2.0553E-03 1.8370E-03 1.6393E-03 1.4487E-03 1.2704E-03 1.1165E-03 9.8429E-04
8.0564E-05 1.0447E-04 1.2509E-04 1.4230E-04 1.5639E-04 1.7038E-04 1.8705E-04 2.0441E-04 2.1814E-04 2.3540E-04 2.5661E-04 2.7870E-04 3.0353E-04 3.2253E-04 3.4034E-04 3.6773E-04 4.0557E-04 4.4474E-04 4.9642E-04 5.5945E-04 6.3702E-04 7.2937E-04 8.0430E-04 8.4521E-04 9.0099E-04 1.0072E-03 1.1589E-03 1.2784E-03 1.4342E-03 1.5499E-03 1.6536E-03 1.9032E-03 2.2165E-03 2.5326E-03 3.0539E-03 3.7930E-03 4.1258E-03 4.3485E-03 4.8494E-03 5.6257E-03 6.2107E-03 6.9867E-03 7.2995E-03 6.3929E-03 5.4198E-03 4.6282E-03 4.0383E-03 3.4372E-03 2.8621E-03 2.4442E-03 2.1573E-03 1.9360E-03 1.6830E-03 1.4371E-03 1.2390E-03 1.0887E-03 9.6238E-04
7.6912E-05 9.8525E-05 1.1659E-04 1.3253E-04 1.4486E-04 1.5805E-04 1.7431E-04 1.9028E-04 2.0503E-04 2.2182E-04 2.4123E-04 2.6245E-04 2.8508E-04 3.0678E-04 3.2763E-04 3.5900E-04 3.9777E-04 4.2619E-04 4.6308E-04 5.1199E-04 5.7429E-04 6.5906E-04 7.4652E-04 8.3120E-04 9.1758E-04 9.8274E-04 1.0606E-03 1.2052E-03 1.3929E-03 1.5772E-03 1.7277E-03 1.8833E-03 2.1637E-03 2.4896E-03 2.8951E-03 3.5477E-03 4.2910E-03 4.6645E-03 5.1613E-03 6.1057E-03 6.8705E-03 7.8381E-03 8.1040E-03 6.9335E-03 5.8282E-03 4.9401E-03 4.2074E-03 3.4975E-03 2.9487E-03 2.5881E-03 2.2702E-03 1.9658E-03 1.6719E-03 1.4081E-03 1.2087E-03 1.0603E-03 9.3089E-04
7.6348E-05 9.6605E-05 1.1184E-04 1.2628E-04 1.3782E-04 1.5054E-04 1.6508E-04 1.7990E-04 1.9653E-04 2.1288E-04 2.2706E-04 2.4727E-04 2.6707E-04 2.8634E-04 3.0797E-04 3.3362E-04 3.7055E-04 4.0242E-04 4.4208E-04 4.8626E-04 5.3358E-04 5.8621E-04 6.4834E-04 7.4797E-04 8.6771E-04 1.0160E-03 1.0995E-03 1.1786E-03 1.3417E-03 1.5783E-03 1.8271E-03 2.0276E-03 2.1502E-03 2.4372E-03 2.9336E-03 3.4269E-03 4.3705E-03 5.0697E-03 5.6119E-03 6.7214E-03 7.8026E-03 8.9437E-03 9.1220E-03 7.4889E-03 6.2206E-03 5.3695E-03 4.3389E-03 3.5295E-03 3.1192E-03 2.7221E-03 2.3024E-03 1.9360E-03 1.6345E-03 1.3699E-03 1.1752E-03 1.0303E-03 9.1064E-04
7.7330E-05 9.8913E-05 1.1289E-04 1.2475E-04 1.3566E-04 1.4761E-04 1.5986E-04 1.7384E-04 1.8987E-04 2.0398E-04 2.1648E-04 2.3815E-04 2.5889E-04 2.7668E-04 2.9530E-04 3.1202E-04 3.3730E-04 3.6451E-04 3.9882E-04 4.3989E-04 4.8788E-04 5.3118E-04 5.7450E-04 6.3646E-04 7.2359E-04 9.2042E-04 1.1348E-03 1.2290E-03 1.3021E-03 1.4699E-03 1.7817E-03 2.0818E-03 2.2322E-03 2.4517E-03 2.9048E-03 3.4090E-03 4.1700E-03 5.3632E-03 6.0121E-03 6.9493E-03 8.4628E-03 1.0048E-02 9.6822E-03 7.6568E-03 6.3425E-03 5.4431E-03 4.2687E-03 3.6445E-03 3.2543E-03 2.6975E-03 2.2753E-03 1.9031E-03 1.6004E-03 1.3491E-03 1.1648E-03 1.0235E-03 9.2210E-04
7.7998E-05 1.0238E-04 1.1874E-04 1.2953E-04 1.3707E-04 1.4730E-04 1.5705E-04 1.6670E-04 1.7952E-04 1.9049E-04 2.0280E-04 2.2344E-04 2.4449E-04 2.5841E-04 2.7810E-04 3.0160E-04 3.2396E-04 3.4279E-04 3.6530E-04 3.9735E-04 4.3332E-04 4.7030E-04 5.1301E-04 5.7134E-04 6.2997E-04 7.4054E-04 8.8661E-04 1.0752E-03 1.2645E-03 1.3817E-03 1.5463E-03 1.8121E-03 2.1794E-03 2.5625E-03 2.9071E-03 3.4840E-03 4.2750E-03 5.6121E-03 6.8540E-03 7.9710E-03 9.7888E-03 1.1487E-02 1.0536E-02 7.9943E-03 6.5666E-03 5.2188E-03 4.3253E-03 3.7867E-03 3.2478E-03 2.7191E-03 2.2849E-03 1.8866E-03 1.5901E-03 1.3559E-03 1.1988E-03 1.0708E-03 9.6583E-04
7.9019E-05 1.0416E-04 1.2312E-04 1.3753E-04 1.4371E-04 1.5112E-04 1.6175E-04 1.6966E-04 1.7782E-04 1.8692E-04 1.9801E-04 2.1472E-04 2.3178E-04 2.4206E-04 2.5850E-04 2.7982E-04 3.0813E-04 3.3140E-04 3.5045E-04 3.8022E-04 3.9984E-04 4.3066E-04 4.6056E-04 5.0823E-04 5.6522E-04 6.4998E-04 7.3961E-04 8.0857E-04 9.4994E-04 1.2105E-03 1.4521E-03 1.7465E-03 1.9973E-03 2.4553E-03 3.0557E-03 3.6722E-03 4.5441E-03 5.8705E-03 8.2957E-03 9.7547E-03 1.1908E-02 1.4233E-02 1.1939E-02 8.8188E-03 6.7494E-03 5.3843E-03 4.6855E-03 3.9389E-03 3.2687E-03 2.6488E-03 2.1642E-03 1.8320E-03 1.5504E-03 1.3620E-03 1.2408E-03 1.1207E-03 1.0091E-03
7.8544E-05 1.0146E-04 1.1880E-04 1.3355E-04 1.4463E-04 1.5571E-04 1.6609E-04 1.7330E-04 1.8276E-04 1.9224E-04 2.0463E-04 2.1647E-04 2.2811E-04 2.4016E-04 2.5635E-04 2.7348E-04 2.9806E-04 3.2200E-04 3.3426E-04 3.5110E-04 3.7069E-04 4.0064E-04 4.3742E-04 4.7804E-04 5.2019E-04 5.8924E-04 6.6950E-04 7.4578E-04 8.3190E-04 9.3441E-04 1.1143E-03 1.4973E-03 1.8899E-03 2.2688E-03 2.9483E-03 3.8475E-03 4.8973E-03 6.7244E-03 9.8824E-03 1.3111E-02 1.5442E-02 1.7982E-02 1.3383E-02 9.6706E-03 6.9346E-03 5.7857E-03 4.7638E-03 3.8797E-03 3.1056E-03 2.5228E-03 2.1187E-03 1.8466E-03 1.6199E-03 1.4382E-03 1.2922E-03 1.1817E-03 1.0924E-03
8.0262E-05 1.0155E-04 1.1762E-04 1.3168E-04 1.4290E-04 1.5307E-04 1.6070E-04 1.6798E-04 1.7764E-04 1.8892E-04 2.0371E-04 2.1636E-04 2.3178E-04 2.4563E-04 2.6165E-04 2.8301E-04 3.0268E-04 3.2331E-04 3.3049E-04 3.4216E-04 3.6558E-04 3.9847E-04 4.3297E-04 4.6482E-04 4.9420E-04 5.7193E-04 6.6146E-04 7.2089E-04 7.9112E-04 8.8738E-04 9.9642E-04 1.1156E-03 1.4147E-03 1.9524E-03 2.7717E-03 3.6254E-03 4.9442E-03 7.6634E-03 1.2242E-02 1.8840E-02 2.1294E-02 2.3184E-02 1.4974E-02 1.0504E-02 7.8245E-03 5.8819E-03 4.5552E-03 3.5771E-03 2.9996E-03 2.6054E-03 2.3661E-03 2.1092E-03 1.8458E-03 1.6200E-03 1.4284E-03 1.2886E-03 1.1858E-03
8.4817E-05 1.0942E-04 1.2791E-04 1.4284E-04 1.5337E-04 1.5951E-04 1.6545E-04 1.7383E-04 1.8196E-04 1.9424E-04 2.0614E-04 2.2105E-04 2.3413E-04 2.5078E-04 2.7054E-04 2.8969E-04 3.0407E-04 3.2028E-04 3.4346E-04 3.6582E-04 3.7942E-04 4.0516E-04 4.3472E-04 4.7072E-04 5.0286E-04 5.5790E-04 6.0328E-04 6.6011E-04 7.5066E-04 8.3720E-04 1.0066E-03 1.1945E-03 1.3122E-03 1.5804E-03 2.0999E-03 3.1438E-03 4.5018E-03 7.1469E-03 1.4146E-02 2.5119E-02 2.7122E-02 2.6934E-02 1.6207E-02 1.1434E-02 8.3562E-03 5.3730E-03 4.2407E-03 3.6981E-03 3.4160E-03 3.0541E-03 2.7706E-03 2.3718E-03 2.0638E-03 1.8056E-03 1.5403E-03 1.3396E-03 1.2027E-03
9.0115E-05 1.1928E-04 1.4058E-04 1.5687E-04 1.6737E-04 1.7392E-04 1.8237E-04 1.9111E-04 1.9880E-04 2.1300E-04 2.2394E-04 2.3737E-04 2.5322E-04 2.7140E-04 2.9706E-04 3.1372E-04 3.2902E-04 3.4175E-04 3.6926E-04 3.9536E-04 4.0968E-04 4.2891E-04 4.5171E-04 4.7676E-04 5.0653E-04 5.6367E-04 6.1327E-04 6.5854E-04 7.1755E-04 7.7601E-04 8.9287E-04 1.0711E-03 1.2610E-03 1.5136E-03 1.9110E-03 2.5920E-03 3.5859E-03 5.8209E-03 1.0305E-02 1.8055E-02 2.1570E-02 2.7964E-02 1.5108E-02 1.1365E-02 7.3727E-03 5.7926E-03 5.2639E-03 4.4553E-03 3.8327E-03 3.3316E-03 2.8405E-03 2.3735E-03 2.0541E-03 1.8044E-03 1.5577E-03 1.3460E-03 1.2090E-03
9.1792E-05 1.2152E-04 1.4408E-04 1.6215E-04 1.7200E-04 1.8065E-04 1.9315E-04 2.0401E-04 2.1181E-04 2.2414E-04 2.4078E-04 2.5700E-04 2.7495E-04 2.9606E-04 3.1928E-04 3.3190E-04 3.5851E-04 3.6911E-04 3.9809E-04 4.2374E-04 4.4756E-04 4.7435E-04 4.8789E-04 5.1086E-04 5.4873E-04 5.9976E-04 6.4016E-04 6.9383E-04 7.5448E-04 8.2803E-04 9.4674E-04 1.1121E-03 1.3343E-03 1.6366E-03 1.9608E-03 2.5501E-03 3.3054E-03 5.2702E-03 7.2716E-03 7.9850E-03 1.6893E-02 3.4816E-02 1.4750E-02 1.0150E-02 8.5333E-03 6.3785E-03 5.3619E-03 4.2391E-03 3.6613E-03 3.1504E-03 2.6700E-03 2.3130E-03 2.0184E-03 1.7631E-03 1.5450E-03 1.3675E-03 1.1963E-03
9.1424E-05 1.1765E-04 1.3705E-04 1.5549E-04 1.6694E-04 1.7758E-04 1.8946E-04 1.9983E-04 2.1015E-04 2.1920E-04 2.3711E-04 2.5362E-04 2.7245E-04 2.8569E-04 3.0359E-04 3.2495E-04 3.5011E-04 3.6576E-04 3.8537E-04 4.0432E-04 4.2492E-04 4.5339E-04 4.7698E-04 5.0430E-04 5.5221E-04 6.0404E-04 6.2553E-04 6.7891E-04 7.6931E-04 8.3395E-04 9.6382E-04 1.1416E-03 1.2846E-03 1.5336E-03 1.9282E-03 2.4261E-03 3.1790E-03 4.9408E-03 7.2032E-03 7.5397E-03 1.2209E-02 2.0749E-02 1.3987E-02 1.0155E-02 8.6715E-03 6.3961E-03 5.3049E-03 4.2568E-03 3.5306E-03 3.0310E-03 2.5648E-03 2.1933E-03 1.8876E-03 1.6557E-03 1.4528E-03 1.3041E-03 1.1648E-03
9.5228E-05 1.2004E-04 1.3906E-04 1.5926E-04 1.7331E-04 1.8592E-04 1.9613E-04 2.0511E-04 2.1283E-04 2.2062E-04 2.4397E-04 2.5673E-04 2.7509E-04 2.8994E-04 3.0732E-04 3.2801E-04 3.5228E-04 3.7862E-04 3.9637E-04 4.0192E-04 4.2488E-04 4.5980E-04 4.6989E-04 4.9326E-04 5.2062E-04 5.5720E-04 5.7526E-04 6.4424E-04 7.0117E-04 7.5662E-04 8.9486E-04 1.0352E-03 1.1289E-03 1.3204E-03 1.5851E-03 2.0651E-03 2.5839E-03 3.6430E-03 5.3924E-03 8.3476E-03 1.5414E-02 1.1619E-02 1.0397E-02 9.0280E-03 7.5640E-03 6.1903E-03 5.2720E-03 4.1950E-03 3.4766E-03 2.9347E-03 2.5236E-03 2.1220E-03 1.7932E-03 1.5697E-03 1.4082E-03 1.2638E-03 1.1406E-03
1.0015E-04 1.2779E-04 1.4776E-04 1.6867E-04 1.8295E-04 1.9156E-04 2.0001E-04 2.0581E-04 2.1283E-04 2.2138E-04 2.3836E-04 2.4834E-04 2.6181E-04 2.7852E-04 2.9608E-04 3.1608E-04 3.3294E-04 3.5503E-04 3.7386E-04 3.8666E-04 4.0603E-04 4.3149E-04 4.6097E-04 4.9172E-04 5.0041E-04 5.3663E-04 5.5736E-04 6.0519E-04 6.2603E-04 7.2120E-04 7.6977E-04 8.6041E-04 9.9088E-04 1.1254E-03 1.2877E-03 1.5064E-03 2.0121E-03 3.1088E-03 4.6381E-03 1.0151E-02 1.2782E-02 1.0044E-02 8.4318E-03 7.4463E-03 5.6138E-03 4.4761E-03 3.8758E-03 3.4707E-03 3.0742E-03 2.6841E-03 2.3810E-03 2.0544E-03 1.7498E-03 1.4985E-03 1.3287E-03 1.1764E-03 1.0948E-03
9.9531E-05 1.2760E-04 1.4441E-04 1.6053E-04 1.7469E-04 1.8221E-04 1.8580E-04 1.8888E-04 1.9660E-04 2.0614E-04 2.1750E-04 2.3334E-04 2.4770E-04 2.6522E-04 2.9294E-04 3.2054E-04 3.4107E-04 3.6284E-04 3.7973E-04 3.8746E-04 3.9020E-04 3.9595E-04 4.2045E-04 4.3693E-04 4.4943E-04 4.7958E-04 4.8822E-04 5.2621E-04 5.6141E-04 6.1885E-04 6.5935E-04 7.8900E-04 8.5953E-04 8.7516E-04 1.0400E-03 1.3487E-03 1.9265E-03 2.7156E-03 4.6075E-03 7.4575E-03 8.3346E-03 6.4250E-03 5.7386E-03 5.0095E-03 4.5639E-03 3.8055E-03 3.1977E-03 2.7268E-03 2.4926E-03 2.2807E-03 2.1090E-03 1.9252E-03 1.6857E-03 1.4630E-03 1.2769E-03 1.1165E-03 1.0387E-03
9.2368E-05 1.1768E-04 1.3332E-04 1.4775E-04 1.6160E-04 1.7089E-04 1.7840E-04 1.8469E-04 1.9397E-04 2.0858E-04 2.2442E-04 2.3942E-04 2.5171E-04 2.6788E-04 2.7592E-04 2.9583E-04 3.1670E-04 3.3031E-04 3.3370E-04 3.3981E-04 3.4224E-04 3.4642E-04 3.6094E-04 3.8393E-04 4.0132E-04 4.4215E-04 4.6075E-04 4.6222E-04 5.0628E-04 5.8405E-04 6.1261E-04 6.2403E-04 6.8719E-04 8.0577E-04 1.0414E-03 1.3770E-03 1.8138E-03 2.6362E-03 4.1339E-03 5.4343E-03 5.4666E-03 4.2242E-03 3.9486E-03 3.8236E-03 3.4019E-03 3.2243E-03 2.7250E-03 2.4726E-03 2.2173E-03 1.9497E-03 1.7607E-03 1.6494E-03 1.5133E-03 1.3588E-03 1.2074E-03 1.0791E-03 1.0054E-03
8.7452E-05 1.1257E-04 1.2874E-04 1.4296E-04 1.5277E-04 1.5879E-04 1.6870E-04 1.7710E-04 1.8463E-04 1.9522E-04 2.0524E-04 2.1341E-04 2.2204E-04 2.3280E-04 2.4172E-04 2.5618E-04 2.7293E-04 2.8580E-04 2.9042E-04 3.0234E-04 3.2041E-04 3.2682E-04 3.3217E-04 3.6888E-04 3.8476E-04 4.2070E-04 4.5503E-04 4.5452E-04 4.7970E-04 4.6984E-04 4.7803E-04 5.4873E-04 6.5347E-04 8.0270E-04 1.0272E-03 1.3940E-03 1.7074E-03 2.6184E-03 3.2209E-03 4.0943E-03 3.9989E-03 3.1185E-03 2.8976E-03 2.8815E-03 2.7625E-03 2.6146E-03 2.4836E-03 2.1325E-03 1.9999E-03 1.8118E-03 1.5994E-03 1.4427E-03 1.3241E-03 1.1910E-03 1.1114E-03 1.0327E-03 9.7250E-04
