20231023_webinar_progetto_murano/refs/data_input_report_tx_finale/grd_f3_sc_4/Average_Period.grd
DSAA
          81           81
 760250.0000  764250.0000
5036750.0000 5040750.0000
  0.2561E-04   0.3482E-01
[rows 50 to 74 of 81, columns 0 to 56 of 81]
7.9436E-05 1.0298E-04 1.1769E-04 1.2800E-04 1.3427E-04 1.4017E-04 1.4891E-04 1.5842E-04 1.6633E-04 1.7232E-04 1.7865E-04 1.8787E-04 1.9804E-04 2.0856E-04 2.1964E-04 2.3553E-04 2.4632E-04 2.5956E-04 2.7196E-04 2.9268E-04 3.1053E-04 3.1770E-04 3.3722E-04 3.7153E-04 4.2829E-04 4.4084E-04 4.1320E-04 3.6474E-04 3.5561E-04 3.9007E-04 4.5398E-04 5.5691E-04 6.7047E-04 8.1170E-04 1.1156E-03 1.3508E-03 1.9141E-03 2.3876E-03 2.7728E-03 3.3072E-03 3.0810E-03 2.4990E-03 2.3115E-03 2.2772E-03 2.2793E-03 2.2144E-03 2.1368E-03 2.0590E-03 1.7632E-03 1.5894E-03 1.4883E-03 1.3820E-03 1.2317E-03 1.1066E-03 1.0043E-03 9.5891E-04 9.2512E-04
7.2420E-05 9.3316E-05 1.0643E-04 1.1571E-04 1.2311E-04 1.3142E-04 1.3885E-04 1.4598E-04 1.5446E-04 1.6104E-04 1.6546E-04 1.7282E-04 1.8130E-04 1.9625E-04 2.1108E-04 2.2952E-04 2.4296E-04 2.5206E-04 2.7597E-04 3.0092E-04 3.2821E-04 3.4334E-04 3.7633E-04 3.9657E-04 3.7811E-04 3.5622E-04 3.2482E-04 3.2789E-04 3.3959E-04 3.8571E-04 4.8107E-04 5.7293E-04 7.1590E-04 9.3967E-04 1.1298E-03 1.4998E-03 1.8153E-03 1.9458E-03 2.2634E-03 2.6383E-03 2.4295E-03 1.9864E-03 1.8997E-03 1.8127E-03 1.8582E-03 1.9198E-03 1.8187E-03 1.8525E-03 1.7270E-03 1.4351E-03 1.3250E-03 1.2566E-03 1.1790E-03 1.0641E-03 9.5654E-04 8.9212E-04 8.5091E-04
6.8403E-05 8.8554E-05 1.0186E-04 1.1111E-04 1.1905E-04 1.2710E-04 1.3338E-04 1.3875E-04 1.4495E-04 1.5121E-04 1.5819E-04 1.6297E-04 1.7226E-04 1.9005E-04 2.0747E-04 2.1597E-04 2.4452E-04 2.6639E-04 2.9370E-04 3.1992E-04 3.4474E-04 3.5230E-04 3.3767E-04 3.1818E-04 3.0749E-04 3.0991E-04 2.9149E-04 3.0079E-04 3.5425E-04 4.0935E-04 4.5032E-04 5.5716E-04 7.8149E-04 9.1798E-04 1.2392E-03 1.4916E-03 1.5489E-03 1.6953E-03 2.0159E-03 2.2170E-03 1.9789E-03 1.6472E-03 1.6157E-03 1.5967E-03 1.5167E-03 1.6076E-03 1.5959E-03 1.5797E-03 1.5580E-03 1.4183E-03 1.2201E-03 1.1294E-03 1.0625E-03 9.8825E-04 9.1654E-04 8.5284E-04 7.9893E-04
6.5219E-05 8.4515E-05 9.7147E-05 1.0541E-04 1.1453E-04 1.2335E-04 1.2830E-04 1.3201E-04 1.4206E-04 1.5072E-04 1.5308E-04 1.6186E-04 1.6792E-04 1.8364E-04 2.0647E-04 2.2794E-04 2.5763E-04 2.7726E-04 2.9048E-04 2.9538E-04 2.9044E-04 2.8262E-04 2.7640E-04 2.7007E-04 2.7033E-04 2.8077E-04 2.9678E-04 3.1202E-04 3.5186E-04 3.9024E-04 4.8316E-04 6.6492E-04 7.7333E-04 9.6471E-04 1.2265E-03 1.3520E-03 1.3525E-03 1.5304E-03 1.7561E-03 1.8825E-03 1.6577E-03 1.4505E-03 1.4137E-03 1.3834E-03 1.2808E-03 1.3767E-03 1.4196E-03 1.3837E-03 1.3378E-03 1.3311E-03 1.2294E-03 1.0530E-03 9.6567E-04 9.0373E-04 8.5672E-04 8.0562E-04 7.5639E-04
6.1742E-05 7.9318E-05 9.1552E-05 1.0014E-04 1.0977E-04 1.1872E-04 1.2710E-04 1.3152E-04 1.4080E-04 1.4354E-04 1.5067E-04 1.6124E-04 1.7282E-04 1.9130E-04 2.1302E-04 2.3372E-04 2.4633E-04 2.4605E-04 2.4539E-04 2.3925E-04 2.3699E-04 2.4186E-04 2.4875E-04 2.5299E-04 2.5474E-04 2.7140E-04 3.0035E-04 3.1836E-04 3.4831E-04 4.3004E-04 5.7721E-04 6.5143E-04 8.0377E-04 1.0399E-03 1.1617E-03 1.1438E-03 1.1807E-03 1.3897E-03 1.5880E-03 1.5705E-03 1.4439E-03 1.2652E-03 1.2355E-03 1.1991E-03 1.1450E-03 1.1795E-03 1.2329E-03 1.2171E-03 1.1737E-03 1.1568E-03 1.1617E-03 1.0444E-03 9.2034E-04 8.2654E-04 8.0298E-04 7.5436E-04 7.1317E-04
5.8964E-05 7.6863E-05 9.0400E-05 1.0328E-04 1.0887E-04 1.1331E-04 1.2163E-04 1.2839E-04 1.3439E-04 1.4380E-04 1.5530E-04 1.6856E-04 1.8280E-04 1.9747E-04 2.0986E-04 2.1296E-04 2.0676E-04 2.0246E-04 2.0196E-04 2.0462E-04 2.1280E-04 2.2265E-04 2.3404E-04 2.4669E-04 2.5105E-04 2.7743E-04 2.9526E-04 3.0943E-04 3.8300E-04 5.0297E-04 5.9550E-04 6.7631E-04 9.1216E-04 1.0015E-03 1.0750E-03 1.0177E-03 1.1125E-03 1.2727E-03 1.3781E-03 1.3139E-03 1.2148E-03 1.0971E-03 1.0965E-03 1.0657E-03 1.0281E-03 1.0129E-03 1.0734E-03 1.0733E-03 1.0457E-03 1.0146E-03 1.0210E-03 9.9331E-04 9.0839E-04 8.1130E-04 7.3910E-04 7.0958E-04 6.8653E-04
5.9427E-05 7.6983E-05 8.7586E-05 9.7784E-05 1.0419E-04 1.1105E-04 1.2217E-04 1.3199E-04 1.4219E-04 1.5171E-04 1.6312E-04 1.7270E-04 1.7689E-04 1.7613E-04 1.7457E-04 1.7970E-04 1.7809E-04 1.7833E-04 1.8246E-04 1.9368E-04 2.0610E-04 2.1554E-04 2.2865E-04 2.3723E-04 2.3874E-04 2.5650E-04 2.8323E-04 3.5299E-04 4.5477E-04 4.9410E-04 5.5610E-04 7.3812E-04 8.5372E-04 9.2211E-04 9.2235E-04 9.3025E-04 1.0261E-03 1.1291E-03 1.2019E-03 1.1293E-03 1.0414E-03 9.8024E-04 9.8153E-04 9.6726E-04 9.4069E-04 9.2160E-04 9.5310E-04 9.6969E-04 9.4763E-04 9.1850E-04 9.0233E-04 9.0308E-04 8.7793E-04 8.0161E-04 7.1296E-04 6.5216E-04 6.1196E-04
5.7806E-05 7.4863E-05 8.8408E-05 1.0089E-04 1.0766E-04 1.1414E-04 1.2590E-04 1.3830E-04 1.5069E-04 1.5453E-04 1.5654E-04 1.5337E-04 1.4752E-04 1.4693E-04 1.5237E-04 1.5894E-04 1.6364E-04 1.6961E-04 1.7722E-04 1.8525E-04 1.9683E-04 2.0794E-04 2.2057E-04 2.2405E-04 2.2246E-04 2.5303E-04 3.1742E-04 3.9841E-04 4.4982E-04 4.7670E-04 6.0734E-04 7.5185E-04 7.8351E-04 8.2452E-04 7.9632E-04 8.5879E-04 9.3688E-04 1.0247E-03 1.0898E-03 9.9289E-04 9.1947E-04 8.5378E-04 8.7385E-04 8.7246E-04 8.8415E-04 8.4691E-04 8.3747E-04 8.9250E-04 8.6758E-04 8.1849E-04 8.0860E-04 8.1803E-04 8.1015E-04 7.6757E-04 6.9728E-04 6.2654E-04 5.6369E-04
5.8991E-05 7.8036E-05 9.1646E-05 1.0178E-04 1.1053E-04 1.2160E-04 1.3187E-04 1.3714E-04 1.4194E-04 1.3698E-04 1.2980E-04 1.2873E-04 1.3092E-04 1.3631E-04 1.4415E-04 1.4802E-04 1.5631E-04 1.6917E-04 1.7344E-04 1.7703E-04 1.8919E-04 2.0113E-04 2.0895E-04 2.1375E-04 2.2948E-04 2.9431E-04 3.7595E-04 4.0197E-04 4.2516E-04 5.4396E-04 6.3985E-04 6.8391E-04 7.2460E-04 7.1253E-04 7.2036E-04 7.8110E-04 8.5641E-04 9.2776E-04 9.5085E-04 8.9522E-04 8.3414E-04 7.6914E-04 7.7924E-04 7.9531E-04 7.9704E-04 7.8630E-04 7.3925E-04 8.0359E-04 8.1443E-04 7.5387E-04 7.4081E-04 7.2998E-04 7.3096E-04 7.0727E-04 6.6793E-04 6.0824E-04 5.5295E-04
6.1203E-05 8.4046E-05 9.8149E-05 1.0600E-04 1.1337E-04 1.2167E-04 1.2467E-04 1.1945E-04 1.1693E-04 1.1585E-04 1.1944E-04 1.2764E-04 1.3018E-04 1.3443E-04 1.4150E-04 1.4565E-04 1.5515E-04 1.6498E-04 1.7053E-04 1.8077E-04 1.9129E-04 2.0013E-04 2.0460E-04 2.2282E-04 2.5900E-04 3.4406E-04 3.9414E-04 3.9411E-04 4.5972E-04 5.8790E-04 6.3743E-04 6.5100E-04 6.6879E-04 6.1700E-04 6.6839E-04 7.4346E-04 7.9779E-04 8.4513E-04 8.3479E-04 7.9209E-04 7.3490E-04 6.9943E-04 7.3176E-04 7.4756E-04 7.2969E-04 7.2495E-04 6.7486E-04 7.0286E-04 7.6376E-04 7.1545E-04 6.7698E-04 6.6428E-04 6.5520E-04 6.4514E-04 6.2575E-04 5.8830E-04 5.4452E-04
6.5765E-05 8.8549E-05 9.9811E-05 1.0398E-04 1.0533E-04 1.0543E-04 1.0332E-04 1.0227E-04 1.0901E-04 1.1312E-04 1.2154E-04 1.2715E-04 1.2879E-04 1.3346E-04 1.3921E-04 1.4274E-04 1.5106E-04 1.6039E-04 1.7145E-04 1.8193E-04 1.9004E-04 1.9760E-04 2.1523E-04 2.4905E-04 3.0658E-04 3.6453E-04 3.8375E-04 4.0587E-04 5.0089E-04 5.6724E-04 5.9045E-04 6.1139E-04 5.8918E-04 5.8786E-04 6.3921E-04 7.0156E-04 7.4357E-04 7.7004E-04 7.3554E-04 7.0306E-04 6.7590E-04 6.5693E-04 6.6950E-04 6.7364E-04 6.6763E-04 6.8417E-04 6.3892E-04 6.2335E-04 6.7408E-04 6.8348E-04 6.3572E-04 6.0959E-04 6.0798E-04 5.9418E-04 5.8166E-04 5.5821E-04 5.2612E-04
6.4574E-05 8.3407E-05 8.9438E-05 8.9546E-05 8.9324E-05 9.0253E-05 9.3988E-05 9.9694E-05 1.0964E-04 1.1511E-04 1.2097E-04 1.2292E-04 1.2457E-04 1.3064E-04 1.4026E-04 1.4473E-04 1.5534E-04 1.6818E-04 1.7426E-04 1.8055E-04 1.9347E-04 2.0924E-04 2.3769E-04 2.7598E-04 3.0956E-04 3.4068E-04 3.8299E-04 4.6022E-04 5.1455E-04 5.1985E-04 5.5785E-04 5.5250E-04 5.1755E-04 5.4247E-04 6.0000E-04 6.6217E-04 6.9940E-04 7.1281E-04 6.8674E-04 6.5417E-04 6.3035E-04 6.1160E-04 6.1337E-04 6.2332E-04 6.1336E-04 6.2375E-04 5.9550E-04 5.5066E-04 5.9397E-04 6.1890E-04 5.7862E-04 5.4704E-04 5.4700E-04 5.4044E-04 5.3400E-04 5.1716E-04 5.0400E-04
5.5874E-05 7.1150E-05 7.6521E-05 7.8814E-05 8.3776E-05 8.9841E-05 9.6063E-05 1.0145E-04 1.0659E-04 1.1079E-04 1.1423E-04 1.1848E-04 1.2679E-04 1.3259E-04 1.4060E-04 1.4792E-04 1.5870E-04 1.6908E-04 1.7404E-04 1.8582E-04 2.0483E-04 2.3000E-04 2.6892E-04 2.9345E-04 3.0376E-04 3.3218E-04 4.0506E-04 4.6805E-04 4.8984E-04 4.8909E-04 5.0964E-04 4.7643E-04 4.6817E-04 5.0503E-04 5.5506E-04 6.1569E-04 6.5335E-04 6.5797E-04 6.2796E-04 5.9767E-04 5.7348E-04 5.6146E-04 5.6136E-04 5.6680E-04 5.7320E-04 5.6933E-04 5.3050E-04 5.0519E-04 5.1916E-04 5.4877E-04 5.3181E-04 5.0397E-04 5.0359E-04 4.9284E-04 4.9053E-04 4.8261E-04 4.6588E-04
4.9140E-05 6.4349E-05 7.5040E-05 8.2111E-05 8.9410E-05 9.4548E-05 9.6726E-05 9.7721E-05 1.0143E-04 1.0678E-04 1.1139E-04 1.1825E-04 1.2838E-04 1.3594E-04 1.4453E-04 1.4999E-04 1.5822E-04 1.6795E-04 1.7947E-04 1.9537E-04 2.2210E-04 2.5666E-04 2.7946E-04 2.8952E-04 3.0375E-04 3.5504E-04 4.3686E-04 4.5854E-04 4.5858E-04 4.6815E-04 4.5865E-04 4.2420E-04 4.4395E-04 4.8189E-04 5.2455E-04 5.8112E-04 6.1721E-04 6.1152E-04 5.7476E-04 5.4296E-04 5.3953E-04 5.2727E-04 5.0969E-04 5.1508E-04 5.3632E-04 5.3141E-04 5.0684E-04 4.8368E-04 4.7681E-04 4.9157E-04 4.8979E-04 4.7827E-04 4.6001E-04 4.5692E-04 4.4704E-04 4.3586E-04 4.2940E-04
4.8225E-05 6.3531E-05 7.5487E-05 8.3574E-05 8.9785E-05 9.1482E-05 9.2081E-05 9.4146E-05 9.8066E-05 1.0633E-04 1.1563E-04 1.2214E-04 1.2970E-04 1.3563E-04 1.4320E-04 1.5053E-04 1.5943E-04 1.7117E-04 1.8400E-04 2.0804E-04 2.4276E-04 2.6798E-04 2.7693E-04 2.8521E-04 3.1921E-04 3.9524E-04 4.4742E-04 4.4806E-04 4.4352E-04 4.4783E-04 4.1926E-04 4.0265E-04 4.2964E-04 4.6790E-04 5.0759E-04 5.5247E-04 5.7274E-04 5.6308E-04 5.3192E-04 5.0732E-04 5.0569E-04 4.8302E-04 4.6220E-04 4.7655E-04 5.0639E-04 5.0277E-04 4.8417E-04 4.6777E-04 4.5129E-04 4.5381E-04 4.5867E-04 4.5565E-04 4.2329E-04 4.1763E-04 4.0745E-04 4.0398E-04 4.0104E-04
4.8688E-05 6.3583E-05 7.3937E-05 7.9801E-05 8.2454E-05 8.4169E-05 8.8218E-05 9.6198E-05 1.0198E-04 1.0878E-04 1.1692E-04 1.2486E-04 1.3160E-04 1.3663E-04 1.4139E-04 1.4964E-04 1.6157E-04 1.7333E-04 1.9102E-04 2.2019E-04 2.4758E-04 2.6243E-04 2.6861E-04 2.9461E-04 3.5245E-04 4.1894E-04 4.4122E-04 4.3449E-04 4.4200E-04 4.2550E-04 3.9830E-04 4.0302E-04 4.2373E-04 4.5530E-04 4.9331E-04 5.2971E-04 5.4128E-04 5.3042E-04 5.0058E-04 4.8045E-04 4.7810E-04 4.6229E-04 4.5054E-04 4.5598E-04 4.8417E-04 4.8380E-04 4.5838E-04 4.4904E-04 4.3497E-04 4.2691E-04 4.4057E-04 4.3333E-04 4.0562E-04 3.8193E-04 3.7322E-04 3.7579E-04 3.7937E-04
4.7386E-05 6.1358E-05 7.0510E-05 7.4903E-05 7.7096E-05 8.1975E-05 8.8358E-05 9.6979E-05 1.0505E-04 1.1146E-04 1.1803E-04 1.2461E-04 1.3306E-04 1.3671E-04 1.4135E-04 1.5060E-04 1.6405E-04 1.8104E-04 2.0406E-04 2.2453E-04 2.4129E-04 2.5796E-04 2.7737E-04 3.2240E-04 3.7286E-04 4.0370E-04 4.1123E-04 4.0550E-04 4.0915E-04 3.9003E-04 3.7761E-04 3.9143E-04 4.0657E-04 4.3165E-04 4.7247E-04 5.0354E-04 5.0666E-04 4.8631E-04 4.6102E-04 4.5190E-04 4.4960E-04 4.3805E-04 4.2344E-04 4.2785E-04 4.4994E-04 4.5685E-04 4.3636E-04 4.2644E-04 4.1117E-04 3.9815E-04 4.0642E-04 4.1230E-04 3.9201E-04 3.6158E-04 3.4921E-04 3.5446E-04 3.5264E-04
4.5677E-05 5.9084E-05 6.7973E-05 7.2924E-05 7.6991E-05 8.3790E-05 9.1510E-05 9.9054E-05 1.0739E-04 1.1403E-04 1.1921E-04 1.2435E-04 1.3022E-04 1.3537E-04 1.4459E-04 1.5726E-04 1.7592E-04 1.9852E-04 2.1579E-04 2.2614E-04 2.3971E-04 2.6202E-04 2.9797E-04 3.3979E-04 3.6449E-04 3.6984E-04 3.7037E-04 3.6835E-04 3.6400E-04 3.5524E-04 3.5433E-04 3.6448E-04 3.8213E-04 4.0778E-04 4.4381E-04 4.6856E-04 4.6066E-04 4.3270E-04 4.1434E-04 4.1105E-04 4.1387E-04 4.0826E-04 3.9502E-04 3.9427E-04 4.0952E-04 4.2365E-04 4.1932E-04 4.0133E-04 3.8517E-04 3.7139E-04 3.8089E-04 3.8252E-04 3.6382E-04 3.3890E-04 3.2587E-04 3.2627E-04 3.2494E-04
4.4438E-05 5.7273E-05 6.6496E-05 7.2716E-05 7.8229E-05 8.5351E-05 9.4614E-05 1.0205E-04 1.0804E-04 1.1394E-04 1.1771E-04 1.2198E-04 1.2806E-04 1.3696E-04 1.5020E-04 1.6936E-04 1.9160E-04 2.0824E-04 2.1983E-04 2.3087E-04 2.4528E-04 2.7517E-04 3.1484E-04 3.4043E-04 3.4694E-04 3.4858E-04 3.5133E-04 3.5074E-04 3.4545E-04 3.3907E-04 3.4006E-04 3.5017E-04 3.6901E-04 3.9260E-04 4.2252E-04 4.3999E-04 4.2557E-04 4.0035E-04 3.8700E-04 3.8512E-04 3.8493E-04 3.8165E-04 3.7402E-04 3.7122E-04 3.7977E-04 3.8934E-04 3.8781E-04 3.7271E-04 3.6180E-04 3.4914E-04 3.4954E-04 3.5057E-04 3.3640E-04 3.2710E-04 3.0724E-04 3.0070E-04 3.0173E-04
4.4929E-05 5.7593E-05 6.6458E-05 7.3139E-05 8.0598E-05 8.8453E-05 9.6712E-05 1.0218E-04 1.0740E-04 1.1285E-04 1.1561E-04 1.1951E-04 1.2838E-04 1.4150E-04 1.6072E-04 1.8285E-04 1.9993E-04 2.0729E-04 2.1512E-04 2.2786E-04 2.5207E-04 2.8663E-04 3.1742E-04 3.2922E-04 3.3097E-04 3.3544E-04 3.3953E-04 3.3861E-04 3.3188E-04 3.2588E-04 3.2706E-04 3.3788E-04 3.5486E-04 3.7596E-04 4.0150E-04 4.1258E-04 3.9948E-04 3.8136E-04 3.7446E-04 3.7205E-04 3.6694E-04 3.6303E-04 3.5929E-04 3.5452E-04 3.6016E-04 3.6584E-04 3.6202E-04 3.5141E-04 3.4101E-04 3.3011E-04 3.2178E-04 3.2260E-04 3.1843E-04 3.0999E-04 2.9318E-04 2.8003E-04 2.7910E-04
4.6374E-05 5.9571E-05 6.8190E-05 7.5367E-05 8.3200E-05 9.0960E-05 9.6979E-05 1.0034E-04 1.0414E-04 1.0946E-04 1.1465E-04 1.2076E-04 1.3395E-04 1.5162E-04 1.6967E-04 1.8817E-04 1.9893E-04 2.0315E-04 2.0974E-04 2.3016E-04 2.6320E-04 2.9438E-04 3.1192E-04 3.1599E-04 3.1884E-04 3.2455E-04 3.2867E-04 3.2676E-04 3.1925E-04 3.1270E-04 3.1498E-04 3.2500E-04 3.3963E-04 3.5928E-04 3.7852E-04 3.8439E-04 3.7447E-04 3.6391E-04 3.6409E-04 3.6362E-04 3.5671E-04 3.5060E-04 3.4780E-04 3.4322E-04 3.4927E-04 3.5222E-04 3.4581E-04 3.3587E-04 3.2928E-04 3.1758E-04 3.0529E-04 2.9806E-04 2.9726E-04 2.9604E-04 2.8413E-04 2.7034E-04 2.6319E-04
4.6414E-05 5.9676E-05 6.9604E-05 7.7853E-05 8.5128E-05 9.1083E-05 9.5468E-05 9.9209E-05 1.0278E-04 1.0710E-04 1.1428E-04 1.2528E-04 1.4423E-04 1.6409E-04 1.7604E-04 1.8864E-04 1.9522E-04 1.9972E-04 2.1252E-04 2.4060E-04 2.7659E-04 2.9745E-04 3.0145E-04 3.0290E-04 3.0802E-04 3.1477E-04 3.1750E-04 3.1311E-04 3.0615E-04 3.0149E-04 3.0481E-04 3.1542E-04 3.2873E-04 3.4667E-04 3.6276E-04 3.6564E-04 3.5533E-04 3.4749E-04 3.4855E-04 3.4872E-04 3.4333E-04 3.3636E-04 3.3248E-04 3.3053E-04 3.3806E-04 3.3848E-04 3.3166E-04 3.2534E-04 3.1951E-04 3.0760E-04 2.9420E-04 2.8376E-04 2.8058E-04 2.7320E-04 2.7075E-04 2.6164E-04 2.4805E-04
4.6279E-05 5.9156E-05 7.0344E-05 7.8712E-05 8.4563E-05 8.9887E-05 9.3446E-05 9.7898E-05 1.0348E-04 1.0982E-04 1.1901E-04 1.3427E-04 1.5271E-04 1.6749E-04 1.7638E-04 1.8337E-04 1.8852E-04 1.9919E-04 2.2191E-04 2.5333E-04 2.8100E-04 2.9113E-04 2.9094E-04 2.9147E-04 2.9700E-04 3.0433E-04 3.0477E-04 2.9803E-04 2.9249E-04 2.9205E-04 2.9735E-04 3.0734E-04 3.1808E-04 3.3279E-04 3.4741E-04 3.4907E-04 3.3888E-04 3.3225E-04 3.3264E-04 3.3129E-04 3.2652E-04 3.2128E-04 3.1634E-04 3.1414E-04 3.1886E-04 3.2095E-04 3.1913E-04 3.1404E-04 3.0583E-04 2.9551E-04 2.7822E-04 2.6598E-04 2.6326E-04 2.5490E-04 2.5811E-04 2.5025E-04 2.4086E-04
4.6023E-05 5.8669E-05 6.9453E-05 7.7056E-05 8.2293E-05 8.8086E-05 9.3178E-05 9.8335E-05 1.0481E-04 1.1565E-04 1.2944E-04 1.4516E-04 1.5555E-04 1.6379E-04 1.7118E-04 1.7737E-04 1.8725E-04 2.0530E-04 2.3357E-04 2.6019E-04 2.7478E-04 2.7853E-04 2.8006E-04 2.8138E-04 2.8606E-04 2.9201E-04 2.9096E-04 2.8357E-04 2.7771E-04 2.7933E-04 2.8716E-04 2.9674E-04 3.0577E-04 3.1673E-04 3.2869E-04 3.3002E-04 3.2193E-04 3.1677E-04 3.1610E-04 3.1483E-04 3.1054E-04 3.0619E-04 3.0066E-04 2.9688E-04 2.9775E-04 3.0322E-04 3.0660E-04 2.9981E-04 2.9040E-04 2.8407E-04 2.6508E-04 2.5115E-04 2.5028E-04 2.4748E-04 2.4621E-04 2.4096E-04 2.3775E-04
4.6046E-05 5.8324E-05 6.7607E-05 7.5522E-05 8.0111E-05 8.5987E-05 9.3336E-05 9.9519E-05 1.0803E-04 1.2290E-04 1.3787E-04 1.4823E-04 1.5305E-04 1.5860E-04 1.6783E-04 1.7752E-04 1.9188E-04 2.1432E-04 2.3961E-04 2.5616E-04 2.6375E-04 2.6651E-04 2.6835E-04 2.7058E-04 2.7512E-04 2.7797E-04 2.7500E-04 2.6915E-04 2.6465E-04 2.6649E-04 2.7442E-04 2.8282E-04 2.9149E-04 3.0161E-04 3.1171E-04 3.1170E-04 3.0401E-04 2.9892E-04 2.9785E-04 2.9781E-04 2.9559E-04 2.9215E-04 2.8580E-04 2.8112E-04 2.8186E-04 2.8727E-04 2.9066E-04 2.8662E-04 2.7804E-04 2.6962E-04 2.5361E-04 2.3718E-04 2.3546E-04 2.3700E-04 2.3929E-04 2.3067E-04 2.2365E-04
