20231023_webinar_progetto_murano/refs/data_input_report_tx_finale/grd_f3_sc_4/Maximum_24h.grd
DSAA
          81           81
 760250.0000  764250.0000
5036750.0000 5040750.0000
  0.9938E-03   0.4747E+00
[rows 25 to 49 of 81, columns 0 to 56 of 81]
3.1446E-03 3.8190E-03 4.3907E-03 4.8581E-03 5.2449E-03 6.0768E-03 8.3280E-03 9.9597E-03 1.0787E-02 1.1259E-02 1.0429E-02 8.6639E-03 7.0506E-03 7.2123E-03 7.8437E-03 8.1103E-03 7.9856E-03 9.8502E-03 1.1574E-02 1.3297E-02 1.5938E-02 1.3733E-02 1.2721E-02 1.1058E-02 1.4726E-02 1.8488E-02 2.0086E-02 1.1880E-02 1.7571E-02 2.1636E-02 1.9531E-02 2.3234E-02 2.2439E-02 2.1111E-02 2.5585E-02 3.0232E-02 3.2390E-02 2.8438E-02 3.7795E-02 3.4565E-02 3.6212E-02 5.7700E-02 7.8668E-02 5.3373E-02 4.8501E-02 4.7048E-02 4.0676E-02 3.4206E-02 2.9057E-02 2.5138E-02 2.1849E-02 1.9109E-02 1.6584E-02 1.6745E-02 1.3064E-02 1.3753E-02 1.4020E-02
3.3130E-03 4.0189E-03 4.6233E-03 5.1428E-03 5.6008E-03 6.0054E-03 6.3591E-03 6.6279E-03 9.0143E-03 1.1665E-02 1.3483E-02 1.3163E-02 1.1531E-02 9.2442E-03 7.8563E-03 8.6036E-03 9.0892E-03 9.0814E-03 1.0229E-02 1.2163E-02 1.5279E-02 1.9390E-02 1.4662E-02 1.3752E-02 1.2275E-02 1.1475E-02 2.1065E-02 1.7864E-02 1.4427E-02 1.8568E-02 1.9364E-02 2.4398E-02 2.5913E-02 2.6995E-02 2.6266E-02 3.1587E-02 3.5354E-02 3.2628E-02 3.7977E-02 3.8072E-02 3.9486E-02 5.8444E-02 7.4339E-02 5.5389E-02 5.1380E-02 4.7995E-02 4.0859E-02 3.4741E-02 2.9801E-02 2.5776E-02 2.3019E-02 1.9567E-02 1.8180E-02 1.5903E-02 1.4121E-02 1.4574E-02 1.4312E-02
3.3774E-03 4.1071E-03 4.7462E-03 5.3199E-03 5.8496E-03 6.3294E-03 6.7560E-03 7.0913E-03 7.3511E-03 7.6706E-03 1.1350E-02 1.3906E-02 1.4371E-02 1.3223E-02 1.0951E-02 9.6359E-03 9.0336E-03 9.9032E-03 1.0180E-02 1.0778E-02 1.3054E-02 1.5180E-02 1.9427E-02 1.6652E-02 1.6070E-02 1.4073E-02 1.3783E-02 2.0947E-02 2.0059E-02 1.7478E-02 2.2897E-02 2.3457E-02 3.0708E-02 3.2955E-02 2.7625E-02 3.2664E-02 3.8514E-02 3.7085E-02 3.7830E-02 4.0606E-02 4.1788E-02 5.9979E-02 7.4921E-02 6.0804E-02 5.5359E-02 4.9510E-02 4.1694E-02 3.5680E-02 3.0964E-02 2.7098E-02 2.3423E-02 1.9855E-02 1.7487E-02 1.5113E-02 1.5575E-02 1.5424E-02 1.4613E-02
3.3150E-03 4.0597E-03 4.7359E-03 5.3640E-03 5.9587E-03 6.5048E-03 7.0001E-03 7.4123E-03 7.7528E-03 8.0314E-03 8.2670E-03 8.6126E-03 1.1570E-02 1.4414E-02 1.4942E-02 1.3995E-02 1.2417E-02 1.0057E-02 1.0899E-02 1.1676E-02 1.2000E-02 1.4234E-02 1.6773E-02 2.1046E-02 1.9267E-02 1.8149E-02 1.5986E-02 1.6578E-02 2.9246E-02 1.9951E-02 1.9669E-02 2.3095E-02 3.3040E-02 3.6269E-02 3.6621E-02 3.2684E-02 4.1134E-02 4.1116E-02 3.8138E-02 4.4584E-02 4.0393E-02 6.6092E-02 7.9982E-02 6.8002E-02 5.9118E-02 5.1222E-02 4.2931E-02 3.6634E-02 3.2268E-02 2.8502E-02 2.4290E-02 2.0017E-02 1.7158E-02 1.6079E-02 1.6320E-02 1.5773E-02 1.8960E-02
3.1220E-03 3.8595E-03 4.5554E-03 5.2221E-03 5.8656E-03 6.4669E-03 7.0264E-03 7.5216E-03 7.9567E-03 8.3395E-03 8.6795E-03 8.9990E-03 9.2844E-03 1.0252E-02 1.3418E-02 1.6025E-02 1.7081E-02 1.5656E-02 1.2495E-02 1.2047E-02 1.3545E-02 1.3955E-02 1.5485E-02 1.8445E-02 2.1200E-02 2.1165E-02 1.8826E-02 1.8885E-02 2.0273E-02 2.6446E-02 2.2292E-02 2.4634E-02 2.8250E-02 3.9197E-02 4.4456E-02 3.5061E-02 4.3445E-02 4.5651E-02 4.0537E-02 4.6470E-02 4.2697E-02 7.6930E-02 8.4344E-02 7.4960E-02 6.2856E-02 5.1532E-02 4.3265E-02 3.8143E-02 3.5739E-02 2.9206E-02 2.4223E-02 2.0328E-02 1.8523E-02 1.6983E-02 1.7098E-02 2.0272E-02 2.3893E-02
3.0569E-03 3.8102E-03 4.4777E-03 5.0341E-03 5.5185E-03 6.1507E-03 6.7595E-03 7.3350E-03 7.8699E-03 8.3659E-03 8.8165E-03 9.2456E-03 9.6353E-03 9.9947E-03 1.0395E-02 1.2693E-02 1.4890E-02 1.9197E-02 1.8637E-02 1.4795E-02 1.2812E-02 1.5196E-02 1.5991E-02 1.6148E-02 1.9706E-02 2.2261E-02 2.2123E-02 1.8778E-02 2.3064E-02 2.3824E-02 2.6157E-02 2.2995E-02 2.4367E-02 3.8997E-02 4.7601E-02 5.0640E-02 4.3389E-02 5.0090E-02 4.5454E-02 4.7738E-02 4.9444E-02 8.6379E-02 8.7824E-02 7.6518E-02 6.5739E-02 5.5210E-02 4.6322E-02 4.4330E-02 3.8718E-02 2.8398E-02 2.4516E-02 2.2165E-02 2.0053E-02 1.8026E-02 2.1216E-02 2.4861E-02 2.4716E-02
3.1358E-03 3.8924E-03 4.5411E-03 5.0571E-03 5.4933E-03 5.8697E-03 6.2095E-03 6.7895E-03 7.4140E-03 8.0207E-03 8.5829E-03 9.1286E-03 9.6458E-03 1.0154E-02 1.0696E-02 1.1259E-02 1.3423E-02 1.4925E-02 1.7551E-02 2.0330E-02 1.9230E-02 1.3905E-02 1.6222E-02 1.8018E-02 1.7171E-02 2.0901E-02 2.3454E-02 2.2161E-02 2.2808E-02 2.6274E-02 2.7067E-02 2.5836E-02 2.2082E-02 2.9069E-02 4.8091E-02 6.8093E-02 4.7458E-02 5.1667E-02 4.9027E-02 5.5749E-02 6.1352E-02 8.8868E-02 9.3421E-02 8.2004E-02 7.3964E-02 6.3638E-02 5.1170E-02 4.7972E-02 3.8717E-02 3.0590E-02 2.7089E-02 2.4204E-02 2.1489E-02 2.3102E-02 2.8093E-02 2.6742E-02 2.3625E-02
3.1648E-03 3.9103E-03 4.5446E-03 5.0382E-03 5.4511E-03 5.8100E-03 6.1249E-03 6.3935E-03 6.6551E-03 7.2661E-03 7.9172E-03 8.5635E-03 9.2116E-03 9.8917E-03 1.0657E-02 1.1497E-02 1.2356E-02 1.3165E-02 1.4871E-02 1.5856E-02 2.2301E-02 2.3692E-02 2.0097E-02 1.7071E-02 2.0613E-02 2.2249E-02 2.1248E-02 2.3706E-02 2.3563E-02 2.7088E-02 2.9495E-02 2.8922E-02 2.8589E-02 2.8580E-02 4.7601E-02 6.5579E-02 6.0431E-02 5.4375E-02 5.2010E-02 6.6397E-02 7.5312E-02 1.0341E-01 1.0341E-01 9.8665E-02 9.2378E-02 7.3193E-02 5.4837E-02 4.6587E-02 3.9687E-02 3.4678E-02 3.0109E-02 2.6211E-02 2.2788E-02 2.9984E-02 3.0995E-02 2.7038E-02 2.2732E-02
3.1567E-03 3.8860E-03 4.5114E-03 4.9969E-03 5.3931E-03 5.7363E-03 6.0413E-03 6.3079E-03 6.5802E-03 6.9199E-03 7.3746E-03 7.9349E-03 8.4809E-03 9.0865E-03 1.0057E-02 1.1158E-02 1.2324E-02 1.3455E-02 1.4491E-02 1.5356E-02 1.7169E-02 2.0031E-02 2.7363E-02 2.6108E-02 1.8998E-02 2.3949E-02 2.5324E-02 2.1383E-02 2.4480E-02 2.8614E-02 3.1981E-02 3.2395E-02 3.4708E-02 3.1222E-02 3.3084E-02 6.0469E-02 8.7044E-02 6.0861E-02 5.9316E-02 7.7901E-02 9.0040E-02 1.2116E-01 1.1668E-01 1.2447E-01 1.1081E-01 7.9520E-02 5.7884E-02 5.1923E-02 4.6563E-02 3.9740E-02 3.3338E-02 2.7649E-02 3.2410E-02 3.1316E-02 2.8901E-02 2.5242E-02 2.0926E-02
3.1540E-03 3.8761E-03 4.4966E-03 4.9776E-03 5.3610E-03 5.6956E-03 6.0063E-03 6.2845E-03 6.5707E-03 6.9207E-03 7.3673E-03 7.8642E-03 8.3007E-03 8.6410E-03 8.9692E-03 1.0073E-02 1.1455E-02 1.2873E-02 1.4253E-02 1.5476E-02 1.6520E-02 1.8290E-02 2.1776E-02 2.3820E-02 3.0632E-02 2.6965E-02 2.2951E-02 2.7199E-02 2.5820E-02 3.0007E-02 3.4437E-02 3.6071E-02 3.5112E-02 3.7906E-02 3.1287E-02 3.9593E-02 9.7481E-02 6.6971E-02 6.1472E-02 8.5920E-02 1.0371E-01 1.4106E-01 1.4480E-01 1.4976E-01 1.2268E-01 7.8198E-02 6.3776E-02 6.1272E-02 5.4103E-02 4.5001E-02 3.5852E-02 3.0478E-02 3.1952E-02 2.9086E-02 2.5542E-02 2.1812E-02 1.8056E-02
3.1916E-03 3.9261E-03 4.5584E-03 5.0535E-03 5.4486E-03 5.7998E-03 6.1284E-03 6.4155E-03 6.6944E-03 7.0079E-03 7.3977E-03 7.7950E-03 8.1092E-03 8.3604E-03 8.6926E-03 9.4330E-03 9.9435E-03 1.1249E-02 1.2879E-02 1.4452E-02 1.5928E-02 1.7346E-02 1.8929E-02 2.0846E-02 2.4538E-02 3.0485E-02 3.2029E-02 2.4146E-02 3.1713E-02 3.1637E-02 3.9443E-02 3.8781E-02 3.7356E-02 3.6429E-02 4.0501E-02 3.5912E-02 6.9572E-02 7.9951E-02 8.1018E-02 8.6765E-02 1.1800E-01 1.6614E-01 1.8316E-01 1.8122E-01 1.3049E-01 8.2103E-02 7.3534E-02 6.8479E-02 6.0563E-02 4.8897E-02 3.5965E-02 3.3156E-02 3.0500E-02 2.5605E-02 2.0967E-02 2.0147E-02 2.0555E-02
3.2915E-03 4.0638E-03 4.7344E-03 5.2737E-03 5.7160E-03 6.1102E-03 6.4628E-03 6.7424E-03 6.9749E-03 7.1904E-03 7.4549E-03 7.7439E-03 7.9930E-03 8.1676E-03 9.2073E-03 1.0071E-02 1.0688E-02 1.1072E-02 1.1274E-02 1.2060E-02 1.3814E-02 1.5654E-02 1.7780E-02 2.0109E-02 2.2509E-02 2.5392E-02 3.3578E-02 3.2014E-02 3.6013E-02 3.6541E-02 3.8255E-02 4.7269E-02 4.1823E-02 4.8129E-02 4.9367E-02 4.8109E-02 3.9657E-02 9.6771E-02 9.6145E-02 7.9150E-02 1.3248E-01 2.0176E-01 2.1606E-01 1.9972E-01 1.1927E-01 9.5352E-02 8.4535E-02 7.4590E-02 6.5091E-02 4.9085E-02 4.0787E-02 3.4162E-02 2.7211E-02 2.2445E-02 2.3075E-02 2.3441E-02 2.2546E-02
3.5237E-03 4.3762E-03 5.1197E-03 5.7272E-03 6.2322E-03 6.6724E-03 7.0438E-03 7.3034E-03 7.4684E-03 7.5756E-03 7.7170E-03 7.9146E-03 8.1012E-03 8.4702E-03 9.6622E-03 1.0654E-02 1.1384E-02 1.1859E-02 1.2118E-02 1.2284E-02 1.2462E-02 1.2808E-02 1.4440E-02 1.7148E-02 2.0318E-02 2.4156E-02 2.8145E-02 3.1177E-02 3.3563E-02 3.8368E-02 3.7374E-02 4.2862E-02 4.2746E-02 4.7171E-02 4.7166E-02 5.9206E-02 5.1389E-02 7.5018E-02 1.0403E-01 9.2949E-02 1.3815E-01 2.1695E-01 2.3055E-01 1.8377E-01 1.1923E-01 1.0803E-01 9.7174E-02 8.2950E-02 6.4484E-02 4.1908E-02 4.1312E-02 3.4167E-02 2.5962E-02 2.7096E-02 2.6872E-02 2.5463E-02 2.3543E-02
3.9009E-03 4.8848E-03 5.7505E-03 6.4719E-03 7.0782E-03 7.5902E-03 7.9958E-03 8.2463E-03 8.3397E-03 8.3394E-03 8.3727E-03 8.5007E-03 8.6398E-03 8.7243E-03 1.0019E-02 1.1140E-02 1.1995E-02 1.2576E-02 1.2918E-02 1.3138E-02 1.3347E-02 1.3697E-02 1.4271E-02 1.5144E-02 1.6290E-02 1.8975E-02 2.4929E-02 3.0624E-02 3.5646E-02 3.9968E-02 4.2588E-02 4.5861E-02 4.7200E-02 5.3316E-02 5.4255E-02 6.1799E-02 6.8405E-02 5.3484E-02 1.1270E-01 1.1561E-01 1.6055E-01 2.4383E-01 2.6248E-01 1.6169E-01 1.2037E-01 1.2201E-01 1.1060E-01 8.0811E-02 6.1649E-02 5.7102E-02 4.4239E-02 3.0522E-02 2.9497E-02 2.9011E-02 2.7625E-02 2.7542E-02 2.7504E-02
4.4151E-03 5.5691E-03 6.5890E-03 7.4512E-03 8.1789E-03 8.7788E-03 9.2377E-03 9.5127E-03 9.5805E-03 9.5378E-03 9.5337E-03 9.6706E-03 9.8715E-03 1.0059E-02 1.0270E-02 1.1520E-02 1.2506E-02 1.3212E-02 1.3659E-02 1.3952E-02 1.4206E-02 1.4567E-02 1.5124E-02 1.5932E-02 1.6949E-02 1.7944E-02 1.8546E-02 2.1305E-02 2.9401E-02 3.8862E-02 4.4715E-02 4.8555E-02 5.4104E-02 6.1818E-02 7.0377E-02 7.0351E-02 8.6274E-02 8.7092E-02 9.5498E-02 1.6505E-01 1.8281E-01 2.9311E-01 2.7418E-01 1.5887E-01 1.4124E-01 1.4120E-01 1.0169E-01 8.4684E-02 7.9814E-02 4.9325E-02 3.8600E-02 3.9047E-02 3.9816E-02 4.0043E-02 3.9286E-02 3.7159E-02 3.4423E-02
5.0137E-03 6.3623E-03 7.5538E-03 8.5718E-03 9.4246E-03 1.0115E-02 1.0641E-02 1.0974E-02 1.1091E-02 1.1114E-02 1.1163E-02 1.1387E-02 1.1765E-02 1.2171E-02 1.2367E-02 1.2241E-02 1.2928E-02 1.3771E-02 1.4343E-02 1.4730E-02 1.5048E-02 1.5425E-02 1.5946E-02 1.6646E-02 1.7484E-02 1.8205E-02 1.8508E-02 1.8377E-02 1.8308E-02 2.2066E-02 3.1440E-02 3.9408E-02 5.5365E-02 6.5550E-02 7.8160E-02 9.4934E-02 9.3920E-02 1.1378E-01 1.0144E-01 2.1326E-01 2.2362E-01 3.4935E-01 2.6220E-01 1.7497E-01 1.6654E-01 1.1134E-01 1.0673E-01 7.2783E-02 5.7605E-02 7.2435E-02 7.6767E-02 6.9376E-02 6.3057E-02 5.6809E-02 4.9949E-02 4.3724E-02 3.8170E-02
5.5573E-03 7.0981E-03 8.4615E-03 9.6398E-03 1.0617E-02 1.1396E-02 1.2011E-02 1.2452E-02 1.2676E-02 1.2831E-02 1.3002E-02 1.3368E-02 1.3961E-02 1.4594E-02 1.4919E-02 1.4758E-02 1.4206E-02 1.4261E-02 1.4966E-02 1.5463E-02 1.5864E-02 1.6275E-02 1.6757E-02 1.7323E-02 1.7969E-02 1.8505E-02 1.8654E-02 1.8300E-02 2.0023E-02 2.1156E-02 2.4282E-02 2.6277E-02 2.8182E-02 4.4806E-02 6.6746E-02 8.8836E-02 1.0726E-01 1.2468E-01 1.7272E-01 1.6825E-01 2.2094E-01 4.0029E-01 2.2148E-01 1.8703E-01 1.7713E-01 9.9184E-02 8.1485E-02 1.0089E-01 1.2324E-01 1.2958E-01 1.2185E-01 9.7523E-02 7.8228E-02 6.4017E-02 4.8268E-02 3.9076E-02 3.5510E-02
5.9475E-03 7.6352E-03 9.1458E-03 1.0466E-02 1.1556E-02 1.2396E-02 1.3074E-02 1.3602E-02 1.3913E-02 1.4188E-02 1.4487E-02 1.4985E-02 1.5725E-02 1.6507E-02 1.6978E-02 1.6934E-02 1.6563E-02 1.6769E-02 1.7991E-02 1.8950E-02 1.9080E-02 1.9270E-02 1.9624E-02 2.0188E-02 2.1465E-02 2.2329E-02 2.3676E-02 2.5612E-02 2.4405E-02 2.0454E-02 2.4082E-02 3.1052E-02 2.8768E-02 3.6196E-02 4.9651E-02 5.5552E-02 7.3220E-02 1.1239E-01 1.4909E-01 1.8500E-01 1.8915E-01 4.6330E-01 2.3621E-01 1.9866E-01 1.3529E-01 1.3306E-01 1.6098E-01 1.7570E-01 1.6116E-01 1.4026E-01 1.0477E-01 7.1216E-02 6.3851E-02 5.3541E-02 4.3885E-02 3.8411E-02 3.4931E-02
6.1479E-03 7.9069E-03 9.5037E-03 1.0901E-02 1.2054E-02 1.2918E-02 1.3601E-02 1.4126E-02 1.4487E-02 1.4845E-02 1.5206E-02 1.5748E-02 1.6510E-02 1.7337E-02 1.7932E-02 1.8096E-02 1.8090E-02 1.8783E-02 2.0391E-02 2.1497E-02 2.1472E-02 2.1550E-02 2.2507E-02 2.4007E-02 2.6974E-02 3.0708E-02 2.9693E-02 3.2931E-02 3.2978E-02 3.6384E-02 3.7000E-02 4.9415E-02 5.0872E-02 6.1815E-02 6.6258E-02 8.7692E-02 7.7658E-02 9.8200E-02 1.4079E-01 2.0179E-01 2.1733E-01 4.7470E-01 2.3470E-01 2.0861E-01 2.1010E-01 1.5788E-01 1.6092E-01 1.3213E-01 1.3198E-01 1.0837E-01 8.9461E-02 6.8927E-02 5.3423E-02 4.2654E-02 3.4396E-02 2.7705E-02 2.4288E-02
6.1751E-03 7.9553E-03 9.5717E-03 1.0966E-02 1.2111E-02 1.2976E-02 1.3617E-02 1.4060E-02 1.4396E-02 1.4750E-02 1.5116E-02 1.5665E-02 1.6415E-02 1.7253E-02 1.7900E-02 1.8237E-02 1.8560E-02 1.9468E-02 2.0868E-02 2.1587E-02 2.1498E-02 2.1699E-02 2.2529E-02 2.4063E-02 2.6610E-02 3.0567E-02 3.0680E-02 3.4109E-02 3.6424E-02 3.9125E-02 4.6145E-02 5.6002E-02 6.0561E-02 6.7203E-02 8.2034E-02 9.3183E-02 9.5180E-02 1.2297E-01 1.3412E-01 1.3811E-01 2.4966E-01 3.8194E-01 2.3850E-01 1.7956E-01 1.8838E-01 1.1259E-01 9.9473E-02 7.3620E-02 5.8043E-02 5.2530E-02 4.6628E-02 4.1905E-02 4.0124E-02 3.5306E-02 3.8042E-02 3.1451E-02 2.8172E-02
6.1193E-03 7.8802E-03 9.4475E-03 1.0777E-02 1.1855E-02 1.2686E-02 1.3269E-02 1.3615E-02 1.3856E-02 1.4124E-02 1.4474E-02 1.5039E-02 1.5779E-02 1.6577E-02 1.7139E-02 1.7502E-02 1.8044E-02 1.8966E-02 1.9778E-02 2.0104E-02 2.0478E-02 2.1166E-02 2.1759E-02 2.2722E-02 2.3389E-02 2.3300E-02 2.5349E-02 2.8197E-02 2.8942E-02 3.2001E-02 3.2265E-02 3.3876E-02 3.2300E-02 3.7861E-02 4.5045E-02 5.3500E-02 7.6058E-02 8.5041E-02 1.2079E-01 1.9513E-01 2.5814E-01 1.9468E-01 2.4666E-01 2.2461E-01 1.1436E-01 1.2959E-01 1.3999E-01 1.3135E-01 9.8749E-02 9.0292E-02 7.2991E-02 5.2533E-02 3.9097E-02 3.5269E-02 3.4888E-02 3.3358E-02 3.3499E-02
5.9736E-03 7.6770E-03 9.1447E-03 1.0343E-02 1.1289E-02 1.2026E-02 1.2531E-02 1.2804E-02 1.2988E-02 1.3229E-02 1.3600E-02 1.4118E-02 1.4760E-02 1.5450E-02 1.5858E-02 1.6136E-02 1.6678E-02 1.7363E-02 1.7505E-02 1.8455E-02 1.9378E-02 2.0191E-02 2.0983E-02 2.1819E-02 2.2724E-02 2.3535E-02 2.3640E-02 2.2958E-02 2.2589E-02 2.5293E-02 2.3988E-02 2.6946E-02 3.2478E-02 4.3412E-02 5.8960E-02 5.0691E-02 4.6385E-02 1.2715E-01 1.3371E-01 2.3583E-01 2.1976E-01 2.4388E-01 1.9774E-01 2.1298E-01 2.3573E-01 1.3072E-01 7.2322E-02 8.0232E-02 8.6550E-02 7.7340E-02 7.7329E-02 6.3648E-02 5.3914E-02 4.1332E-02 3.0546E-02 2.5805E-02 2.6679E-02
5.6735E-03 7.2692E-03 8.6086E-03 9.6565E-03 1.0484E-02 1.1148E-02 1.1568E-02 1.1770E-02 1.1915E-02 1.2166E-02 1.2555E-02 1.2958E-02 1.3444E-02 1.4009E-02 1.4294E-02 1.4397E-02 1.4641E-02 1.6268E-02 1.7801E-02 1.9066E-02 2.0091E-02 2.0944E-02 2.1707E-02 2.2452E-02 2.3271E-02 2.3973E-02 2.3634E-02 2.2068E-02 2.0782E-02 2.8886E-02 3.4468E-02 5.2579E-02 6.4403E-02 3.2610E-02 3.0916E-02 4.1829E-02 8.3863E-02 6.5276E-02 1.1898E-01 1.4631E-01 1.6082E-01 1.7314E-01 1.1008E-01 1.4934E-01 1.6687E-01 2.3865E-01 1.5635E-01 8.7004E-02 5.2433E-02 5.2834E-02 5.8554E-02 5.5573E-02 4.8622E-02 4.1438E-02 3.5920E-02 3.1114E-02 2.9938E-02
5.1871E-03 6.6150E-03 7.7943E-03 8.7234E-03 9.4613E-03 1.0047E-02 1.0387E-02 1.0524E-02 1.0619E-02 1.0836E-02 1.1168E-02 1.1466E-02 1.1806E-02 1.2210E-02 1.2355E-02 1.2669E-02 1.4693E-02 1.6571E-02 1.8220E-02 1.9596E-02 2.0701E-02 2.1546E-02 2.2140E-02 2.2480E-02 2.2645E-02 2.2395E-02 2.0749E-02 1.9505E-02 3.0848E-02 4.9997E-02 5.3134E-02 3.0466E-02 2.2482E-02 2.2481E-02 3.5413E-02 5.3437E-02 5.0189E-02 7.1210E-02 9.1494E-02 1.0934E-01 1.3503E-01 1.1385E-01 8.4130E-02 1.0887E-01 1.1115E-01 1.5544E-01 1.8513E-01 1.4081E-01 9.7774E-02 5.7709E-02 3.2977E-02 3.6456E-02 3.8865E-02 3.8113E-02 3.6591E-02 3.3919E-02 3.0323E-02
4.7049E-03 6.9039E-03 7.6342E-03 8.1524E-03 8.2847E-03 8.7711E-03 9.0813E-03 9.2166E-03 9.2953E-03 9.4474E-03 9.6394E-03 9.7840E-03 9.9367E-03 1.0141E-02 1.0525E-02 1.2699E-02 1.4816E-02 1.6783E-02 1.8503E-02 1.9928E-02 2.1031E-02 2.1760E-02 2.2017E-02 2.1690E-02 2.0778E-02 2.1502E-02 3.1509E-02 3.6675E-02 3.6289E-02 1.8577E-02 1.6820E-02 1.5237E-02 2.3769E-02 3.4019E-02 3.1769E-02 4.3852E-02 4.5763E-02 8.1643E-02 7.2579E-02 8.7023E-02 1.0045E-01 8.1740E-02 7.2506E-02 7.3830E-02 1.0110E-01 9.8928E-02 1.1991E-01 1.4552E-01 1.2445E-01 8.4377E-02 5.2440E-02 3.3116E-02 2.3227E-02 2.6490E-02 2.8545E-02 2.8831E-02 2.7653E-02
