20231023_webinar_progetto_murano/refs/data_input_report_tx_finale/grd_f3_sc_4/Maximum_24h.grd
DSAA
          81           81
 760250.0000  764250.0000
5036750.0000 5040750.0000
  0.9938E-03   0.4747E+00
[rows 50 to 74 of 81, columns 0 to 56 of 81]
5.0989E-03 7.0165E-03 6.9559E-03 6.6350E-03 7.1558E-03 7.5523E-03 7.8092E-03 7.9207E-03 7.9739E-03 8.0401E-03 8.3839E-03 8.8430E-03 9.4254E-03 9.9257E-03 1.0322E-02 1.2561E-02 1.4752E-02 1.6769E-02 1.8493E-02 1.9859E-02 2.0810E-02 2.1263E-02 2.1066E-02 2.3887E-02 3.1212E-02 3.2574E-02 2.8469E-02 1.3805E-02 1.1643E-02 1.1506E-02 1.4673E-02 2.6311E-02 2.8976E-02 2.3266E-02 3.7783E-02 4.2379E-02 6.6051E-02 4.9329E-02 5.9601E-02 8.9712E-02 8.3767E-02 7.4041E-02 5.6983E-02 6.0187E-02 7.4331E-02 8.4109E-02 9.4807E-02 1.0088E-01 1.1613E-01 9.5684E-02 6.7817E-02 4.6350E-02 3.1523E-02 2.1627E-02 2.0935E-02 2.4391E-02 2.3667E-02
3.5273E-03 4.4054E-03 5.2532E-03 6.0172E-03 6.6446E-03 7.1605E-03 7.5738E-03 7.8594E-03 8.0659E-03 8.2321E-03 8.4547E-03 8.7875E-03 9.2204E-03 9.5811E-03 9.8717E-03 1.2129E-02 1.4356E-02 1.6386E-02 1.8058E-02 1.9261E-02 2.0394E-02 2.4903E-02 2.9940E-02 3.3479E-02 2.5338E-02 1.3404E-02 1.1082E-02 1.0756E-02 1.0707E-02 1.5851E-02 2.4546E-02 2.9034E-02 2.4010E-02 3.7543E-02 3.7286E-02 5.6201E-02 3.9314E-02 3.7892E-02 4.7085E-02 7.3190E-02 5.8220E-02 5.9354E-02 5.2174E-02 5.5387E-02 5.7041E-02 7.5784E-02 6.5596E-02 8.9093E-02 8.2190E-02 8.5654E-02 7.1549E-02 5.4643E-02 4.0069E-02 2.8850E-02 2.0997E-02 1.6581E-02 1.7529E-02
3.6831E-03 4.7041E-03 5.6109E-03 6.3712E-03 6.9535E-03 7.3882E-03 7.7165E-03 7.9184E-03 8.0298E-03 8.0751E-03 8.1368E-03 8.2695E-03 8.4824E-03 8.6726E-03 9.1197E-03 1.1315E-02 1.3503E-02 1.5477E-02 1.7034E-02 2.1576E-02 2.8222E-02 2.6935E-02 2.1210E-02 1.4676E-02 1.2775E-02 9.9963E-03 9.1967E-03 1.1285E-02 1.7141E-02 2.4108E-02 1.9755E-02 1.6991E-02 3.3363E-02 3.2743E-02 4.3773E-02 4.2382E-02 3.5656E-02 3.3045E-02 4.7861E-02 5.7873E-02 4.7268E-02 5.4222E-02 4.8549E-02 5.3548E-02 4.3365E-02 6.2154E-02 6.2299E-02 5.4723E-02 7.8075E-02 6.6928E-02 6.3514E-02 5.5500E-02 4.4733E-02 3.4518E-02 2.6488E-02 2.0456E-02 1.7979E-02
3.7964E-03 4.8288E-03 5.7323E-03 6.4598E-03 6.9782E-03 7.3214E-03 7.5515E-03 7.6624E-03 7.6800E-03 7.6085E-03 7.5067E-03 7.4226E-03 7.3994E-03 8.7183E-03 1.0491E-02 1.3307E-02 1.7681E-02 2.0922E-02 2.3583E-02 2.1378E-02 1.6240E-02 1.5094E-02 1.3553E-02 1.1630E-02 9.5197E-03 9.8437E-03 1.7243E-02 1.9550E-02 2.2188E-02 1.6242E-02 1.8363E-02 3.2217E-02 2.6755E-02 3.6118E-02 4.3204E-02 3.4061E-02 3.0210E-02 3.1403E-02 5.0311E-02 4.5109E-02 4.3569E-02 4.4208E-02 4.7107E-02 4.0671E-02 4.1355E-02 4.6523E-02 5.2799E-02 4.5418E-02 5.7974E-02 7.1448E-02 5.9600E-02 4.9226E-02 4.4267E-02 3.7256E-02 3.4183E-02 2.6847E-02 1.9779E-02
3.7282E-03 4.7195E-03 5.5776E-03 6.2514E-03 6.7064E-03 6.9709E-03 7.1050E-03 7.1157E-03 7.0320E-03 7.3203E-03 8.2558E-03 8.9731E-03 1.0146E-02 1.2611E-02 1.5142E-02 1.7767E-02 2.0416E-02 1.9157E-02 1.5138E-02 1.3470E-02 1.3225E-02 1.2257E-02 1.0734E-02 8.9237E-03 1.0926E-02 1.5510E-02 2.1441E-02 1.9847E-02 1.1972E-02 1.6789E-02 2.9534E-02 2.5791E-02 3.1019E-02 4.0230E-02 3.2594E-02 3.1344E-02 2.5707E-02 2.6324E-02 5.1288E-02 3.8003E-02 3.8860E-02 3.6293E-02 4.2850E-02 3.7007E-02 4.2964E-02 3.9151E-02 4.0787E-02 4.0674E-02 3.5403E-02 5.6129E-02 6.2395E-02 5.0587E-02 3.9113E-02 3.6377E-02 3.2169E-02 3.0068E-02 2.8138E-02
3.4947E-03 4.4021E-03 5.1777E-03 5.7715E-03 6.1487E-03 6.3339E-03 6.3773E-03 6.6068E-03 7.4984E-03 8.8372E-03 1.0995E-02 1.3293E-02 1.5088E-02 1.7020E-02 1.7120E-02 1.4907E-02 1.1719E-02 9.3731E-03 1.0230E-02 1.0542E-02 1.0256E-02 9.4151E-03 1.0059E-02 1.2880E-02 1.5193E-02 2.0751E-02 2.0028E-02 1.2782E-02 1.7234E-02 2.6289E-02 2.6463E-02 2.6711E-02 4.0133E-02 2.7385E-02 3.4693E-02 2.5877E-02 2.2790E-02 2.9494E-02 4.4773E-02 3.4525E-02 3.3237E-02 3.3095E-02 4.1289E-02 4.0319E-02 3.9581E-02 3.5265E-02 3.0645E-02 3.3962E-02 3.1430E-02 3.6878E-02 5.0711E-02 5.2873E-02 4.4599E-02 3.2419E-02 3.1106E-02 2.8156E-02 3.2902E-02
3.1495E-03 3.9532E-03 4.8087E-03 5.4902E-03 5.7674E-03 5.9768E-03 6.8967E-03 8.5574E-03 1.0408E-02 1.2236E-02 1.4216E-02 1.6111E-02 1.5953E-02 1.3493E-02 9.5886E-03 9.2074E-03 9.8735E-03 9.5193E-03 7.6390E-03 7.6760E-03 8.4512E-03 1.0445E-02 1.2855E-02 1.4612E-02 1.4984E-02 1.4696E-02 1.2244E-02 1.5266E-02 2.4703E-02 2.1173E-02 2.2844E-02 3.4009E-02 3.1315E-02 2.8215E-02 2.7584E-02 2.1957E-02 2.1304E-02 3.1448E-02 3.9903E-02 2.8353E-02 2.7884E-02 2.9542E-02 3.7657E-02 3.4141E-02 3.6211E-02 2.7386E-02 2.4294E-02 2.7074E-02 2.7597E-02 2.4547E-02 3.5488E-02 4.5654E-02 4.7503E-02 4.0761E-02 3.0751E-02 2.6815E-02 2.4556E-02
3.0714E-03 4.3334E-03 5.4122E-03 6.4578E-03 7.2161E-03 7.9606E-03 9.6803E-03 1.1953E-02 1.3782E-02 1.4189E-02 1.3138E-02 1.1742E-02 8.7544E-03 6.9675E-03 8.1964E-03 9.0000E-03 8.8858E-03 7.2830E-03 7.2637E-03 9.4687E-03 1.1719E-02 1.3475E-02 1.4397E-02 1.3444E-02 1.0416E-02 1.1803E-02 1.3959E-02 2.3788E-02 1.9304E-02 2.0042E-02 2.4124E-02 3.1442E-02 2.1820E-02 2.7162E-02 2.5199E-02 1.7719E-02 1.9871E-02 3.2743E-02 3.5191E-02 2.3318E-02 2.4981E-02 2.5886E-02 3.3001E-02 3.1247E-02 3.2338E-02 2.8844E-02 2.3241E-02 2.1070E-02 2.3111E-02 2.2461E-02 2.3740E-02 3.4909E-02 4.2742E-02 4.3134E-02 3.7508E-02 2.9421E-02 2.3153E-02
3.5759E-03 5.1840E-03 6.6841E-03 8.1439E-03 9.4709E-03 1.0932E-02 1.2375E-02 1.3338E-02 1.2888E-02 1.0384E-02 6.9820E-03 6.8206E-03 7.1154E-03 7.8732E-03 8.0508E-03 6.7114E-03 6.1160E-03 7.7221E-03 9.7329E-03 1.2050E-02 1.3984E-02 1.4636E-02 1.3366E-02 9.9249E-03 8.6305E-03 1.2563E-02 2.2369E-02 1.9069E-02 1.7555E-02 2.6214E-02 3.2349E-02 2.2733E-02 2.4626E-02 2.2759E-02 2.2515E-02 1.5231E-02 1.7028E-02 3.1544E-02 2.8593E-02 2.1371E-02 2.2821E-02 2.2458E-02 2.7965E-02 2.9797E-02 2.8621E-02 2.9159E-02 2.4784E-02 2.0309E-02 1.8803E-02 1.9687E-02 1.8700E-02 2.4957E-02 3.4046E-02 3.9393E-02 3.9335E-02 3.4663E-02 2.7680E-02
4.8445E-03 7.2255E-03 9.0453E-03 1.0199E-02 1.1119E-02 1.1659E-02 1.0793E-02 9.1463E-03 6.7480E-03 6.2609E-03 7.2972E-03 8.4893E-03 7.9895E-03 7.0466E-03 6.1722E-03 6.8673E-03 8.2805E-03 9.9409E-03 1.1736E-02 1.3321E-02 1.3890E-02 1.2653E-02 9.6789E-03 9.0704E-03 1.0581E-02 2.2208E-02 1.8926E-02 1.9458E-02 1.9586E-02 2.8754E-02 2.5686E-02 2.7686E-02 2.1122E-02 1.9471E-02 1.9103E-02 1.6669E-02 1.9236E-02 2.9770E-02 2.4524E-02 1.9807E-02 2.0418E-02 2.0849E-02 2.6370E-02 2.8362E-02 2.6036E-02 2.4753E-02 2.2282E-02 1.9586E-02 1.6432E-02 1.6700E-02 1.6904E-02 1.7432E-02 2.5101E-02 3.2194E-02 3.6086E-02 3.5496E-02 3.1215E-02
6.7078E-03 9.3978E-03 1.0482E-02 1.0363E-02 9.4574E-03 7.8565E-03 5.3817E-03 5.7694E-03 6.9142E-03 7.4606E-03 8.4749E-03 8.6302E-03 6.8712E-03 6.5425E-03 7.8855E-03 9.1188E-03 1.0424E-02 1.1740E-02 1.2705E-02 1.2775E-02 1.1437E-02 8.7312E-03 9.1576E-03 1.0057E-02 1.8345E-02 1.9129E-02 1.7612E-02 1.9777E-02 2.7018E-02 2.3347E-02 1.9307E-02 2.4054E-02 1.7852E-02 1.7283E-02 1.3823E-02 1.6418E-02 2.1565E-02 2.7943E-02 2.1276E-02 1.8075E-02 1.8479E-02 1.8263E-02 2.2249E-02 2.4493E-02 2.4284E-02 2.2591E-02 2.0952E-02 1.9299E-02 1.6177E-02 1.3798E-02 1.4760E-02 1.4534E-02 1.7902E-02 2.4323E-02 2.9811E-02 3.2405E-02 3.1490E-02
7.0129E-03 8.7793E-03 8.4129E-03 6.9269E-03 4.9286E-03 4.5823E-03 5.5027E-03 6.6894E-03 7.2871E-03 7.2693E-03 7.4210E-03 6.3276E-03 7.2112E-03 8.6569E-03 9.9641E-03 1.0979E-02 1.1808E-02 1.2327E-02 1.2091E-02 1.0739E-02 8.2772E-03 8.3663E-03 9.3583E-03 1.5931E-02 1.6451E-02 1.5549E-02 1.6824E-02 2.3137E-02 2.6810E-02 1.7042E-02 2.1272E-02 1.8067E-02 1.5009E-02 1.5294E-02 1.2867E-02 1.4603E-02 2.3181E-02 2.5679E-02 1.7723E-02 1.6845E-02 1.6621E-02 1.6789E-02 2.0849E-02 2.3611E-02 2.3291E-02 2.1605E-02 2.0942E-02 1.9529E-02 1.5642E-02 1.2640E-02 1.2615E-02 1.3092E-02 1.3020E-02 1.7856E-02 2.3183E-02 2.7329E-02 2.9078E-02
4.7773E-03 5.3297E-03 4.2260E-03 4.6430E-03 5.1505E-03 5.4363E-03 6.0022E-03 6.5081E-03 6.1951E-03 5.3479E-03 6.2385E-03 7.6636E-03 9.1310E-03 1.0412E-02 1.1334E-02 1.1805E-02 1.1837E-02 1.1296E-02 9.9373E-03 7.8693E-03 8.5109E-03 9.7455E-03 1.4809E-02 1.5825E-02 1.4897E-02 1.4955E-02 1.9666E-02 2.3100E-02 1.6376E-02 1.9434E-02 1.7337E-02 1.3344E-02 1.2558E-02 1.2333E-02 1.2090E-02 1.4498E-02 2.3645E-02 2.3465E-02 1.6226E-02 1.5692E-02 1.5814E-02 1.6189E-02 2.0379E-02 2.3327E-02 2.3301E-02 2.0284E-02 2.0405E-02 1.8252E-02 1.5124E-02 1.2445E-02 1.1542E-02 1.1585E-02 1.1768E-02 1.3298E-02 1.7674E-02 2.2016E-02 2.5150E-02
2.5814E-03 3.7087E-03 4.5791E-03 5.3256E-03 5.8217E-03 5.7985E-03 5.5689E-03 5.2498E-03 5.1729E-03 6.4144E-03 7.8555E-03 9.2907E-03 1.0544E-02 1.1378E-02 1.1660E-02 1.1367E-02 1.0521E-02 9.1009E-03 7.1594E-03 8.2167E-03 1.1036E-02 1.6443E-02 1.7650E-02 1.5157E-02 1.5736E-02 1.6720E-02 2.3052E-02 1.9337E-02 1.5229E-02 1.8964E-02 1.5233E-02 1.1570E-02 1.1424E-02 1.0205E-02 1.0280E-02 1.6016E-02 2.3097E-02 2.1147E-02 1.4723E-02 1.4611E-02 1.5437E-02 1.5245E-02 1.8140E-02 2.1020E-02 2.2536E-02 2.1234E-02 1.9863E-02 1.7558E-02 1.4837E-02 1.2447E-02 1.0549E-02 1.0129E-02 1.0714E-02 1.0713E-02 1.3473E-02 1.7275E-02 2.0747E-02
2.7512E-03 3.9923E-03 5.0360E-03 5.6850E-03 5.6718E-03 5.0041E-03 4.3199E-03 5.3482E-03 6.5056E-03 7.7806E-03 9.1132E-03 1.0278E-02 1.1059E-02 1.1263E-02 1.0822E-02 9.8104E-03 8.3878E-03 7.1552E-03 8.0500E-03 1.0180E-02 1.7014E-02 1.8502E-02 1.2823E-02 1.2708E-02 1.5675E-02 2.1421E-02 2.0327E-02 1.5573E-02 1.7297E-02 1.6220E-02 1.2517E-02 1.1006E-02 1.0060E-02 1.0019E-02 9.7344E-03 1.7127E-02 2.1741E-02 1.8592E-02 1.2816E-02 1.3906E-02 1.4674E-02 1.3788E-02 1.5510E-02 1.7639E-02 1.8865E-02 1.7966E-02 1.8914E-02 1.7825E-02 1.5082E-02 1.2790E-02 1.0904E-02 1.1171E-02 9.5637E-03 9.9076E-03 1.0436E-02 1.3421E-02 1.6581E-02
3.0292E-03 4.0743E-03 4.8361E-03 5.1221E-03 4.6002E-03 4.4100E-03 5.4381E-03 6.5560E-03 7.6982E-03 8.8136E-03 9.7923E-03 1.0442E-02 1.0591E-02 1.0135E-02 9.0958E-03 7.6631E-03 7.1973E-03 8.0951E-03 8.7893E-03 1.2789E-02 1.6260E-02 1.3193E-02 1.2407E-02 1.3354E-02 1.9724E-02 2.1189E-02 1.6513E-02 1.6960E-02 1.7914E-02 1.4297E-02 1.3051E-02 1.0971E-02 8.9559E-03 1.0350E-02 1.0991E-02 1.7291E-02 1.9832E-02 1.6355E-02 1.1523E-02 1.2751E-02 1.2864E-02 1.2576E-02 1.4243E-02 1.6119E-02 1.7487E-02 1.7554E-02 1.8921E-02 1.8527E-02 1.5670E-02 1.3378E-02 1.1287E-02 1.1183E-02 8.7942E-03 8.9748E-03 9.1626E-03 1.0457E-02 1.2992E-02
2.8887E-03 3.6859E-03 3.9626E-03 3.7525E-03 4.3986E-03 5.4180E-03 6.4941E-03 7.5769E-03 8.5551E-03 9.3386E-03 9.8031E-03 9.8289E-03 9.3481E-03 8.3684E-03 7.0049E-03 6.9835E-03 7.9609E-03 8.7315E-03 9.1986E-03 1.1710E-02 1.1006E-02 1.2207E-02 1.3007E-02 1.7351E-02 2.0969E-02 1.5567E-02 1.3527E-02 1.6444E-02 1.4519E-02 1.2575E-02 1.1998E-02 1.0242E-02 8.5129E-03 9.6254E-03 1.2168E-02 1.6930E-02 1.7866E-02 1.4417E-02 1.0988E-02 1.2485E-02 1.1961E-02 1.1445E-02 1.3626E-02 1.5942E-02 1.8112E-02 1.9142E-02 1.8985E-02 1.7616E-02 1.5204E-02 1.3158E-02 1.1249E-02 9.7557E-03 8.6886E-03 7.9898E-03 8.4065E-03 8.5149E-03 1.0155E-02
2.3633E-03 2.9969E-03 3.4118E-03 4.3225E-03 5.2957E-03 6.3377E-03 7.3556E-03 8.2713E-03 8.9498E-03 9.2924E-03 9.2059E-03 8.6624E-03 7.7119E-03 6.4585E-03 6.6182E-03 7.5392E-03 8.3269E-03 1.0730E-02 1.2025E-02 1.0561E-02 1.1287E-02 1.3543E-02 1.6617E-02 1.9366E-02 1.6306E-02 1.2214E-02 1.2941E-02 1.3195E-02 1.1263E-02 1.1082E-02 1.0772E-02 9.2416E-03 7.5523E-03 8.0191E-03 1.2616E-02 1.5856E-02 1.6083E-02 1.2830E-02 1.0298E-02 1.1634E-02 1.2229E-02 1.0031E-02 1.2287E-02 1.4757E-02 1.7461E-02 1.9345E-02 1.8742E-02 1.6291E-02 1.3992E-02 1.2541E-02 1.0916E-02 9.3256E-03 7.8770E-03 7.0316E-03 7.6055E-03 7.9291E-03 8.0182E-03
2.3836E-03 3.1955E-03 4.1267E-03 5.1144E-03 6.1075E-03 7.0842E-03 7.9352E-03 8.5683E-03 8.8533E-03 8.7267E-03 8.1628E-03 7.2223E-03 6.0407E-03 6.2732E-03 7.0361E-03 7.7065E-03 1.0605E-02 1.2991E-02 1.1461E-02 1.0981E-02 1.2214E-02 1.5083E-02 1.9086E-02 1.7731E-02 1.1614E-02 1.1363E-02 1.2780E-02 1.1866E-02 1.0774E-02 1.0551E-02 9.6427E-03 7.9903E-03 7.3401E-03 8.6582E-03 1.2684E-02 1.4879E-02 1.4310E-02 1.1764E-02 9.6408E-03 1.0868E-02 1.1153E-02 8.9192E-03 1.1169E-02 1.3490E-02 1.5960E-02 1.7782E-02 1.7381E-02 1.5129E-02 1.3546E-02 1.2324E-02 1.0707E-02 9.1955E-03 7.9046E-03 7.8011E-03 6.7817E-03 7.2626E-03 7.5235E-03
2.8574E-03 3.7699E-03 4.7673E-03 5.7661E-03 6.7018E-03 7.5289E-03 8.1317E-03 8.4226E-03 8.3051E-03 7.7804E-03 6.9003E-03 5.7902E-03 6.0632E-03 6.6951E-03 7.1874E-03 1.0299E-02 1.1917E-02 1.0719E-02 1.0408E-02 1.1452E-02 1.3087E-02 1.6067E-02 1.8018E-02 1.3468E-02 1.0113E-02 1.1977E-02 1.2468E-02 1.1035E-02 1.0499E-02 9.8677E-03 8.5049E-03 6.8790E-03 7.5566E-03 9.2143E-03 1.2580E-02 1.4117E-02 1.3345E-02 1.1101E-02 9.4806E-03 1.0445E-02 1.0115E-02 8.0729E-03 1.0336E-02 1.2511E-02 1.4499E-02 1.6053E-02 1.6270E-02 1.4851E-02 1.3658E-02 1.2175E-02 1.0666E-02 9.2323E-03 7.9126E-03 7.0413E-03 6.1352E-03 6.5577E-03 6.9591E-03
3.2839E-03 4.2525E-03 5.2532E-03 6.1891E-03 6.9916E-03 7.6045E-03 7.9240E-03 7.8877E-03 7.4447E-03 6.6602E-03 5.6426E-03 5.9440E-03 6.5359E-03 6.9375E-03 9.8842E-03 1.1248E-02 9.6356E-03 1.0281E-02 1.0402E-02 1.1423E-02 1.4199E-02 1.6499E-02 1.5122E-02 9.7093E-03 1.0526E-02 1.1928E-02 1.1796E-02 1.0165E-02 9.8940E-03 8.9827E-03 7.5292E-03 7.2748E-03 8.0995E-03 9.5986E-03 1.2330E-02 1.3351E-02 1.2486E-02 1.0519E-02 9.4298E-03 1.0499E-02 9.8615E-03 7.3317E-03 9.5290E-03 1.1632E-02 1.3597E-02 1.5321E-02 1.5822E-02 1.4506E-02 1.3804E-02 1.2259E-02 1.0877E-02 9.4515E-03 7.9643E-03 6.5319E-03 6.8614E-03 6.0999E-03 6.3242E-03
3.6235E-03 4.5959E-03 5.5324E-03 6.3321E-03 6.9341E-03 7.2920E-03 7.3346E-03 7.0370E-03 6.3934E-03 5.5131E-03 5.8172E-03 6.3984E-03 6.7997E-03 9.1753E-03 1.0742E-02 9.5152E-03 9.5240E-03 1.0207E-02 1.0448E-02 1.2585E-02 1.6000E-02 1.5326E-02 1.0927E-02 9.1721E-03 1.0841E-02 1.1454E-02 1.0813E-02 9.6934E-03 9.1773E-03 8.1012E-03 6.6932E-03 7.3725E-03 8.1195E-03 9.8662E-03 1.2019E-02 1.2616E-02 1.1691E-02 9.9398E-03 8.9567E-03 1.0006E-02 9.5478E-03 7.0711E-03 8.6737E-03 1.0737E-02 1.2865E-02 1.4695E-02 1.5400E-02 1.4503E-02 1.3892E-02 1.2656E-02 1.1212E-02 9.7046E-03 8.0985E-03 6.5561E-03 6.8067E-03 7.4248E-03 6.1768E-03
3.8264E-03 4.7501E-03 5.5681E-03 6.1846E-03 6.5563E-03 6.6618E-03 6.4752E-03 6.0082E-03 5.2894E-03 5.6097E-03 6.2062E-03 6.6348E-03 8.9743E-03 1.0496E-02 9.3179E-03 8.7460E-03 9.3897E-03 9.8435E-03 1.1324E-02 1.4314E-02 1.5836E-02 1.2329E-02 8.4280E-03 9.7152E-03 1.0775E-02 1.0702E-02 9.6063E-03 9.2772E-03 8.5705E-03 7.3953E-03 6.2333E-03 7.1290E-03 7.6149E-03 9.9586E-03 1.1589E-02 1.1853E-02 1.0909E-02 9.3465E-03 8.3089E-03 9.3128E-03 9.3096E-03 6.7031E-03 7.7716E-03 9.6344E-03 1.1591E-02 1.3332E-02 1.4656E-02 1.4518E-02 1.3942E-02 1.3011E-02 1.1436E-02 9.8793E-03 8.2746E-03 6.7064E-03 7.1177E-03 7.2624E-03 6.0017E-03
3.8654E-03 4.6977E-03 5.3633E-03 5.7809E-03 5.9327E-03 5.8307E-03 5.4943E-03 4.9540E-03 5.3230E-03 5.9046E-03 6.3614E-03 8.2274E-03 9.8125E-03 9.2288E-03 7.9356E-03 8.4185E-03 9.0162E-03 1.0346E-02 1.3136E-02 1.4765E-02 1.3060E-02 8.8987E-03 8.4863E-03 9.8398E-03 1.0371E-02 9.8380E-03 9.1688E-03 8.7986E-03 7.9626E-03 6.7498E-03 6.0397E-03 6.7631E-03 7.7977E-03 9.8998E-03 1.1103E-02 1.1130E-02 1.0196E-02 8.7883E-03 7.9237E-03 9.0232E-03 9.0278E-03 6.5592E-03 7.3951E-03 8.4824E-03 1.0128E-02 1.1869E-02 1.3634E-02 1.3949E-02 1.2973E-02 1.2318E-02 1.1187E-02 9.8302E-03 8.3432E-03 6.8415E-03 6.8448E-03 7.4452E-03 8.5591E-03
3.7219E-03 4.4345E-03 4.9399E-03 5.1769E-03 5.1556E-03 4.9189E-03 4.5202E-03 5.0036E-03 5.5357E-03 5.9672E-03 7.8039E-03 8.8279E-03 8.2468E-03 7.4936E-03 8.0806E-03 8.3482E-03 9.1947E-03 1.2025E-02 1.4438E-02 1.3393E-02 9.9186E-03 7.8867E-03 8.7561E-03 9.6371E-03 9.7258E-03 8.9526E-03 8.6796E-03 8.1574E-03 7.2410E-03 6.0547E-03 5.8900E-03 6.4162E-03 7.9267E-03 9.6733E-03 1.0548E-02 1.0421E-02 9.5220E-03 8.2519E-03 7.7610E-03 8.8603E-03 8.7094E-03 6.3716E-03 7.0171E-03 7.9171E-03 8.9668E-03 1.0697E-02 1.2703E-02 1.3626E-02 1.2384E-02 1.1600E-02 1.0725E-02 9.5506E-03 8.2207E-03 6.8309E-03 7.8672E-03 6.9899E-03 7.1409E-03
