20231023_webinar_progetto_murano/refs/data_input_report_tx_finale/grd_f3_sc_4/Maximum_24h.grd
DSAA
          81           81
 760250.0000  764250.0000
5036750.0000 5040750.0000
  0.9938E-03   0.4747E+00
[rows 0 to 24 of 81, columns 0 to 56 of 81]
9.9378E-04 1.4222E-03 1.7311E-03 1.8432E-03 1.8153E-03 2.1673E-03 2.2586E-03 2.0989E-03 1.7888E-03 1.4005E-03 1.5791E-03 1.9540E-03 2.1200E-03 2.2106E-03 2.3594E-03 2.5371E-03 2.8289E-03 3.0903E-03 2.9796E-03 2.3977E-03 1.7954E-03 2.0474E-03 1.9757E-03 1.9880E-03 2.3076E-03 2.6822E-03 3.0711E-03 3.5569E-03 3.9343E-03 4.1709E-03 4.2472E-03 4.1464E-03 3.8329E-03 3.4390E-03 4.1298E-03 4.6355E-03 5.4310E-03 5.3428E-03 5.6675E-03 6.1132E-03 5.5131E-03 7.6427E-03 1.0417E-02 1.2673E-02 1.2121E-02 1.0106E-02 9.1516E-03 7.7252E-03 8.0200E-03 7.6540E-03 6.8918E-03 6.0099E-03 5.1892E-03 4.6820E-03 4.3305E-03 3.8172E-03 3.6703E-03
1.1427E-03 1.6884E-03 2.1774E-03 2.4780E-03 2.5303E-03 2.6536E-03 2.9186E-03 2.8357E-03 2.4925E-03 2.0190E-03 1.9578E-03 2.5254E-03 2.8429E-03 2.9993E-03 3.1537E-03 3.3364E-03 3.6691E-03 4.1474E-03 4.3115E-03 3.7216E-03 2.6288E-03 2.6050E-03 2.6990E-03 2.5354E-03 2.8702E-03 3.3296E-03 3.8345E-03 4.4431E-03 4.9065E-03 5.2259E-03 5.3283E-03 5.2003E-03 4.8524E-03 4.7683E-03 5.7690E-03 6.1135E-03 7.3583E-03 7.3366E-03 7.7550E-03 8.3571E-03 7.3684E-03 1.0313E-02 1.4078E-02 1.7239E-02 1.6467E-02 1.3344E-02 1.1793E-02 1.0119E-02 1.0421E-02 9.7750E-03 8.6443E-03 7.4795E-03 6.4761E-03 6.3222E-03 5.6396E-03 4.7135E-03 4.7097E-03
1.3236E-03 1.7129E-03 2.3223E-03 2.8152E-03 3.0455E-03 2.9684E-03 3.2688E-03 3.3583E-03 3.0836E-03 2.6047E-03 2.1021E-03 2.7301E-03 3.2260E-03 3.5231E-03 3.7476E-03 3.9103E-03 4.1547E-03 4.7152E-03 5.1990E-03 4.8894E-03 3.7059E-03 2.6552E-03 3.0966E-03 3.1210E-03 3.2399E-03 3.8132E-03 4.4389E-03 5.1113E-03 5.6993E-03 6.1542E-03 6.3371E-03 6.1956E-03 5.8181E-03 5.2602E-03 6.4709E-03 7.1572E-03 8.8322E-03 8.9225E-03 8.9629E-03 9.9032E-03 8.7304E-03 1.1769E-02 1.6543E-02 2.0279E-02 1.8964E-02 1.5868E-02 1.3760E-02 1.2029E-02 1.2184E-02 1.1292E-02 9.9498E-03 8.6384E-03 7.4925E-03 7.3663E-03 6.1699E-03 5.4667E-03 5.6623E-03
1.5081E-03 1.8432E-03 2.2086E-03 2.7907E-03 3.1965E-03 3.2940E-03 3.3387E-03 3.6838E-03 3.5917E-03 3.1865E-03 2.6631E-03 2.5728E-03 3.2130E-03 3.7811E-03 4.1933E-03 4.3294E-03 4.4426E-03 4.8433E-03 5.3448E-03 5.3633E-03 4.4741E-03 3.0219E-03 3.0399E-03 3.4505E-03 3.5730E-03 4.2008E-03 4.9061E-03 5.6339E-03 6.3352E-03 6.9200E-03 7.2057E-03 7.1204E-03 6.7393E-03 6.1548E-03 6.6219E-03 7.9320E-03 9.8338E-03 9.8638E-03 9.8255E-03 1.1070E-02 9.7627E-03 1.3137E-02 1.8576E-02 2.2519E-02 2.0607E-02 1.7782E-02 1.5248E-02 1.3505E-02 1.3540E-02 1.2491E-02 1.0999E-02 9.5569E-03 8.4934E-03 8.1088E-03 6.6233E-03 6.1555E-03 6.4473E-03
1.6614E-03 2.0606E-03 2.2738E-03 2.5326E-03 3.0580E-03 3.4127E-03 3.4975E-03 3.7401E-03 4.0033E-03 3.8352E-03 3.3538E-03 2.7741E-03 2.9281E-03 3.7637E-03 4.3655E-03 4.5312E-03 4.5556E-03 4.7575E-03 5.1372E-03 5.3853E-03 4.8859E-03 3.7219E-03 3.3498E-03 3.5915E-03 4.0084E-03 4.4830E-03 5.1665E-03 6.0110E-03 6.8582E-03 7.5283E-03 7.9192E-03 7.9507E-03 7.6378E-03 7.0731E-03 7.0584E-03 8.4022E-03 1.0366E-02 1.0392E-02 1.0530E-02 1.2170E-02 1.0811E-02 1.4148E-02 1.9980E-02 2.3990E-02 2.1349E-02 1.9176E-02 1.6398E-02 1.4870E-02 1.4793E-02 1.3562E-02 1.1957E-02 1.0439E-02 9.2148E-03 8.3718E-03 7.2777E-03 6.7929E-03 7.1090E-03
2.5158E-03 2.6325E-03 2.4008E-03 2.5020E-03 2.7760E-03 3.3388E-03 3.7327E-03 3.7582E-03 4.2450E-03 4.5408E-03 4.2442E-03 3.5862E-03 2.9090E-03 3.4805E-03 4.2613E-03 4.5860E-03 4.6511E-03 4.8008E-03 5.1059E-03 5.4253E-03 5.1947E-03 4.4559E-03 3.6480E-03 3.9174E-03 4.7634E-03 4.8438E-03 5.4029E-03 6.3722E-03 7.3603E-03 8.0932E-03 8.5648E-03 8.7137E-03 8.5261E-03 7.9896E-03 7.9318E-03 8.7916E-03 1.0456E-02 1.0593E-02 1.0899E-02 1.3271E-02 1.1917E-02 1.5418E-02 2.1993E-02 2.6200E-02 2.2173E-02 2.0184E-02 1.7177E-02 1.6146E-02 1.5942E-02 1.4580E-02 1.2882E-02 1.1269E-02 9.8169E-03 8.6933E-03 7.9641E-03 7.4243E-03 7.7475E-03
3.6123E-03 4.0252E-03 3.3993E-03 2.7279E-03 2.7305E-03 2.9122E-03 3.5243E-03 3.9435E-03 4.0695E-03 4.9255E-03 5.1063E-03 4.6408E-03 3.7453E-03 2.9221E-03 3.8861E-03 4.5037E-03 4.7820E-03 4.9461E-03 5.1309E-03 5.5020E-03 5.7353E-03 5.1401E-03 4.0068E-03 4.1434E-03 4.8194E-03 5.9751E-03 5.6754E-03 6.6992E-03 7.7790E-03 8.5958E-03 9.1706E-03 9.5088E-03 9.4475E-03 8.9228E-03 8.8111E-03 9.9396E-03 1.0325E-02 1.0686E-02 1.1326E-02 1.4524E-02 1.3178E-02 1.6842E-02 2.4311E-02 2.8698E-02 2.3231E-02 2.0880E-02 1.7591E-02 1.7277E-02 1.6966E-02 1.5490E-02 1.3677E-02 1.1964E-02 1.0483E-02 9.3616E-03 8.5925E-03 7.9704E-03 8.2669E-03
4.1373E-03 5.0693E-03 4.8581E-03 3.7606E-03 3.0054E-03 2.9209E-03 2.8699E-03 3.6221E-03 4.1702E-03 4.6503E-03 5.5669E-03 5.6572E-03 4.8017E-03 3.5594E-03 3.2197E-03 4.1612E-03 4.7468E-03 4.9924E-03 4.9989E-03 5.3088E-03 6.0008E-03 6.3774E-03 5.1961E-03 4.3312E-03 4.7499E-03 6.3360E-03 6.0226E-03 7.0937E-03 8.2739E-03 9.2417E-03 9.9417E-03 1.0419E-02 1.0439E-02 9.9112E-03 9.6006E-03 1.1017E-02 1.1502E-02 1.1092E-02 1.1462E-02 1.5203E-02 1.4018E-02 1.7764E-02 2.5655E-02 3.0285E-02 2.3945E-02 2.1531E-02 1.7922E-02 1.8297E-02 1.7787E-02 1.6174E-02 1.4374E-02 1.2669E-02 1.1152E-02 9.9867E-03 9.1035E-03 8.7475E-03 8.7462E-03
4.0066E-03 5.5118E-03 5.9837E-03 5.2744E-03 3.9158E-03 3.2404E-03 3.0867E-03 2.9480E-03 3.8043E-03 4.1850E-03 5.2512E-03 6.0727E-03 5.7186E-03 4.5237E-03 3.2111E-03 3.6785E-03 4.5661E-03 4.9902E-03 4.9901E-03 5.2233E-03 6.0418E-03 7.0141E-03 6.5949E-03 4.4372E-03 4.9310E-03 5.5613E-03 7.3661E-03 7.4903E-03 8.7491E-03 9.9206E-03 1.0795E-02 1.1325E-02 1.1438E-02 1.0938E-02 1.0233E-02 1.1927E-02 1.2574E-02 1.2210E-02 1.1453E-02 1.5802E-02 1.4632E-02 1.7865E-02 2.6303E-02 3.1698E-02 2.4873E-02 2.2214E-02 1.8430E-02 1.9335E-02 1.8550E-02 1.6768E-02 1.4908E-02 1.3219E-02 1.1713E-02 1.0472E-02 9.4819E-03 9.5638E-03 9.2628E-03
3.2591E-03 5.0073E-03 6.2776E-03 6.4345E-03 5.6427E-03 4.2718E-03 3.4139E-03 3.1752E-03 3.1695E-03 3.9181E-03 4.2639E-03 5.5524E-03 6.1402E-03 5.6324E-03 4.3236E-03 3.2435E-03 4.2701E-03 4.9498E-03 5.1815E-03 5.4875E-03 6.1435E-03 7.0004E-03 7.0572E-03 5.4423E-03 5.0185E-03 5.7207E-03 9.7566E-03 7.7637E-03 9.0487E-03 1.0363E-02 1.1462E-02 1.2163E-02 1.2416E-02 1.1976E-02 1.0836E-02 1.2687E-02 1.3559E-02 1.3261E-02 1.1859E-02 1.6438E-02 1.5209E-02 1.7960E-02 2.7524E-02 3.3315E-02 2.5887E-02 2.2716E-02 1.9606E-02 2.0214E-02 1.9146E-02 1.7257E-02 1.5331E-02 1.3620E-02 1.2170E-02 1.0883E-02 1.0236E-02 1.0252E-02 9.6440E-03
2.4235E-03 3.7569E-03 5.5621E-03 6.7292E-03 6.9294E-03 6.0177E-03 4.3645E-03 3.5213E-03 3.2321E-03 3.6083E-03 4.6062E-03 4.9859E-03 5.7247E-03 6.3121E-03 5.6205E-03 4.1059E-03 3.6162E-03 4.4967E-03 5.1605E-03 5.7633E-03 6.4066E-03 6.9467E-03 6.9551E-03 6.5912E-03 5.0481E-03 5.7875E-03 8.8044E-03 9.2076E-03 9.1684E-03 1.0634E-02 1.1951E-02 1.2902E-02 1.3332E-02 1.2998E-02 1.1823E-02 1.3227E-02 1.4464E-02 1.4280E-02 1.2783E-02 1.6427E-02 1.5664E-02 1.9358E-02 3.0201E-02 3.6090E-02 2.6791E-02 2.3114E-02 2.0695E-02 2.1061E-02 1.9841E-02 1.7864E-02 1.5792E-02 1.3958E-02 1.2483E-02 1.1225E-02 1.0917E-02 1.0630E-02 9.7807E-03
2.4092E-03 3.0847E-03 3.9795E-03 5.7909E-03 7.0057E-03 6.9711E-03 5.8140E-03 4.2188E-03 3.6218E-03 3.3015E-03 4.3185E-03 5.0278E-03 5.0115E-03 6.0305E-03 6.5853E-03 5.5949E-03 3.9506E-03 3.8918E-03 4.8333E-03 5.6745E-03 6.4284E-03 6.9962E-03 7.0434E-03 7.4387E-03 6.3736E-03 5.7879E-03 6.6258E-03 8.4998E-03 9.1990E-03 1.0759E-02 1.2280E-02 1.3519E-02 1.4162E-02 1.4010E-02 1.2896E-02 1.3616E-02 1.5339E-02 1.5292E-02 1.3686E-02 1.6699E-02 1.6366E-02 2.1551E-02 3.3120E-02 3.8467E-02 2.7906E-02 2.3607E-02 2.1809E-02 2.1958E-02 2.0561E-02 1.8477E-02 1.6253E-02 1.4257E-02 1.2689E-02 1.1450E-02 1.1284E-02 1.0648E-02 9.6484E-03
2.2697E-03 2.9365E-03 3.4839E-03 4.1266E-03 5.7785E-03 6.7121E-03 6.6861E-03 5.8401E-03 4.4120E-03 3.7327E-03 3.4249E-03 4.2980E-03 5.1808E-03 5.3158E-03 6.6735E-03 6.9937E-03 5.5934E-03 4.0320E-03 4.2869E-03 5.1793E-03 6.0146E-03 6.8052E-03 7.0846E-03 7.3417E-03 7.3796E-03 5.7525E-03 6.6147E-03 7.7410E-03 9.1533E-03 1.0728E-02 1.2412E-02 1.4001E-02 1.4927E-02 1.5024E-02 1.4069E-02 1.4028E-02 1.6241E-02 1.6397E-02 1.4788E-02 1.6929E-02 1.6965E-02 2.3641E-02 3.5812E-02 3.9667E-02 2.8976E-02 2.3912E-02 2.3063E-02 2.3026E-02 2.1290E-02 1.8948E-02 1.6627E-02 1.4532E-02 1.2860E-02 1.1587E-02 1.1413E-02 1.0499E-02 9.3656E-03
2.0241E-03 2.6553E-03 3.2151E-03 3.6971E-03 4.0523E-03 5.5253E-03 6.6552E-03 7.0502E-03 6.4206E-03 4.7766E-03 3.9550E-03 3.6715E-03 4.7605E-03 5.5871E-03 5.5481E-03 7.3372E-03 7.1882E-03 5.1936E-03 4.1683E-03 4.8619E-03 5.9745E-03 7.0040E-03 7.3190E-03 7.2555E-03 7.7366E-03 6.9556E-03 6.5745E-03 7.6454E-03 9.0560E-03 1.0527E-02 1.2383E-02 1.4259E-02 1.5577E-02 1.6018E-02 1.5314E-02 1.4375E-02 1.6997E-02 1.7535E-02 1.6156E-02 1.7191E-02 1.7386E-02 2.4016E-02 3.6861E-02 4.0090E-02 2.9873E-02 2.3941E-02 2.4403E-02 2.3984E-02 2.1901E-02 1.9336E-02 1.6910E-02 1.4732E-02 1.2964E-02 1.1661E-02 1.1283E-02 1.0191E-02 9.4395E-03
1.8620E-03 2.2694E-03 2.7853E-03 3.3235E-03 3.7780E-03 4.1144E-03 5.4219E-03 7.0458E-03 7.9017E-03 7.1538E-03 5.2122E-03 4.2774E-03 4.0137E-03 4.4220E-03 4.9930E-03 6.1413E-03 7.8399E-03 7.0007E-03 4.8147E-03 4.7387E-03 6.7476E-03 8.2737E-03 8.2406E-03 7.9538E-03 7.9210E-03 8.7428E-03 7.2752E-03 7.5745E-03 9.3197E-03 1.0408E-02 1.2370E-02 1.4395E-02 1.6040E-02 1.6913E-02 1.6576E-02 1.4794E-02 1.7766E-02 1.8767E-02 1.7683E-02 1.8144E-02 1.8437E-02 2.3550E-02 3.7406E-02 4.0524E-02 3.0823E-02 2.4675E-02 2.5540E-02 2.4833E-02 2.2476E-02 1.9683E-02 1.7189E-02 1.4958E-02 1.3221E-02 1.1896E-02 1.1136E-02 1.0224E-02 9.6095E-03
2.2994E-03 2.7302E-03 2.9278E-03 3.2362E-03 3.8118E-03 3.8065E-03 4.1871E-03 5.5208E-03 7.7852E-03 8.8104E-03 7.9713E-03 5.9373E-03 4.7219E-03 4.5118E-03 4.8392E-03 6.2234E-03 7.4958E-03 9.3347E-03 8.2717E-03 5.7777E-03 7.5629E-03 9.9796E-03 9.6699E-03 9.5455E-03 1.0116E-02 1.0845E-02 8.5790E-03 8.1121E-03 8.7943E-03 1.0408E-02 1.2349E-02 1.4459E-02 1.6463E-02 1.7847E-02 1.7920E-02 1.6296E-02 1.8997E-02 2.0225E-02 1.9088E-02 1.8756E-02 1.9496E-02 2.4707E-02 4.0100E-02 4.2011E-02 3.1181E-02 2.6201E-02 2.6679E-02 2.5562E-02 2.2981E-02 2.0035E-02 1.7451E-02 1.5239E-02 1.3602E-02 1.2217E-02 1.1163E-02 1.0461E-02 9.8690E-03
2.6528E-03 3.2095E-03 3.5052E-03 3.5596E-03 3.5098E-03 3.7614E-03 3.8315E-03 4.2692E-03 5.9708E-03 8.5131E-03 9.5049E-03 8.7676E-03 6.4724E-03 5.2960E-03 5.1806E-03 6.9045E-03 9.2099E-03 9.9177E-03 1.2118E-02 9.9352E-03 6.8404E-03 9.4743E-03 9.9594E-03 1.0409E-02 1.1631E-02 1.1345E-02 1.0488E-02 9.4734E-03 8.8342E-03 1.0931E-02 1.2234E-02 1.4513E-02 1.6818E-02 1.8667E-02 1.9186E-02 1.7813E-02 2.0499E-02 2.1857E-02 2.0327E-02 1.9300E-02 2.0469E-02 2.6041E-02 4.3207E-02 4.2451E-02 3.1221E-02 2.7839E-02 2.7725E-02 2.6199E-02 2.3348E-02 2.0271E-02 1.7589E-02 1.5470E-02 1.3906E-02 1.2558E-02 1.1515E-02 1.0786E-02 1.0217E-02
2.7734E-03 3.4435E-03 3.8753E-03 4.0678E-03 4.0717E-03 3.9181E-03 3.6161E-03 3.9344E-03 4.4635E-03 6.1754E-03 8.6255E-03 9.8852E-03 9.1711E-03 6.7779E-03 6.1843E-03 6.1611E-03 8.5887E-03 9.7753E-03 1.1669E-02 1.2850E-02 9.4540E-03 7.1582E-03 9.4844E-03 1.0852E-02 1.1854E-02 1.2079E-02 1.1784E-02 1.0903E-02 9.8675E-03 1.0393E-02 1.2290E-02 1.4652E-02 1.7215E-02 1.9430E-02 2.0375E-02 1.9265E-02 2.1825E-02 2.3633E-02 2.1742E-02 1.9632E-02 2.1629E-02 2.7821E-02 4.6486E-02 4.2153E-02 3.1962E-02 2.9529E-02 2.8851E-02 2.6782E-02 2.3622E-02 2.0473E-02 1.7818E-02 1.5752E-02 1.4159E-02 1.2897E-02 1.1955E-02 1.1173E-02 1.0704E-02
2.8933E-03 3.6330E-03 3.9552E-03 4.2630E-03 4.4712E-03 4.5019E-03 4.3165E-03 3.9782E-03 4.1507E-03 4.7385E-03 5.6708E-03 8.5399E-03 1.0149E-02 9.9812E-03 7.7470E-03 7.2282E-03 7.1191E-03 8.3050E-03 8.0301E-03 1.1944E-02 1.2293E-02 9.2233E-03 8.7468E-03 1.1531E-02 1.2176E-02 1.3289E-02 1.2621E-02 1.4308E-02 1.1154E-02 1.0705E-02 1.2496E-02 1.4818E-02 1.7486E-02 1.9948E-02 2.1249E-02 2.0444E-02 2.2976E-02 2.5868E-02 2.3574E-02 2.0167E-02 2.2911E-02 2.9153E-02 4.7838E-02 4.0768E-02 3.3097E-02 3.1177E-02 3.0213E-02 2.7561E-02 2.4058E-02 2.0814E-02 1.8190E-02 1.6197E-02 1.4565E-02 1.3276E-02 1.2371E-02 1.1912E-02 1.1222E-02
3.7064E-03 4.6191E-03 4.8411E-03 4.6549E-03 4.5052E-03 4.8051E-03 4.8608E-03 4.6827E-03 4.8469E-03 5.1250E-03 5.2363E-03 5.7792E-03 8.7803E-03 1.1434E-02 1.1106E-02 8.4758E-03 8.1674E-03 7.9066E-03 9.3993E-03 8.8927E-03 1.2527E-02 1.3366E-02 9.0343E-03 9.8813E-03 1.1966E-02 1.3894E-02 1.4110E-02 1.3397E-02 1.4006E-02 1.1696E-02 1.2889E-02 1.5067E-02 1.7630E-02 2.0288E-02 2.2077E-02 2.1790E-02 2.3752E-02 2.7952E-02 2.5489E-02 2.1144E-02 2.4590E-02 3.2022E-02 5.1864E-02 4.2865E-02 3.3813E-02 3.2916E-02 3.1433E-02 2.8502E-02 2.4761E-02 2.1411E-02 1.8738E-02 1.6720E-02 1.5019E-02 1.3638E-02 1.2843E-02 1.2656E-02 1.1048E-02
4.4676E-03 5.7193E-03 6.0418E-03 5.7081E-03 5.2579E-03 4.8078E-03 5.0659E-03 5.1596E-03 5.0390E-03 4.8566E-03 5.2220E-03 5.3415E-03 6.2065E-03 9.2135E-03 1.1301E-02 1.1650E-02 9.8537E-03 9.0998E-03 8.7327E-03 9.0113E-03 9.1066E-03 1.5795E-02 1.4017E-02 7.6907E-03 1.1080E-02 1.5074E-02 1.7045E-02 1.7120E-02 1.6651E-02 1.3255E-02 1.3334E-02 1.5355E-02 1.7687E-02 2.0469E-02 2.2859E-02 2.3380E-02 2.2901E-02 2.8279E-02 2.6939E-02 2.2342E-02 2.6718E-02 3.4385E-02 5.4908E-02 4.4776E-02 3.5584E-02 3.4749E-02 3.2665E-02 2.9428E-02 2.5571E-02 2.2146E-02 1.9392E-02 1.7211E-02 1.5422E-02 1.4025E-02 1.3521E-02 1.2455E-02 1.0439E-02
4.5751E-03 6.2183E-03 7.0721E-03 7.0887E-03 6.7645E-03 6.1647E-03 5.2955E-03 5.2056E-03 5.4241E-03 5.4769E-03 5.3651E-03 5.3233E-03 5.6508E-03 6.7042E-03 8.9411E-03 1.2586E-02 1.3524E-02 1.0132E-02 1.0175E-02 9.7020E-03 1.0332E-02 1.2885E-02 1.7897E-02 1.3167E-02 8.7307E-03 1.3260E-02 1.7691E-02 1.7750E-02 1.6390E-02 1.5400E-02 1.4037E-02 1.5573E-02 1.7627E-02 2.0401E-02 2.3493E-02 2.5050E-02 2.3042E-02 2.7307E-02 2.8176E-02 2.3144E-02 2.8173E-02 3.6607E-02 5.5341E-02 4.6121E-02 3.8680E-02 3.6607E-02 3.4079E-02 3.0432E-02 2.6453E-02 2.2942E-02 2.0062E-02 1.7671E-02 1.5818E-02 1.4354E-02 1.3505E-02 1.1609E-02 1.0748E-02
3.6934E-03 5.4945E-03 6.9738E-03 7.8684E-03 8.3031E-03 8.1231E-03 7.0640E-03 5.7620E-03 5.3071E-03 5.7383E-03 5.9750E-03 5.9554E-03 5.6791E-03 6.0714E-03 7.3832E-03 9.5099E-03 1.3383E-02 1.4042E-02 1.1840E-02 1.1332E-02 1.0366E-02 9.9059E-03 1.4872E-02 1.8057E-02 1.2519E-02 1.0254E-02 1.5172E-02 1.5327E-02 1.4658E-02 1.6980E-02 1.6751E-02 1.5534E-02 1.7510E-02 2.0380E-02 2.4079E-02 2.6596E-02 2.5159E-02 2.6560E-02 2.9692E-02 2.5363E-02 2.9026E-02 4.1710E-02 6.2864E-02 4.7391E-02 4.1850E-02 3.8660E-02 3.5943E-02 3.1575E-02 2.7221E-02 2.3563E-02 2.0559E-02 1.8106E-02 1.6169E-02 1.4440E-02 1.2735E-02 1.2235E-02 1.1663E-02
2.6676E-03 3.6983E-03 5.2883E-03 6.9214E-03 8.5356E-03 9.6991E-03 9.4897E-03 8.0408E-03 6.4136E-03 5.3916E-03 6.0037E-03 6.3826E-03 6.4714E-03 6.2802E-03 6.6764E-03 8.2782E-03 1.0211E-02 1.4726E-02 1.5868E-02 1.2527E-02 1.1908E-02 1.0446E-02 1.0130E-02 1.5119E-02 1.8425E-02 1.3654E-02 1.3052E-02 1.6298E-02 1.6752E-02 1.7202E-02 1.9072E-02 1.7338E-02 1.7435E-02 2.0562E-02 2.4615E-02 2.7830E-02 2.7205E-02 2.6709E-02 3.1873E-02 2.7285E-02 3.1408E-02 4.6496E-02 7.0604E-02 4.9351E-02 4.4815E-02 4.1906E-02 3.7892E-02 3.2557E-02 2.7844E-02 2.4151E-02 2.1041E-02 1.8457E-02 1.6399E-02 1.4410E-02 1.3580E-02 1.2184E-02 1.2595E-02
2.9167E-03 3.5513E-03 4.0866E-03 4.5201E-03 6.7003E-03 9.2046E-03 1.0618E-02 1.0324E-02 9.0547E-03 7.8455E-03 6.4449E-03 6.1600E-03 6.7365E-03 7.0470E-03 7.0685E-03 7.4165E-03 9.1758E-03 1.0878E-02 1.5054E-02 1.5337E-02 1.3094E-02 1.2257E-02 1.0673E-02 1.0544E-02 1.6728E-02 1.8571E-02 1.1900E-02 1.4609E-02 1.7168E-02 1.9928E-02 2.0311E-02 2.0745E-02 1.9445E-02 2.0835E-02 2.5105E-02 2.9010E-02 2.9663E-02 2.8056E-02 3.4801E-02 2.9818E-02 3.4985E-02 5.1635E-02 7.8568E-02 5.2089E-02 4.7028E-02 4.5107E-02 3.9758E-02 3.3499E-02 2.8463E-02 2.4697E-02 2.1455E-02 1.8741E-02 1.6519E-02 1.5443E-02 1.3877E-02 1.3078E-02 1.3445E-02
