20231023_webinar_progetto_murano/refs/data_input_report_tx_finale/grd_f3_sc_4/Percentile_24h.grd
DSAA
          81           81
 760250.0000  764250.0000
5036750.0000 5040750.0000
  0.3854E-03   0.2132E+00
[rows 0 to 24 of 81, columns 0 to 56 of 81]
4.7304E-04 5.8642E-04 7.3606E-04 8.6352E-04 9.5053E-04 9.6609E-04 9.0698E-04 9.0461E-04 9.8288E-04 1.0366E-03 9.8776E-04 9.3166E-04 1.0753E-03 1.0745E-03 1.1267E-03 1.3194E-03 1.2928E-03 1.3705E-03 1.5796E-03 1.5341E-03 1.5955E-03 1.4577E-03 1.5016E-03 1.5076E-03 1.4714E-03 1.4584E-03 1.5205E-03 1.5549E-03 1.5619E-03 1.4894E-03 1.5438E-03 1.5667E-03 1.8224E-03 2.0221E-03 2.1376E-03 2.3523E-03 2.4580E-03 2.6084E-03 2.3165E-03 2.6492E-03 2.5542E-03 2.7443E-03 3.0416E-03 3.4092E-03 3.5736E-03 3.2728E-03 3.3791E-03 3.1819E-03 2.8978E-03 2.6115E-03 2.3232E-03 2.3586E-03 2.6265E-03 2.7646E-03 2.6137E-03 2.3613E-03 2.0734E-03
5.8635E-04 7.0224E-04 8.8690E-04 1.0602E-03 1.1663E-03 1.2213E-03 1.1336E-03 1.1204E-03 1.2138E-03 1.2438E-03 1.2673E-03 1.2643E-03 1.2641E-03 1.2523E-03 1.3125E-03 1.6079E-03 1.7339E-03 1.7760E-03 1.9193E-03 1.9656E-03 1.9784E-03 1.9134E-03 1.9302E-03 1.9418E-03 1.8984E-03 1.8442E-03 1.8772E-03 1.9456E-03 1.9986E-03 1.8954E-03 1.9238E-03 2.0497E-03 2.3106E-03 2.7362E-03 2.7384E-03 2.8109E-03 3.2484E-03 3.6993E-03 3.2959E-03 3.5529E-03 3.4062E-03 3.3965E-03 3.7739E-03 4.1653E-03 4.2624E-03 3.9962E-03 4.1070E-03 4.1395E-03 3.7066E-03 3.1472E-03 2.8687E-03 2.9762E-03 3.3668E-03 3.3854E-03 3.1970E-03 2.7805E-03 2.7629E-03
6.8728E-04 8.4147E-04 9.8032E-04 1.1720E-03 1.3674E-03 1.4003E-03 1.3956E-03 1.3041E-03 1.3446E-03 1.3659E-03 1.4604E-03 1.4539E-03 1.4332E-03 1.4463E-03 1.4735E-03 1.7365E-03 2.0033E-03 1.9804E-03 2.1904E-03 2.2801E-03 2.2550E-03 2.3437E-03 2.2858E-03 2.1857E-03 2.1790E-03 2.2006E-03 2.1703E-03 2.2561E-03 2.3135E-03 2.3153E-03 2.2828E-03 2.3600E-03 2.8325E-03 3.2010E-03 3.2558E-03 3.2929E-03 3.5091E-03 4.2782E-03 3.7013E-03 4.4125E-03 4.2890E-03 3.9305E-03 4.3555E-03 4.8196E-03 4.9311E-03 4.6380E-03 4.9538E-03 4.9406E-03 4.3249E-03 3.6812E-03 3.3388E-03 3.5364E-03 4.0789E-03 3.9746E-03 3.6448E-03 3.4542E-03 3.3066E-03
7.6831E-04 9.3924E-04 1.1670E-03 1.2148E-03 1.3817E-03 1.5393E-03 1.5188E-03 1.5186E-03 1.3834E-03 1.5011E-03 1.5473E-03 1.5396E-03 1.6802E-03 1.5921E-03 1.6758E-03 1.8224E-03 2.0207E-03 2.1233E-03 2.3214E-03 2.4207E-03 2.4907E-03 2.5381E-03 2.5401E-03 2.5034E-03 2.4001E-03 2.4043E-03 2.4337E-03 2.4895E-03 2.6615E-03 2.6841E-03 2.5873E-03 2.6492E-03 3.0270E-03 3.5860E-03 3.6355E-03 4.0193E-03 4.1586E-03 4.6316E-03 3.9933E-03 4.9839E-03 4.7573E-03 4.3908E-03 4.8988E-03 5.4180E-03 5.4837E-03 5.3526E-03 5.3982E-03 5.4060E-03 4.7346E-03 4.1954E-03 3.7855E-03 4.0611E-03 4.6647E-03 4.4122E-03 4.0511E-03 3.8297E-03 3.7676E-03
9.8600E-04 1.4327E-03 1.1306E-03 1.2957E-03 1.4203E-03 1.5087E-03 1.5984E-03 1.5576E-03 1.6091E-03 1.5966E-03 1.5622E-03 1.6078E-03 1.6445E-03 1.8253E-03 1.6705E-03 1.8189E-03 2.0977E-03 2.2387E-03 2.3493E-03 2.5080E-03 2.6839E-03 2.7298E-03 2.5739E-03 2.6156E-03 2.5979E-03 2.7816E-03 2.6771E-03 2.6854E-03 2.9851E-03 3.0370E-03 2.9550E-03 2.9805E-03 3.1488E-03 3.7226E-03 3.9376E-03 4.5137E-03 4.7968E-03 4.9319E-03 4.4041E-03 5.5439E-03 5.0525E-03 4.8966E-03 5.4131E-03 5.9329E-03 5.9779E-03 6.0117E-03 5.9880E-03 5.6866E-03 5.1302E-03 4.4977E-03 4.2655E-03 4.5992E-03 5.1739E-03 4.7402E-03 4.4879E-03 4.0817E-03 4.1712E-03
8.9365E-04 1.3426E-03 1.6594E-03 1.3276E-03 1.3945E-03 1.5781E-03 1.5921E-03 1.6751E-03 1.7176E-03 1.7221E-03 1.6877E-03 1.7082E-03 1.7227E-03 1.7902E-03 1.8266E-03 1.9325E-03 2.0680E-03 2.2505E-03 2.4703E-03 2.5816E-03 2.8085E-03 2.8779E-03 2.8339E-03 2.8078E-03 2.7293E-03 2.9589E-03 2.9140E-03 3.0411E-03 3.0078E-03 3.3784E-03 3.2592E-03 3.4408E-03 3.4690E-03 3.7298E-03 4.2019E-03 5.4024E-03 5.2161E-03 5.3495E-03 4.7531E-03 5.7211E-03 5.3582E-03 5.3502E-03 5.8540E-03 6.5117E-03 6.4226E-03 6.5909E-03 6.5007E-03 6.0663E-03 5.5979E-03 4.7942E-03 4.7728E-03 5.1696E-03 5.6121E-03 5.0515E-03 4.8276E-03 4.4463E-03 4.5151E-03
1.0078E-03 1.1497E-03 1.4090E-03 1.6815E-03 1.4766E-03 1.5893E-03 1.7151E-03 1.8464E-03 1.8458E-03 1.8486E-03 1.7705E-03 1.7616E-03 1.8429E-03 1.8899E-03 1.8765E-03 1.8763E-03 2.0778E-03 2.2549E-03 2.4785E-03 2.6522E-03 2.8243E-03 3.0238E-03 3.1452E-03 2.9737E-03 2.8261E-03 3.0972E-03 3.2864E-03 3.3233E-03 3.1424E-03 3.6798E-03 3.5545E-03 3.6337E-03 3.6713E-03 3.9467E-03 4.6096E-03 5.7682E-03 5.5229E-03 5.5343E-03 5.0261E-03 5.7045E-03 5.4981E-03 5.6908E-03 6.2902E-03 7.0582E-03 6.8266E-03 6.8899E-03 6.8042E-03 6.5574E-03 5.9010E-03 5.0728E-03 5.1592E-03 5.7653E-03 5.8770E-03 5.6871E-03 4.8330E-03 4.7601E-03 4.7989E-03
1.0399E-03 1.3548E-03 1.3537E-03 1.4774E-03 1.7947E-03 1.6626E-03 1.7597E-03 1.9217E-03 1.8942E-03 1.9296E-03 1.9300E-03 1.8636E-03 1.8039E-03 1.8846E-03 1.9186E-03 2.0312E-03 1.9997E-03 2.0523E-03 2.2571E-03 2.5455E-03 2.8585E-03 3.1240E-03 3.2548E-03 3.1372E-03 3.0634E-03 3.1983E-03 3.6547E-03 3.5953E-03 3.5328E-03 3.5256E-03 3.8566E-03 3.9899E-03 3.8391E-03 4.2727E-03 5.2024E-03 5.8155E-03 5.5427E-03 5.5850E-03 5.3086E-03 5.8147E-03 5.9788E-03 5.9290E-03 6.7635E-03 7.6078E-03 7.2003E-03 7.2533E-03 7.2701E-03 6.5962E-03 6.0477E-03 5.4334E-03 5.6831E-03 6.3758E-03 6.1696E-03 5.9553E-03 5.0339E-03 5.0429E-03 5.0388E-03
1.0441E-03 1.3318E-03 1.4243E-03 1.5574E-03 1.6428E-03 1.7241E-03 1.8239E-03 1.9032E-03 1.9708E-03 1.9973E-03 2.0130E-03 1.9898E-03 1.9139E-03 1.8730E-03 1.9320E-03 1.9968E-03 2.0679E-03 2.0182E-03 2.2158E-03 2.6173E-03 2.8003E-03 3.1477E-03 3.3488E-03 3.3761E-03 2.9618E-03 3.2654E-03 3.7644E-03 3.9735E-03 3.9116E-03 3.8577E-03 4.0421E-03 4.3375E-03 4.1840E-03 4.2028E-03 5.3355E-03 5.6187E-03 5.5737E-03 5.7187E-03 5.7314E-03 6.0569E-03 6.2116E-03 6.2759E-03 7.2960E-03 8.1775E-03 7.5537E-03 7.7559E-03 7.8030E-03 6.7587E-03 6.1131E-03 5.9954E-03 6.3393E-03 6.9767E-03 6.5936E-03 6.1177E-03 5.2274E-03 5.2924E-03 5.2381E-03
1.0371E-03 1.2642E-03 1.4960E-03 1.6392E-03 1.7336E-03 1.7858E-03 1.8659E-03 1.9503E-03 2.0185E-03 2.1057E-03 2.0713E-03 2.0638E-03 2.0656E-03 1.9613E-03 1.9498E-03 2.0466E-03 2.1179E-03 2.1902E-03 2.2195E-03 2.5779E-03 2.8195E-03 3.1872E-03 3.5306E-03 3.4809E-03 3.2178E-03 3.3938E-03 3.6693E-03 4.2659E-03 4.1379E-03 3.9129E-03 3.9471E-03 4.5505E-03 4.5559E-03 4.5586E-03 5.3078E-03 5.5205E-03 5.8171E-03 5.8698E-03 5.9153E-03 6.5642E-03 6.3297E-03 6.7581E-03 7.8346E-03 8.6736E-03 7.8954E-03 8.2540E-03 8.2229E-03 6.9539E-03 6.4188E-03 6.1784E-03 7.0126E-03 7.2983E-03 7.0590E-03 5.6343E-03 5.6427E-03 5.5311E-03 5.4188E-03
1.0956E-03 1.3358E-03 1.5485E-03 1.5954E-03 1.8211E-03 1.8814E-03 1.9270E-03 2.0023E-03 1.9790E-03 2.1059E-03 2.2148E-03 2.1436E-03 2.1276E-03 2.1543E-03 2.0233E-03 1.9363E-03 2.0693E-03 2.2455E-03 2.3181E-03 2.4245E-03 2.8385E-03 3.0367E-03 3.4061E-03 3.5015E-03 3.5531E-03 3.4118E-03 3.5757E-03 4.6751E-03 4.3600E-03 4.3278E-03 4.0496E-03 4.0758E-03 4.3903E-03 4.6753E-03 5.0383E-03 5.7225E-03 6.4129E-03 6.6100E-03 6.2106E-03 6.9796E-03 6.8048E-03 7.2063E-03 8.3552E-03 9.0670E-03 8.3356E-03 8.8537E-03 8.5273E-03 7.2341E-03 6.7524E-03 6.6621E-03 7.5728E-03 7.8263E-03 7.1285E-03 5.9810E-03 5.7719E-03 5.7539E-03 5.5786E-03
1.1631E-03 1.4312E-03 1.6420E-03 1.7695E-03 1.7367E-03 1.9006E-03 2.0097E-03 2.0557E-03 2.1173E-03 2.1543E-03 2.1694E-03 2.4458E-03 2.3624E-03 2.3672E-03 2.1619E-03 2.0758E-03 2.0779E-03 2.3737E-03 2.4549E-03 2.4602E-03 2.7386E-03 2.9436E-03 3.4440E-03 3.9648E-03 3.6163E-03 3.6451E-03 4.1748E-03 4.6863E-03 4.9182E-03 4.7532E-03 4.5438E-03 4.2429E-03 4.8137E-03 4.9602E-03 5.1147E-03 6.1757E-03 6.5872E-03 7.1352E-03 7.1243E-03 7.3009E-03 7.0379E-03 7.6264E-03 8.9353E-03 9.4627E-03 8.7718E-03 9.2829E-03 8.5842E-03 7.6083E-03 7.1726E-03 7.5187E-03 8.1550E-03 7.8384E-03 6.9053E-03 6.3165E-03 6.0672E-03 5.9968E-03 5.7508E-03
1.1577E-03 1.3634E-03 1.7113E-03 1.8782E-03 1.8907E-03 1.9033E-03 1.9030E-03 2.1047E-03 2.1615E-03 2.3188E-03 2.2159E-03 2.3256E-03 2.7520E-03 2.6738E-03 2.5184E-03 2.1734E-03 2.0163E-03 2.2644E-03 2.5178E-03 2.5507E-03 2.6307E-03 2.9498E-03 3.3537E-03 3.7496E-03 3.8346E-03 4.2559E-03 4.0765E-03 4.4245E-03 5.3107E-03 5.2186E-03 4.8394E-03 4.8151E-03 4.5957E-03 5.0785E-03 5.3449E-03 6.6673E-03 6.6643E-03 7.3789E-03 7.6430E-03 7.6884E-03 7.3267E-03 8.1133E-03 9.6700E-03 1.0215E-02 9.4223E-03 9.7146E-03 8.4432E-03 7.9890E-03 7.4372E-03 8.3955E-03 8.6817E-03 7.7952E-03 6.7100E-03 6.3702E-03 6.3678E-03 6.2382E-03 5.9148E-03
1.2200E-03 1.5703E-03 1.7605E-03 1.8803E-03 1.9663E-03 1.9357E-03 2.0469E-03 1.9983E-03 2.2017E-03 2.2425E-03 2.2939E-03 2.4505E-03 2.5791E-03 3.0097E-03 2.7413E-03 2.5024E-03 2.3056E-03 2.3485E-03 2.4413E-03 2.6149E-03 2.6992E-03 2.8810E-03 3.1608E-03 3.6939E-03 4.3421E-03 4.0303E-03 4.3162E-03 4.9781E-03 5.4274E-03 5.7487E-03 5.2247E-03 5.1857E-03 5.0364E-03 5.2206E-03 5.6285E-03 6.5581E-03 6.8974E-03 7.4834E-03 7.4899E-03 8.0300E-03 7.6941E-03 8.6148E-03 1.0336E-02 1.1056E-02 1.0140E-02 9.9018E-03 8.8950E-03 8.3523E-03 7.7451E-03 9.1041E-03 8.7777E-03 7.8283E-03 6.7293E-03 6.6478E-03 6.6740E-03 6.4694E-03 6.0083E-03
1.1742E-03 1.5248E-03 1.7868E-03 1.9104E-03 2.1001E-03 2.0897E-03 2.0792E-03 2.1707E-03 2.0993E-03 2.2821E-03 2.3016E-03 2.5720E-03 2.9396E-03 2.8978E-03 3.2600E-03 3.1170E-03 2.8179E-03 2.4657E-03 2.5820E-03 2.7012E-03 2.8721E-03 2.9608E-03 3.3114E-03 3.5679E-03 4.0811E-03 4.3865E-03 4.7639E-03 4.5504E-03 5.5272E-03 6.1614E-03 6.0013E-03 5.7259E-03 5.3980E-03 6.1014E-03 6.1669E-03 6.3977E-03 7.1792E-03 7.6176E-03 7.8528E-03 8.7342E-03 8.2548E-03 9.0302E-03 1.0879E-02 1.1587E-02 1.0640E-02 9.9915E-03 9.2698E-03 8.6479E-03 8.5389E-03 9.9140E-03 8.9215E-03 7.9230E-03 7.1462E-03 7.0121E-03 6.9554E-03 6.6565E-03 5.9428E-03
1.2696E-03 1.6791E-03 1.8549E-03 1.9805E-03 2.0520E-03 2.1299E-03 2.1460E-03 2.1411E-03 2.2707E-03 2.3161E-03 2.3745E-03 2.6215E-03 2.7671E-03 3.0475E-03 3.0359E-03 3.3328E-03 3.3027E-03 3.0108E-03 2.8671E-03 2.8893E-03 3.1463E-03 3.4792E-03 3.4968E-03 4.1331E-03 4.3460E-03 4.6487E-03 5.0390E-03 4.9108E-03 5.5703E-03 6.3930E-03 6.6751E-03 6.0645E-03 5.5508E-03 6.3197E-03 6.6481E-03 6.7902E-03 8.1429E-03 8.4761E-03 9.1346E-03 8.5917E-03 8.7901E-03 9.7019E-03 1.1155E-02 1.1212E-02 1.0935E-02 1.0475E-02 9.4698E-03 9.0090E-03 9.4004E-03 1.0229E-02 9.0556E-03 7.8602E-03 7.3264E-03 7.4013E-03 7.2245E-03 6.8007E-03 5.9848E-03
1.1327E-03 1.3686E-03 1.7213E-03 2.0528E-03 2.1363E-03 2.2282E-03 2.3337E-03 2.3515E-03 2.3001E-03 2.3360E-03 2.3679E-03 2.5017E-03 2.5988E-03 3.0009E-03 3.0452E-03 3.2636E-03 3.8049E-03 4.1729E-03 3.7218E-03 3.3270E-03 3.4808E-03 3.7079E-03 3.8372E-03 4.0567E-03 4.5238E-03 5.0824E-03 5.8694E-03 5.9393E-03 5.4296E-03 6.5279E-03 6.9322E-03 6.6475E-03 6.1912E-03 6.3660E-03 7.0468E-03 7.2136E-03 8.6141E-03 9.2891E-03 9.9811E-03 9.2214E-03 9.4213E-03 1.0362E-02 1.1621E-02 1.1763E-02 1.1716E-02 1.1442E-02 9.7968E-03 9.3307E-03 1.0506E-02 1.0503E-02 9.2153E-03 8.1907E-03 7.8714E-03 7.8081E-03 7.4677E-03 6.8710E-03 6.1012E-03
1.3368E-03 1.5591E-03 1.6964E-03 2.0558E-03 2.3000E-03 2.3885E-03 2.4599E-03 2.5692E-03 2.7032E-03 2.5844E-03 2.4595E-03 2.6001E-03 2.6381E-03 2.8086E-03 2.9176E-03 3.3429E-03 3.7706E-03 4.2053E-03 4.3485E-03 3.9379E-03 3.8839E-03 4.0568E-03 3.7904E-03 4.3383E-03 4.4506E-03 5.6258E-03 5.7411E-03 6.4993E-03 5.8494E-03 7.0803E-03 7.2184E-03 7.1214E-03 6.8088E-03 6.4566E-03 7.1286E-03 7.5575E-03 9.1915E-03 9.6653E-03 9.6385E-03 9.9324E-03 1.0167E-02 1.1183E-02 1.2574E-02 1.2773E-02 1.2773E-02 1.1955E-02 1.0380E-02 9.9550E-03 1.1483E-02 1.0756E-02 9.3514E-03 8.3691E-03 8.5289E-03 8.2858E-03 7.7253E-03 6.9233E-03 6.6682E-03
1.4341E-03 1.6863E-03 1.6465E-03 1.7610E-03 2.0380E-03 2.5070E-03 2.6445E-03 2.7198E-03 2.8176E-03 3.0401E-03 2.8601E-03 2.8658E-03 2.8180E-03 2.8823E-03 2.9558E-03 3.1840E-03 3.4719E-03 3.8330E-03 3.8883E-03 4.1067E-03 4.1824E-03 4.2822E-03 4.2657E-03 4.3810E-03 4.8715E-03 5.5928E-03 6.1677E-03 7.2887E-03 7.0908E-03 6.4168E-03 7.6565E-03 7.8629E-03 7.3539E-03 6.8605E-03 8.0172E-03 7.9139E-03 9.8134E-03 1.0169E-02 9.9365E-03 1.0635E-02 1.0908E-02 1.2129E-02 1.3754E-02 1.3738E-02 1.3566E-02 1.2235E-02 1.1230E-02 1.0915E-02 1.1905E-02 1.0972E-02 9.4516E-03 9.2599E-03 9.2810E-03 8.8157E-03 7.9845E-03 6.9228E-03 7.0332E-03
1.2568E-03 1.5406E-03 1.7473E-03 1.8656E-03 1.9183E-03 2.1460E-03 2.4816E-03 2.8143E-03 2.9273E-03 2.9884E-03 3.0196E-03 3.1976E-03 3.0398E-03 2.9615E-03 3.1150E-03 3.5284E-03 3.9327E-03 4.1725E-03 4.3118E-03 4.5380E-03 4.4096E-03 4.5951E-03 4.8374E-03 4.5653E-03 5.0386E-03 5.5531E-03 6.4076E-03 6.9620E-03 7.6895E-03 7.2155E-03 8.1817E-03 8.9858E-03 8.0300E-03 7.2504E-03 8.5183E-03 8.8860E-03 1.0307E-02 1.0674E-02 1.0751E-02 1.1329E-02 1.1803E-02 1.3281E-02 1.4901E-02 1.4500E-02 1.4646E-02 1.2980E-02 1.1863E-02 1.1966E-02 1.2723E-02 1.1142E-02 9.8737E-03 1.0299E-02 1.0120E-02 9.3785E-03 7.9214E-03 7.3659E-03 7.3614E-03
1.3511E-03 1.6649E-03 1.9063E-03 2.0587E-03 2.1364E-03 2.1591E-03 2.2503E-03 2.7230E-03 2.9859E-03 3.1173E-03 3.1719E-03 3.3332E-03 3.6885E-03 3.3524E-03 3.3544E-03 3.4573E-03 4.0831E-03 4.4127E-03 4.7391E-03 4.5773E-03 5.1668E-03 4.8994E-03 4.9807E-03 5.1943E-03 4.9635E-03 5.0214E-03 5.9748E-03 6.8772E-03 7.7817E-03 8.1007E-03 7.9970E-03 8.9464E-03 9.3734E-03 8.1649E-03 8.0882E-03 9.6103E-03 1.0568E-02 1.0994E-02 1.1042E-02 1.2312E-02 1.2785E-02 1.4602E-02 1.6058E-02 1.5694E-02 1.5768E-02 1.3548E-02 1.2758E-02 1.3252E-02 1.3061E-02 1.1943E-02 1.1227E-02 1.1449E-02 1.0968E-02 9.1753E-03 8.2867E-03 7.8262E-03 7.3038E-03
1.3938E-03 1.7243E-03 1.9964E-03 2.1946E-03 2.3121E-03 2.3692E-03 2.3683E-03 2.4149E-03 2.9870E-03 3.1990E-03 3.3083E-03 3.4669E-03 3.9263E-03 3.9335E-03 3.7054E-03 3.9333E-03 4.0819E-03 4.3537E-03 4.9325E-03 4.9077E-03 4.9937E-03 5.0522E-03 5.4508E-03 5.2450E-03 5.5881E-03 5.4828E-03 6.2563E-03 6.6934E-03 8.0988E-03 8.9167E-03 8.8237E-03 9.3670E-03 1.0656E-02 9.3113E-03 8.3476E-03 1.0709E-02 1.0938E-02 1.2235E-02 1.2522E-02 1.3487E-02 1.3968E-02 1.5852E-02 1.7083E-02 1.7312E-02 1.5905E-02 1.3565E-02 1.3844E-02 1.4234E-02 1.3440E-02 1.1988E-02 1.2789E-02 1.2706E-02 1.0854E-02 9.2410E-03 8.3235E-03 7.8798E-03 6.7241E-03
1.3905E-03 1.7086E-03 2.0108E-03 2.2501E-03 2.4230E-03 2.5397E-03 2.6007E-03 2.6568E-03 2.7180E-03 3.1201E-03 3.4124E-03 3.5893E-03 4.0166E-03 4.1973E-03 4.3070E-03 4.1708E-03 4.4949E-03 4.2731E-03 4.6528E-03 5.0700E-03 5.3497E-03 5.9709E-03 5.7186E-03 5.7307E-03 5.6411E-03 5.9140E-03 6.2069E-03 6.5527E-03 7.3532E-03 9.4973E-03 9.1118E-03 9.3769E-03 1.0719E-02 1.0445E-02 9.4668E-03 1.0398E-02 1.2259E-02 1.2704E-02 1.3500E-02 1.5136E-02 1.5352E-02 1.7268E-02 1.8443E-02 1.9384E-02 1.7643E-02 1.4452E-02 1.4697E-02 1.5425E-02 1.3860E-02 1.3131E-02 1.3672E-02 1.2828E-02 1.0313E-02 9.1329E-03 8.4431E-03 8.0911E-03 6.9317E-03
1.2833E-03 1.8752E-03 2.0868E-03 2.2226E-03 2.4603E-03 2.6542E-03 2.7450E-03 2.8810E-03 3.0634E-03 3.2145E-03 3.3757E-03 3.6151E-03 3.9366E-03 4.4933E-03 4.8061E-03 5.1269E-03 5.0186E-03 4.9025E-03 4.8659E-03 4.9651E-03 5.2413E-03 5.3530E-03 6.2960E-03 6.6046E-03 6.3399E-03 6.5014E-03 6.3821E-03 6.5497E-03 7.8144E-03 9.6270E-03 1.0709E-02 1.0322E-02 1.2099E-02 1.1811E-02 1.0760E-02 1.0006E-02 1.3549E-02 1.3482E-02 1.5552E-02 1.6617E-02 1.7249E-02 1.8911E-02 2.0570E-02 2.1563E-02 1.8836E-02 1.6149E-02 1.5905E-02 1.6665E-02 1.4529E-02 1.4368E-02 1.4754E-02 1.2207E-02 1.0149E-02 9.7079E-03 9.0119E-03 7.3951E-03 7.6377E-03
1.0564E-03 1.4885E-03 1.8309E-03 2.3782E-03 2.6492E-03 2.7025E-03 2.9318E-03 3.0789E-03 3.0625E-03 3.2924E-03 3.5230E-03 3.8195E-03 4.1815E-03 4.2372E-03 4.9124E-03 5.3898E-03 5.5600E-03 5.7343E-03 5.4503E-03 5.1325E-03 5.2835E-03 5.2977E-03 5.6269E-03 6.9505E-03 7.1609E-03 6.8999E-03 6.8087E-03 6.9961E-03 7.5559E-03 9.2104E-03 1.1306E-02 1.1563E-02 1.1980E-02 1.2920E-02 1.2254E-02 1.0666E-02 1.4367E-02 1.4832E-02 1.6599E-02 1.8769E-02 1.9525E-02 2.0468E-02 2.2878E-02 2.3478E-02 1.9820E-02 1.7579E-02 1.7522E-02 1.7480E-02 1.6255E-02 1.6665E-02 1.4442E-02 1.1756E-02 1.0819E-02 1.0344E-02 8.3739E-03 8.4758E-03 7.4158E-03
