20231023_webinar_progetto_murano/refs/data_input_report_tx_finale/grd_f3_sc_4/Percentile_24h.grd
DSAA
          81           81
 760250.0000  764250.0000
5036750.0000 5040750.0000
  0.3854E-03   0.2132E+00
[rows 50 to 74 of 81, columns 0 to 56 of 81]
8.7022E-04 1.2244E-03 1.4628E-03 1.4861E-03 1.6224E-03 1.8090E-03 1.9921E-03 2.1447E-03 2.2111E-03 2.3974E-03 2.4485E-03 2.4680E-03 2.4296E-03 2.3536E-03 2.3251E-03 2.6075E-03 2.2525E-03 2.4572E-03 2.7367E-03 3.1221E-03 3.5041E-03 3.3717E-03 3.8843E-03 3.6028E-03 5.4724E-03 4.8473E-03 4.3037E-03 4.8374E-03 5.4466E-03 6.0314E-03 5.6407E-03 7.6448E-03 8.7717E-03 1.1017E-02 1.3227E-02 1.5245E-02 2.1811E-02 3.1988E-02 3.4554E-02 3.9743E-02 3.9338E-02 2.9575E-02 2.8177E-02 3.0343E-02 2.5667E-02 2.3766E-02 2.2256E-02 2.0665E-02 1.8285E-02 1.7448E-02 1.5411E-02 1.4832E-02 1.2329E-02 1.4870E-02 1.2820E-02 1.1078E-02 1.0720E-02
8.8510E-04 1.1001E-03 1.3360E-03 1.4677E-03 1.6531E-03 1.8370E-03 2.0121E-03 2.0037E-03 1.9112E-03 2.2179E-03 2.0588E-03 1.8172E-03 1.8124E-03 2.1958E-03 2.5526E-03 2.7560E-03 2.4270E-03 2.8832E-03 3.0942E-03 3.2462E-03 3.5930E-03 3.5579E-03 3.6030E-03 4.1459E-03 3.9311E-03 4.5200E-03 4.2824E-03 4.4537E-03 5.0116E-03 5.2479E-03 6.8722E-03 6.9324E-03 8.9831E-03 1.1806E-02 1.2275E-02 1.9181E-02 2.5226E-02 2.3248E-02 2.8526E-02 3.4822E-02 3.0413E-02 2.6601E-02 2.1773E-02 2.3809E-02 2.3188E-02 2.1750E-02 2.0191E-02 2.0010E-02 1.7179E-02 1.4723E-02 1.4678E-02 1.2963E-02 1.1171E-02 9.5673E-03 1.1028E-02 1.2782E-02 1.1878E-02
8.7761E-04 1.1105E-03 1.3087E-03 1.4988E-03 1.6555E-03 1.6769E-03 1.6189E-03 1.5769E-03 1.4948E-03 1.7552E-03 1.8629E-03 1.7116E-03 1.6879E-03 2.3647E-03 2.5470E-03 2.4832E-03 3.0159E-03 3.1320E-03 3.0767E-03 3.4310E-03 3.2531E-03 4.1860E-03 3.4916E-03 3.7053E-03 3.6717E-03 4.3833E-03 4.2872E-03 3.9406E-03 4.0881E-03 4.9237E-03 6.0839E-03 8.9878E-03 1.0174E-02 1.0438E-02 1.7566E-02 2.3637E-02 2.0275E-02 2.1773E-02 2.5679E-02 2.6354E-02 2.8335E-02 2.3285E-02 2.0131E-02 1.9595E-02 1.9212E-02 2.0001E-02 1.6708E-02 2.1865E-02 1.5828E-02 1.5362E-02 1.3298E-02 1.3053E-02 1.0583E-02 9.3791E-03 8.3935E-03 1.0006E-02 9.7753E-03
8.5101E-04 1.1185E-03 1.2841E-03 1.3122E-03 1.3680E-03 1.7223E-03 1.6256E-03 1.3180E-03 1.8148E-03 1.7122E-03 1.8154E-03 1.6846E-03 1.8237E-03 2.1034E-03 2.4992E-03 2.8560E-03 3.1799E-03 2.9150E-03 2.8528E-03 3.2477E-03 3.1684E-03 3.1063E-03 3.4728E-03 3.5609E-03 3.6376E-03 4.4549E-03 4.7557E-03 3.9903E-03 4.4570E-03 5.0185E-03 6.6875E-03 7.4590E-03 8.7189E-03 1.2104E-02 1.7974E-02 2.0377E-02 1.7659E-02 1.8805E-02 2.3113E-02 2.2085E-02 2.1646E-02 1.9960E-02 1.9459E-02 1.7170E-02 1.7286E-02 1.7507E-02 1.5757E-02 1.5340E-02 1.5392E-02 1.2934E-02 1.2683E-02 1.1341E-02 1.0281E-02 9.5661E-03 8.3158E-03 8.3566E-03 7.5702E-03
8.8331E-04 1.0832E-03 1.0738E-03 1.1532E-03 1.3482E-03 1.5183E-03 1.4433E-03 1.5514E-03 1.7261E-03 1.8464E-03 1.9569E-03 2.0529E-03 2.1656E-03 2.2170E-03 2.5571E-03 2.6876E-03 2.6482E-03 2.7283E-03 2.8954E-03 2.8853E-03 3.0550E-03 3.3906E-03 3.6227E-03 3.8217E-03 3.8693E-03 3.5038E-03 3.7886E-03 4.4800E-03 4.8207E-03 5.2847E-03 7.0239E-03 6.9586E-03 1.1002E-02 1.3462E-02 1.9324E-02 1.5306E-02 1.4850E-02 1.8278E-02 2.0700E-02 1.9546E-02 1.9295E-02 1.8834E-02 1.7853E-02 1.4526E-02 1.5578E-02 1.3706E-02 1.3390E-02 1.5216E-02 1.4236E-02 1.1653E-02 1.1906E-02 1.0553E-02 9.9367E-03 8.8607E-03 8.5929E-03 8.2263E-03 6.9645E-03
7.5122E-04 1.0778E-03 1.2430E-03 1.2451E-03 1.2577E-03 1.6182E-03 1.8631E-03 1.9623E-03 1.7435E-03 1.7311E-03 1.9808E-03 2.3567E-03 2.4306E-03 2.4630E-03 2.2706E-03 2.5420E-03 2.6305E-03 2.6666E-03 2.8199E-03 2.6080E-03 2.8019E-03 3.1865E-03 3.3415E-03 3.7903E-03 3.8670E-03 3.8448E-03 4.0953E-03 4.5220E-03 4.7449E-03 4.6152E-03 5.8160E-03 1.0474E-02 1.0614E-02 1.8425E-02 1.7214E-02 1.3782E-02 1.3772E-02 1.7625E-02 1.7808E-02 1.7278E-02 1.6625E-02 1.6206E-02 1.5018E-02 1.3212E-02 1.3045E-02 1.3377E-02 1.2467E-02 1.2067E-02 1.4047E-02 1.2478E-02 1.0778E-02 9.3624E-03 9.5252E-03 7.7054E-03 6.8550E-03 8.0206E-03 6.7838E-03
8.6334E-04 1.1227E-03 1.2742E-03 1.3149E-03 1.2194E-03 1.3754E-03 1.6028E-03 1.6998E-03 2.0070E-03 2.1264E-03 2.2978E-03 2.0161E-03 2.3552E-03 2.2789E-03 2.3524E-03 2.5881E-03 2.5649E-03 2.5310E-03 2.5326E-03 2.5274E-03 2.8262E-03 3.0533E-03 3.7295E-03 3.9557E-03 3.6850E-03 3.7664E-03 3.9439E-03 4.6599E-03 4.4927E-03 4.7392E-03 6.7831E-03 1.1202E-02 1.2906E-02 1.5801E-02 1.2800E-02 1.1817E-02 1.2933E-02 1.4296E-02 1.5163E-02 1.5026E-02 1.4630E-02 1.4864E-02 1.4961E-02 1.1578E-02 1.2304E-02 1.2785E-02 1.1113E-02 1.2363E-02 1.3350E-02 1.2445E-02 1.1143E-02 9.0085E-03 8.4752E-03 8.1695E-03 6.6519E-03 6.1771E-03 6.5533E-03
8.4438E-04 1.1056E-03 1.2662E-03 1.1182E-03 1.3628E-03 1.3080E-03 1.4952E-03 1.6013E-03 2.1079E-03 2.1937E-03 1.7633E-03 1.8841E-03 2.0293E-03 2.2508E-03 2.3982E-03 2.4739E-03 2.5568E-03 2.4889E-03 2.8424E-03 3.2168E-03 2.4797E-03 3.2850E-03 3.8332E-03 3.3721E-03 3.6399E-03 3.3860E-03 4.3886E-03 5.5139E-03 4.0645E-03 5.1276E-03 7.6901E-03 1.0932E-02 1.3959E-02 1.2482E-02 1.0004E-02 1.2179E-02 1.2831E-02 1.2816E-02 1.4047E-02 1.3501E-02 1.3373E-02 1.3235E-02 1.3190E-02 1.2068E-02 1.0895E-02 1.1915E-02 1.0216E-02 1.1729E-02 1.0391E-02 1.0702E-02 9.5893E-03 9.5675E-03 9.1054E-03 8.1642E-03 7.2616E-03 5.7788E-03 5.3529E-03
7.5650E-04 1.0005E-03 1.0695E-03 1.0422E-03 1.3137E-03 1.4989E-03 1.4972E-03 1.5556E-03 1.9499E-03 1.9035E-03 1.7671E-03 2.0401E-03 2.0366E-03 2.1729E-03 1.9563E-03 2.3656E-03 2.4893E-03 2.7246E-03 2.6485E-03 2.5727E-03 2.9993E-03 2.8185E-03 2.7021E-03 2.7611E-03 3.7746E-03 4.5741E-03 5.7381E-03 4.4699E-03 5.6049E-03 7.1351E-03 7.8658E-03 1.2292E-02 1.2513E-02 1.0253E-02 9.1992E-03 1.0955E-02 1.2039E-02 1.1900E-02 1.2743E-02 1.2768E-02 1.1646E-02 1.2143E-02 1.1721E-02 1.1086E-02 9.9611E-03 1.0062E-02 9.2703E-03 8.7840E-03 1.0251E-02 9.1178E-03 9.8924E-03 8.1611E-03 7.6046E-03 7.6193E-03 6.4443E-03 6.0527E-03 5.1974E-03
8.6107E-04 1.0432E-03 1.1261E-03 1.2454E-03 1.3059E-03 1.4036E-03 1.5184E-03 1.5357E-03 1.5029E-03 1.8228E-03 1.7688E-03 1.8650E-03 1.8389E-03 2.0233E-03 2.2981E-03 2.2855E-03 2.4209E-03 2.5322E-03 2.5657E-03 2.6255E-03 2.6058E-03 2.4295E-03 2.5779E-03 3.3650E-03 3.8721E-03 4.6050E-03 4.1850E-03 4.3276E-03 6.7982E-03 7.7953E-03 1.0772E-02 1.1959E-02 9.5221E-03 7.8088E-03 8.6538E-03 9.7553E-03 1.0763E-02 1.0456E-02 1.0770E-02 1.0968E-02 9.9712E-03 1.0594E-02 1.1038E-02 1.0011E-02 8.5873E-03 9.0445E-03 9.1540E-03 7.4388E-03 9.4238E-03 9.0228E-03 8.5187E-03 8.3640E-03 8.1025E-03 7.8138E-03 7.0813E-03 6.3725E-03 5.5499E-03
7.1213E-04 1.0785E-03 1.1749E-03 1.1994E-03 1.3807E-03 1.4860E-03 1.5818E-03 1.6154E-03 1.7878E-03 1.7836E-03 1.7773E-03 1.7907E-03 1.8980E-03 2.0149E-03 2.0853E-03 1.9098E-03 2.3930E-03 2.4583E-03 2.5283E-03 2.3667E-03 2.3618E-03 2.6140E-03 3.5236E-03 3.5422E-03 4.0764E-03 4.2637E-03 4.6145E-03 6.2305E-03 6.4594E-03 8.4394E-03 9.7833E-03 9.6625E-03 8.4280E-03 7.7578E-03 8.8918E-03 9.1456E-03 1.0120E-02 1.0175E-02 9.5433E-03 9.2899E-03 1.0052E-02 9.6556E-03 9.8456E-03 9.5533E-03 7.8185E-03 7.9293E-03 8.5369E-03 7.3801E-03 8.5512E-03 8.2340E-03 8.4481E-03 7.8838E-03 7.3472E-03 6.1493E-03 6.9812E-03 6.4477E-03 5.7493E-03
7.5590E-04 1.0159E-03 1.1934E-03 1.1336E-03 1.1130E-03 1.3833E-03 1.3653E-03 1.7140E-03 1.6727E-03 1.8310E-03 1.8892E-03 1.6716E-03 1.7504E-03 1.7398E-03 2.0967E-03 1.9993E-03 2.4128E-03 2.1490E-03 2.2148E-03 2.2525E-03 2.4916E-03 3.4985E-03 3.3814E-03 4.3247E-03 3.9621E-03 3.8953E-03 5.5009E-03 6.3456E-03 6.3386E-03 9.3944E-03 8.6011E-03 7.9486E-03 7.3919E-03 6.8359E-03 8.4920E-03 8.7563E-03 8.9461E-03 9.5861E-03 8.5990E-03 8.4487E-03 8.9446E-03 9.0387E-03 8.9425E-03 8.8877E-03 7.7324E-03 7.0647E-03 7.4819E-03 6.6597E-03 7.1891E-03 7.7253E-03 7.4973E-03 6.8607E-03 6.5827E-03 6.2074E-03 5.7355E-03 6.0660E-03 5.8248E-03
7.3781E-04 9.7075E-04 1.0527E-03 1.1543E-03 1.3335E-03 1.4500E-03 1.5078E-03 1.4846E-03 1.6208E-03 1.6710E-03 1.7057E-03 1.5152E-03 1.6996E-03 1.6034E-03 1.9313E-03 2.3134E-03 2.0687E-03 2.2348E-03 2.1410E-03 2.7007E-03 3.4885E-03 3.3673E-03 4.1231E-03 4.0018E-03 3.5997E-03 4.1693E-03 5.6572E-03 6.3609E-03 8.8565E-03 8.9148E-03 8.1142E-03 7.0640E-03 5.8442E-03 6.5213E-03 7.5621E-03 7.6100E-03 8.4747E-03 8.4661E-03 7.5991E-03 8.4580E-03 7.6761E-03 8.2951E-03 8.7776E-03 8.5253E-03 7.0700E-03 6.1604E-03 6.5831E-03 6.2945E-03 6.2352E-03 6.7527E-03 6.9369E-03 6.2762E-03 6.3415E-03 5.8517E-03 5.5999E-03 5.1201E-03 5.3300E-03
7.7821E-04 1.0033E-03 1.1698E-03 1.3679E-03 1.3858E-03 1.3404E-03 1.3626E-03 1.3854E-03 1.4985E-03 1.5472E-03 1.2831E-03 1.3329E-03 1.4580E-03 1.9235E-03 2.2579E-03 2.0493E-03 2.0579E-03 2.1834E-03 2.7787E-03 3.6301E-03 3.4924E-03 3.5722E-03 3.7441E-03 3.1009E-03 4.1414E-03 4.6737E-03 5.1530E-03 8.0170E-03 7.9643E-03 6.7742E-03 6.2568E-03 6.2051E-03 5.2085E-03 6.6634E-03 7.5683E-03 7.1647E-03 8.1748E-03 8.1575E-03 7.3489E-03 8.0019E-03 7.5516E-03 7.5873E-03 7.9641E-03 8.0271E-03 6.3891E-03 5.6510E-03 5.7803E-03 6.0501E-03 5.9920E-03 6.1013E-03 6.2931E-03 6.7721E-03 5.9656E-03 5.5898E-03 5.1632E-03 5.2004E-03 4.7405E-03
7.7502E-04 1.0568E-03 1.2660E-03 1.3988E-03 1.3626E-03 1.3632E-03 1.4489E-03 1.1421E-03 1.0812E-03 1.1717E-03 1.5588E-03 1.6729E-03 2.1658E-03 2.2028E-03 1.8062E-03 1.9395E-03 2.2174E-03 2.7040E-03 3.6204E-03 3.2659E-03 3.2614E-03 3.6112E-03 3.2365E-03 3.9605E-03 4.4060E-03 5.4146E-03 6.5282E-03 8.9412E-03 6.9626E-03 6.3709E-03 5.6829E-03 5.1436E-03 5.3231E-03 6.0539E-03 6.9054E-03 6.6722E-03 7.3957E-03 7.5607E-03 7.6076E-03 7.2832E-03 7.3505E-03 7.1402E-03 7.1713E-03 7.6928E-03 5.8864E-03 5.7849E-03 5.6176E-03 6.2519E-03 5.9010E-03 5.6981E-03 5.8217E-03 6.1261E-03 5.8826E-03 5.3281E-03 4.9863E-03 4.5727E-03 4.8642E-03
8.2678E-04 1.0356E-03 1.1807E-03 1.2338E-03 1.3788E-03 1.5400E-03 1.2599E-03 1.0331E-03 1.2425E-03 1.3903E-03 1.6996E-03 1.8922E-03 2.0117E-03 1.7923E-03 1.8586E-03 2.1661E-03 2.3263E-03 3.1222E-03 3.1977E-03 2.9838E-03 2.7587E-03 3.0767E-03 3.5619E-03 3.9669E-03 5.1056E-03 6.2806E-03 8.2482E-03 7.7277E-03 6.7861E-03 6.0715E-03 5.7018E-03 4.8854E-03 5.3524E-03 6.1612E-03 6.3561E-03 6.7664E-03 7.1162E-03 7.2739E-03 6.9013E-03 6.8906E-03 6.6244E-03 6.7474E-03 6.5355E-03 7.2277E-03 6.2110E-03 6.2559E-03 5.5475E-03 5.6327E-03 6.2611E-03 5.4736E-03 5.5228E-03 5.7290E-03 5.8609E-03 5.1856E-03 4.5219E-03 4.3573E-03 4.2632E-03
8.0527E-04 1.0114E-03 1.1835E-03 1.3490E-03 1.3941E-03 1.0494E-03 1.1426E-03 1.3307E-03 1.5587E-03 1.6458E-03 1.6578E-03 1.8281E-03 2.1541E-03 1.7891E-03 2.1604E-03 2.3803E-03 2.9143E-03 3.0085E-03 2.7266E-03 2.6622E-03 2.5624E-03 3.5698E-03 3.8190E-03 4.5574E-03 5.2332E-03 6.9553E-03 8.1807E-03 7.2315E-03 6.4166E-03 5.4490E-03 4.9557E-03 4.3547E-03 5.3533E-03 6.6143E-03 6.2040E-03 6.3761E-03 6.7105E-03 6.3233E-03 6.3135E-03 6.3247E-03 6.1889E-03 6.4048E-03 6.1931E-03 6.8353E-03 6.5130E-03 6.0330E-03 5.1172E-03 5.1070E-03 5.4297E-03 5.5299E-03 5.2168E-03 5.4147E-03 5.3085E-03 5.0669E-03 4.6765E-03 4.3052E-03 4.0673E-03
8.3273E-04 9.9818E-04 1.1669E-03 1.1503E-03 9.2274E-04 1.0799E-03 1.2863E-03 1.6335E-03 1.8908E-03 1.9290E-03 1.8266E-03 1.6734E-03 1.7535E-03 2.2158E-03 2.3658E-03 2.6629E-03 2.7999E-03 2.4147E-03 3.1979E-03 2.8004E-03 3.3247E-03 3.6280E-03 3.9216E-03 5.4912E-03 5.9833E-03 7.0850E-03 6.6282E-03 6.5045E-03 5.5341E-03 5.1683E-03 4.0014E-03 4.3096E-03 5.1380E-03 6.1803E-03 5.8338E-03 6.0448E-03 6.1792E-03 5.8440E-03 5.7848E-03 5.6011E-03 5.9734E-03 5.9820E-03 5.8097E-03 6.1727E-03 6.1550E-03 5.2089E-03 4.8421E-03 4.9764E-03 5.3769E-03 5.1418E-03 4.7986E-03 4.9990E-03 5.2137E-03 4.9293E-03 4.6417E-03 4.2322E-03 3.7195E-03
7.8111E-04 9.7978E-04 9.0884E-04 9.5019E-04 1.0231E-03 1.2686E-03 1.6850E-03 1.7921E-03 1.8217E-03 1.7034E-03 1.5977E-03 1.7376E-03 2.0905E-03 2.3309E-03 2.4802E-03 2.6264E-03 2.3320E-03 2.9455E-03 2.4623E-03 2.9603E-03 3.3753E-03 3.5597E-03 4.7245E-03 5.0411E-03 6.0669E-03 6.2625E-03 6.2042E-03 5.9373E-03 5.0509E-03 4.5136E-03 3.8913E-03 4.4371E-03 5.1651E-03 5.6626E-03 5.3730E-03 5.7711E-03 5.6955E-03 5.2996E-03 5.7123E-03 4.9068E-03 5.5752E-03 5.5721E-03 5.4136E-03 5.7546E-03 5.5952E-03 4.9418E-03 4.5473E-03 4.8007E-03 4.8519E-03 4.7769E-03 4.6346E-03 4.4466E-03 4.9119E-03 5.2181E-03 4.4644E-03 4.1135E-03 3.5159E-03
6.5359E-04 8.3102E-04 9.2796E-04 1.0593E-03 1.2692E-03 1.4685E-03 1.7164E-03 1.6736E-03 1.5774E-03 1.7748E-03 1.6950E-03 1.8913E-03 2.2225E-03 2.3362E-03 2.4587E-03 2.2477E-03 2.7161E-03 2.4005E-03 2.6948E-03 3.3195E-03 3.4703E-03 4.2705E-03 4.8016E-03 5.4294E-03 6.3375E-03 5.9480E-03 5.8611E-03 5.5046E-03 4.8224E-03 3.9233E-03 3.7340E-03 4.5302E-03 5.4420E-03 5.1550E-03 4.9223E-03 5.2777E-03 5.3455E-03 4.7571E-03 5.4066E-03 4.3812E-03 5.1406E-03 5.2304E-03 4.9531E-03 5.2121E-03 4.8664E-03 4.5168E-03 4.3087E-03 4.1852E-03 4.4985E-03 4.1811E-03 4.3912E-03 4.1770E-03 4.5070E-03 5.2408E-03 4.2468E-03 3.6945E-03 3.2354E-03
6.8746E-04 9.8414E-04 1.1216E-03 1.2975E-03 1.4220E-03 1.5838E-03 1.6370E-03 1.6162E-03 1.6544E-03 1.6174E-03 1.7498E-03 2.0932E-03 2.1948E-03 2.3177E-03 2.1739E-03 2.5570E-03 2.6383E-03 2.6786E-03 2.7128E-03 2.9780E-03 3.7392E-03 4.4330E-03 5.1154E-03 5.7891E-03 5.6826E-03 5.6820E-03 5.5433E-03 4.9687E-03 4.2869E-03 4.2078E-03 3.6642E-03 4.3436E-03 5.1189E-03 4.7934E-03 4.5866E-03 4.8892E-03 5.0639E-03 4.8295E-03 4.8669E-03 4.2890E-03 4.8218E-03 4.7971E-03 5.0539E-03 4.7605E-03 4.4974E-03 4.4561E-03 4.1349E-03 3.9999E-03 4.3376E-03 4.2211E-03 4.0701E-03 3.9202E-03 3.8228E-03 4.5319E-03 4.3049E-03 3.8405E-03 3.4323E-03
8.1634E-04 9.7997E-04 1.1440E-03 1.2998E-03 1.4437E-03 1.5642E-03 1.5634E-03 1.6324E-03 1.6331E-03 1.6743E-03 1.9897E-03 2.0731E-03 2.1819E-03 2.2025E-03 2.4162E-03 2.5054E-03 2.5484E-03 2.7871E-03 2.5711E-03 3.1869E-03 3.9054E-03 4.6814E-03 4.9837E-03 5.7632E-03 5.6731E-03 5.5166E-03 5.3029E-03 4.7249E-03 3.8873E-03 3.9149E-03 3.7049E-03 4.5408E-03 4.7636E-03 4.6833E-03 4.4254E-03 4.6280E-03 4.9524E-03 4.7065E-03 4.4479E-03 4.4155E-03 4.8964E-03 4.5820E-03 4.6976E-03 4.6862E-03 4.3373E-03 4.3728E-03 3.8414E-03 3.8846E-03 4.3922E-03 3.9525E-03 4.0865E-03 3.8175E-03 3.7646E-03 3.8376E-03 4.1898E-03 3.8550E-03 3.3870E-03
7.9256E-04 9.6500E-04 1.1496E-03 1.3082E-03 1.4228E-03 1.5051E-03 1.5464E-03 1.5548E-03 1.6265E-03 1.8856E-03 1.9693E-03 2.0560E-03 2.1639E-03 2.2746E-03 2.3674E-03 2.4288E-03 2.6714E-03 2.5168E-03 2.6903E-03 3.4001E-03 4.0533E-03 4.6210E-03 5.2120E-03 5.2685E-03 5.3902E-03 5.3521E-03 4.8328E-03 4.4663E-03 3.6137E-03 3.3126E-03 3.7366E-03 4.6992E-03 4.7042E-03 4.5879E-03 4.3234E-03 4.4354E-03 4.6112E-03 4.4430E-03 4.1865E-03 4.1378E-03 4.4920E-03 4.4047E-03 4.4480E-03 4.7714E-03 4.0688E-03 3.8330E-03 3.7015E-03 3.7070E-03 4.0954E-03 3.8959E-03 3.4281E-03 3.6164E-03 3.6638E-03 3.6316E-03 3.8326E-03 3.8966E-03 3.5350E-03
7.4699E-04 9.3753E-04 1.0946E-03 1.2453E-03 1.3433E-03 1.4318E-03 1.4944E-03 1.5507E-03 1.7764E-03 1.8541E-03 1.9439E-03 2.0326E-03 2.0633E-03 2.2283E-03 2.2987E-03 2.6042E-03 2.4444E-03 2.4814E-03 2.9714E-03 3.6004E-03 4.5650E-03 4.6594E-03 4.9839E-03 5.2319E-03 5.2299E-03 4.9049E-03 4.5640E-03 4.1620E-03 3.8719E-03 3.1384E-03 3.7673E-03 4.4905E-03 4.5980E-03 4.4681E-03 4.2223E-03 4.2172E-03 4.2676E-03 3.9989E-03 3.9931E-03 3.8919E-03 4.1564E-03 4.3585E-03 4.3289E-03 4.3532E-03 3.8289E-03 3.7207E-03 3.5715E-03 3.5288E-03 3.8553E-03 3.8981E-03 3.4816E-03 3.4302E-03 3.4892E-03 3.4469E-03 3.3597E-03 3.7115E-03 3.4855E-03
7.3067E-04 8.9559E-04 1.0459E-03 1.1487E-03 1.2644E-03 1.3568E-03 1.4325E-03 1.6319E-03 1.7165E-03 1.7984E-03 1.8911E-03 1.8375E-03 2.0039E-03 2.1448E-03 2.1940E-03 2.8391E-03 2.3048E-03 2.6670E-03 3.1282E-03 4.0442E-03 4.2839E-03 4.6520E-03 4.8210E-03 4.9709E-03 4.9834E-03 4.4485E-03 4.4137E-03 3.7940E-03 3.6973E-03 3.0458E-03 3.7844E-03 4.4317E-03 4.4391E-03 4.0694E-03 4.0646E-03 3.9776E-03 3.9383E-03 3.8768E-03 3.7986E-03 3.7157E-03 3.9436E-03 4.0430E-03 4.0391E-03 3.9715E-03 3.6637E-03 3.5714E-03 3.2343E-03 3.2766E-03 3.5859E-03 3.5711E-03 3.3451E-03 2.8764E-03 3.3001E-03 3.2614E-03 3.1649E-03 3.3443E-03 3.6391E-03
