20231023_webinar_progetto_murano/refs/data_input_report_tx_finale/grd_f3_sc_4/Percentile_24h.grd
DSAA
          81           81
 760250.0000  764250.0000
5036750.0000 5040750.0000
  0.3854E-03   0.2132E+00
[rows 25 to 49 of 81, columns 0 to 56 of 81]
1.0350E-03 1.3458E-03 1.6601E-03 1.9944E-03 2.3391E-03 2.6736E-03 2.9740E-03 3.2656E-03 3.5457E-03 3.5230E-03 3.5302E-03 3.9404E-03 4.5352E-03 4.7487E-03 4.8968E-03 5.3123E-03 5.4428E-03 5.9689E-03 6.3958E-03 6.0635E-03 5.5634E-03 5.4146E-03 5.7841E-03 6.1904E-03 7.7313E-03 7.7540E-03 7.2426E-03 7.9221E-03 7.6830E-03 8.6714E-03 1.0970E-02 1.2546E-02 1.2080E-02 1.3836E-02 1.3557E-02 1.2428E-02 1.4508E-02 1.5953E-02 1.8254E-02 1.9992E-02 2.1190E-02 2.2759E-02 2.4309E-02 2.5181E-02 2.1744E-02 1.9871E-02 1.8662E-02 1.8038E-02 1.7910E-02 1.7486E-02 1.4081E-02 1.2744E-02 1.1563E-02 1.0221E-02 9.0860E-03 8.5311E-03 8.4912E-03
9.8980E-04 1.3261E-03 1.6625E-03 2.0203E-03 2.2035E-03 2.5603E-03 2.9137E-03 3.0770E-03 3.5789E-03 3.9579E-03 4.0977E-03 4.1441E-03 4.6859E-03 5.1896E-03 5.2474E-03 5.1957E-03 5.8981E-03 5.7678E-03 6.2798E-03 6.8088E-03 6.3431E-03 6.1613E-03 6.3895E-03 7.0086E-03 8.0647E-03 8.4192E-03 8.1220E-03 8.5216E-03 8.7202E-03 8.6505E-03 1.0376E-02 1.3142E-02 1.3314E-02 1.4278E-02 1.4732E-02 1.4430E-02 1.4836E-02 1.7976E-02 1.9113E-02 2.0724E-02 2.3694E-02 2.5914E-02 2.7796E-02 2.6022E-02 2.3900E-02 2.2423E-02 2.0398E-02 1.9397E-02 1.9739E-02 1.6155E-02 1.4087E-02 1.3002E-02 1.2426E-02 1.0227E-02 9.9621E-03 9.8075E-03 8.9343E-03
1.0575E-03 1.4459E-03 1.8502E-03 2.1538E-03 2.1850E-03 2.3176E-03 2.4670E-03 2.9402E-03 3.4095E-03 3.4836E-03 4.2156E-03 4.7463E-03 4.8571E-03 5.1584E-03 5.7339E-03 5.8876E-03 5.9187E-03 6.3748E-03 6.1155E-03 6.1691E-03 6.8639E-03 7.0267E-03 6.8483E-03 7.4232E-03 7.9787E-03 8.7452E-03 9.1073E-03 8.9565E-03 9.0321E-03 9.0965E-03 9.9367E-03 1.2713E-02 1.4889E-02 1.4832E-02 1.7917E-02 1.6295E-02 1.5960E-02 2.0365E-02 2.2180E-02 2.1065E-02 2.3501E-02 2.9537E-02 3.0714E-02 2.8773E-02 2.6216E-02 2.2674E-02 2.2643E-02 1.9854E-02 1.9174E-02 1.6937E-02 1.5644E-02 1.3885E-02 1.2149E-02 1.1486E-02 1.1116E-02 1.0207E-02 8.8574E-03
1.0522E-03 1.1533E-03 1.4163E-03 1.7711E-03 2.1484E-03 2.3475E-03 2.5469E-03 2.9109E-03 3.2496E-03 3.3244E-03 3.7056E-03 4.3678E-03 5.0451E-03 5.5719E-03 6.0545E-03 6.1216E-03 6.4053E-03 6.3824E-03 6.4974E-03 6.8197E-03 6.8335E-03 7.1235E-03 7.5285E-03 7.7637E-03 8.4228E-03 8.6942E-03 8.8446E-03 1.0031E-02 8.9171E-03 1.0068E-02 1.0619E-02 1.2864E-02 1.5034E-02 1.6236E-02 1.7583E-02 1.9024E-02 1.7021E-02 2.1317E-02 2.6187E-02 2.4939E-02 2.6727E-02 3.4151E-02 3.4724E-02 3.2693E-02 2.6857E-02 2.4891E-02 2.5219E-02 2.2718E-02 2.1003E-02 1.6414E-02 1.6338E-02 1.4071E-02 1.2142E-02 1.2421E-02 1.1577E-02 1.0143E-02 8.4062E-03
9.5473E-04 1.2201E-03 1.4150E-03 1.5890E-03 1.8159E-03 2.0835E-03 2.3502E-03 2.7462E-03 2.9896E-03 3.2439E-03 3.7651E-03 4.2649E-03 4.7882E-03 5.3861E-03 6.0958E-03 6.6079E-03 6.7243E-03 7.2929E-03 7.1382E-03 7.5707E-03 7.3915E-03 7.3862E-03 7.6764E-03 8.0708E-03 8.4711E-03 9.2136E-03 8.9522E-03 1.0559E-02 1.0321E-02 1.0244E-02 1.1433E-02 1.2491E-02 1.5107E-02 1.8293E-02 1.8372E-02 2.1433E-02 2.0055E-02 2.4416E-02 3.0558E-02 2.7650E-02 2.8761E-02 3.8665E-02 3.8253E-02 3.7616E-02 3.0503E-02 2.7984E-02 2.6684E-02 2.5667E-02 1.9173E-02 2.0747E-02 1.6706E-02 1.3714E-02 1.3637E-02 1.3283E-02 1.1629E-02 9.5545E-03 8.7799E-03
1.0335E-03 1.2752E-03 1.4863E-03 1.5632E-03 1.7663E-03 2.0225E-03 2.1142E-03 2.3530E-03 2.6705E-03 3.1113E-03 3.7818E-03 3.9723E-03 4.3242E-03 4.9455E-03 5.7553E-03 6.7298E-03 7.0816E-03 7.1212E-03 7.6106E-03 8.7409E-03 8.6622E-03 8.0410E-03 8.7430E-03 7.3583E-03 1.0323E-02 9.2715E-03 9.6743E-03 1.0270E-02 1.0772E-02 1.1273E-02 1.2132E-02 1.2961E-02 1.4523E-02 1.8623E-02 2.0182E-02 2.4485E-02 2.2936E-02 2.4591E-02 3.3171E-02 3.0700E-02 3.3561E-02 4.3121E-02 4.4166E-02 4.0618E-02 3.3104E-02 3.1985E-02 3.1028E-02 2.5463E-02 2.0145E-02 2.0304E-02 1.7755E-02 1.5992E-02 1.5464E-02 1.3571E-02 1.0993E-02 1.0103E-02 9.0514E-03
1.1510E-03 1.4003E-03 1.6099E-03 1.7984E-03 1.8853E-03 1.9458E-03 2.0255E-03 2.2144E-03 2.4580E-03 3.0821E-03 3.1340E-03 3.5662E-03 4.3858E-03 4.6088E-03 5.1229E-03 5.5373E-03 6.5555E-03 7.5776E-03 8.0018E-03 8.9189E-03 9.4354E-03 9.6273E-03 8.9835E-03 8.1687E-03 8.9923E-03 1.0887E-02 1.1134E-02 1.1437E-02 1.1163E-02 1.2285E-02 1.3093E-02 1.3418E-02 1.5802E-02 1.6690E-02 2.0814E-02 2.4406E-02 2.6825E-02 2.6415E-02 3.3852E-02 3.4452E-02 3.7968E-02 4.8758E-02 5.3337E-02 4.3812E-02 3.6049E-02 3.7412E-02 3.5680E-02 2.7179E-02 2.5492E-02 2.1732E-02 1.8893E-02 1.7399E-02 1.6122E-02 1.3801E-02 1.1562E-02 1.0326E-02 9.0547E-03
1.1368E-03 1.4265E-03 1.6707E-03 1.8833E-03 2.0431E-03 2.1818E-03 2.1515E-03 2.3838E-03 2.4673E-03 2.5322E-03 2.8881E-03 3.3925E-03 3.8178E-03 4.0605E-03 4.8913E-03 5.2827E-03 6.1204E-03 6.3608E-03 7.9321E-03 8.8525E-03 1.0030E-02 9.9480E-03 1.0484E-02 9.8153E-03 9.7595E-03 9.9065E-03 9.9014E-03 1.0960E-02 1.1456E-02 1.1858E-02 1.2854E-02 1.4884E-02 1.4951E-02 1.7893E-02 2.1541E-02 2.1962E-02 2.8679E-02 2.9338E-02 4.0358E-02 3.7613E-02 4.1188E-02 5.3298E-02 5.5426E-02 4.7792E-02 4.1521E-02 4.4825E-02 3.8012E-02 3.0753E-02 2.7966E-02 2.2993E-02 2.0320E-02 1.9370E-02 1.6568E-02 1.3475E-02 1.2000E-02 1.0486E-02 8.6257E-03
9.8407E-04 1.2884E-03 1.5673E-03 1.7894E-03 1.9348E-03 2.0053E-03 2.1289E-03 2.4200E-03 2.5951E-03 2.8886E-03 2.8579E-03 3.1201E-03 3.3458E-03 3.7236E-03 3.8858E-03 4.5365E-03 5.4667E-03 6.2371E-03 7.0223E-03 7.8326E-03 9.4225E-03 1.1139E-02 1.0853E-02 1.1463E-02 1.1164E-02 1.0935E-02 1.0430E-02 1.0032E-02 1.2833E-02 1.4758E-02 1.3043E-02 1.3971E-02 1.6977E-02 1.8293E-02 2.0819E-02 2.4767E-02 2.9747E-02 3.2846E-02 3.9514E-02 4.4508E-02 4.3900E-02 5.9926E-02 6.5699E-02 5.4732E-02 5.0094E-02 5.1195E-02 3.8355E-02 3.1667E-02 2.8968E-02 2.5000E-02 2.2871E-02 1.9935E-02 1.6479E-02 1.3163E-02 1.2196E-02 1.0121E-02 8.3781E-03
9.0609E-04 1.1671E-03 1.4292E-03 1.5922E-03 1.7410E-03 2.0980E-03 2.1591E-03 2.2305E-03 2.5840E-03 2.7883E-03 2.8873E-03 3.3387E-03 3.3705E-03 3.3752E-03 3.5874E-03 3.8706E-03 4.9131E-03 5.1111E-03 5.9662E-03 7.4539E-03 8.0545E-03 9.3966E-03 1.1162E-02 1.2068E-02 1.2399E-02 1.3436E-02 1.2599E-02 1.1672E-02 1.2821E-02 1.2914E-02 1.6295E-02 1.5839E-02 1.5310E-02 1.6722E-02 2.0539E-02 2.4434E-02 2.8503E-02 3.8239E-02 3.9387E-02 4.8800E-02 5.0701E-02 6.9211E-02 7.8065E-02 5.9634E-02 5.9833E-02 5.3743E-02 3.8455E-02 3.5146E-02 3.0419E-02 2.7177E-02 2.3211E-02 2.0630E-02 1.5026E-02 1.4005E-02 1.1479E-02 1.0197E-02 8.1374E-03
7.6376E-04 9.8405E-04 1.1677E-03 1.2722E-03 1.4417E-03 1.6619E-03 2.0794E-03 2.2969E-03 2.6123E-03 2.7505E-03 3.0392E-03 3.1271E-03 3.4550E-03 3.5882E-03 3.7947E-03 4.1150E-03 4.4776E-03 4.8781E-03 4.9352E-03 5.7483E-03 6.3252E-03 8.2233E-03 8.7605E-03 9.9766E-03 1.3251E-02 1.3644E-02 1.5900E-02 1.6025E-02 1.3041E-02 1.3866E-02 1.5135E-02 1.6287E-02 1.8699E-02 1.6771E-02 1.9791E-02 2.3372E-02 2.9604E-02 3.8131E-02 5.0081E-02 5.4495E-02 5.8462E-02 7.2512E-02 9.5799E-02 6.3483E-02 6.8864E-02 5.3605E-02 4.1710E-02 3.6313E-02 3.2141E-02 2.9024E-02 2.6693E-02 1.6916E-02 1.6684E-02 1.4169E-02 1.1442E-02 9.2645E-03 8.3217E-03
8.5736E-04 1.0964E-03 1.2475E-03 1.3457E-03 1.3559E-03 1.4768E-03 1.6070E-03 1.9211E-03 2.3074E-03 2.5922E-03 2.9112E-03 3.1786E-03 3.5431E-03 3.7075E-03 3.9397E-03 4.2994E-03 4.7023E-03 4.9346E-03 4.9563E-03 5.9643E-03 5.5368E-03 6.6281E-03 7.1350E-03 8.0005E-03 8.7941E-03 1.1716E-02 1.6550E-02 1.8675E-02 1.9014E-02 1.8323E-02 1.7573E-02 1.8440E-02 1.9221E-02 2.1655E-02 2.1401E-02 2.3580E-02 3.1312E-02 3.4621E-02 5.0989E-02 5.4058E-02 6.0937E-02 7.9908E-02 8.7241E-02 7.2185E-02 7.2924E-02 4.9321E-02 4.2965E-02 3.5866E-02 3.4757E-02 3.0815E-02 1.9614E-02 1.9235E-02 1.5535E-02 1.1960E-02 1.0947E-02 1.0130E-02 8.0197E-03
9.7201E-04 1.2531E-03 1.4263E-03 1.5425E-03 1.5043E-03 1.5632E-03 1.6217E-03 1.7266E-03 1.8818E-03 1.9993E-03 2.3528E-03 2.7310E-03 2.5943E-03 3.1454E-03 3.4456E-03 3.9167E-03 4.1447E-03 4.4339E-03 3.9803E-03 5.2903E-03 5.7109E-03 5.6753E-03 5.7515E-03 6.5771E-03 7.4731E-03 9.2574E-03 1.2929E-02 1.4144E-02 1.6296E-02 1.9229E-02 2.0118E-02 1.9764E-02 1.7358E-02 2.3131E-02 2.6427E-02 2.3409E-02 2.5894E-02 3.7186E-02 4.4635E-02 5.8975E-02 7.3855E-02 9.5830E-02 9.9651E-02 8.2939E-02 6.0361E-02 4.9508E-02 4.1384E-02 3.8401E-02 3.6127E-02 2.7370E-02 2.3007E-02 1.8002E-02 1.4946E-02 1.3645E-02 1.1134E-02 1.0438E-02 9.1009E-03
1.0172E-03 1.3549E-03 1.6946E-03 1.7439E-03 1.8534E-03 1.8533E-03 1.8125E-03 2.0102E-03 2.0504E-03 2.1519E-03 2.2840E-03 2.1401E-03 2.2781E-03 2.3820E-03 2.5735E-03 3.0261E-03 3.6330E-03 3.8548E-03 4.1086E-03 4.5384E-03 5.1144E-03 5.2306E-03 5.4011E-03 6.8629E-03 7.3804E-03 7.9048E-03 9.1957E-03 1.0366E-02 1.0786E-02 1.5571E-02 2.0985E-02 2.3944E-02 2.1839E-02 2.4027E-02 2.9098E-02 2.9502E-02 2.8819E-02 3.6430E-02 5.8432E-02 6.8790E-02 8.6624E-02 1.1325E-01 9.9553E-02 9.2286E-02 5.7015E-02 5.8062E-02 4.7182E-02 3.7899E-02 3.6136E-02 2.9635E-02 2.0928E-02 1.8369E-02 1.5889E-02 1.4247E-02 1.3073E-02 1.1375E-02 9.3039E-03
8.4045E-04 1.2675E-03 1.4679E-03 1.6030E-03 1.6582E-03 1.9519E-03 1.9487E-03 1.9994E-03 2.0776E-03 2.2279E-03 2.3887E-03 2.5968E-03 2.8634E-03 2.6070E-03 2.5805E-03 2.9053E-03 3.3909E-03 3.9075E-03 3.6900E-03 3.7699E-03 4.4251E-03 3.9901E-03 4.8585E-03 5.3164E-03 6.3429E-03 7.3099E-03 7.9178E-03 9.5646E-03 9.0382E-03 1.1311E-02 1.3802E-02 1.7850E-02 2.6771E-02 2.7424E-02 2.9352E-02 3.2913E-02 3.8480E-02 4.0032E-02 5.7447E-02 8.5584E-02 9.8099E-02 1.4058E-01 1.1670E-01 8.5177E-02 6.6093E-02 5.6416E-02 3.8315E-02 3.8886E-02 2.8892E-02 2.3300E-02 2.2271E-02 1.9728E-02 1.7269E-02 1.5189E-02 1.2940E-02 1.2325E-02 1.1292E-02
8.4125E-04 1.1142E-03 1.3488E-03 1.4280E-03 1.5082E-03 1.5714E-03 1.6814E-03 1.8428E-03 2.1396E-03 2.2415E-03 2.3033E-03 2.4041E-03 2.5764E-03 2.6909E-03 3.0794E-03 2.9919E-03 3.3240E-03 3.7928E-03 4.0106E-03 3.5791E-03 3.5707E-03 3.9395E-03 4.7220E-03 4.7064E-03 4.3974E-03 5.5764E-03 7.6435E-03 7.4582E-03 9.7184E-03 1.1246E-02 1.0763E-02 1.0354E-02 1.5082E-02 2.1612E-02 3.5810E-02 3.8375E-02 4.3576E-02 6.3752E-02 7.1077E-02 1.0029E-01 1.2574E-01 1.6718E-01 1.3137E-01 8.7361E-02 7.3232E-02 5.4391E-02 4.4450E-02 3.3215E-02 3.3920E-02 2.7143E-02 2.5034E-02 2.1612E-02 1.8934E-02 1.9736E-02 1.7417E-02 1.6042E-02 1.5473E-02
1.0324E-03 1.2097E-03 1.2391E-03 1.4057E-03 1.5293E-03 1.6248E-03 1.6868E-03 1.8039E-03 1.9757E-03 2.1388E-03 2.1790E-03 2.3139E-03 2.5055E-03 2.7310E-03 3.1284E-03 3.2837E-03 3.2676E-03 3.5812E-03 3.6189E-03 4.1708E-03 4.0251E-03 4.2831E-03 4.5564E-03 4.7027E-03 4.9934E-03 5.6704E-03 6.7120E-03 7.4126E-03 8.7696E-03 1.0005E-02 1.0493E-02 1.3850E-02 1.2750E-02 1.5623E-02 2.0877E-02 3.6874E-02 5.3620E-02 6.1852E-02 1.0015E-01 1.2723E-01 1.3250E-01 2.1294E-01 1.3028E-01 9.9831E-02 6.5814E-02 4.6288E-02 4.3268E-02 3.5389E-02 3.6501E-02 3.4894E-02 3.4022E-02 3.0995E-02 2.6054E-02 2.1528E-02 1.7012E-02 1.4566E-02 1.3764E-02
1.1181E-03 1.3914E-03 1.6317E-03 1.8248E-03 1.9743E-03 2.0828E-03 2.1729E-03 2.2688E-03 2.3725E-03 2.7958E-03 2.8709E-03 2.8248E-03 2.9562E-03 3.2009E-03 3.3401E-03 3.4471E-03 3.6327E-03 3.9113E-03 4.0745E-03 4.4698E-03 4.4590E-03 4.6264E-03 4.5219E-03 4.9363E-03 5.0905E-03 5.9348E-03 6.2833E-03 5.9756E-03 7.6758E-03 8.4801E-03 9.6024E-03 1.1800E-02 1.3508E-02 1.6009E-02 1.7768E-02 2.4803E-02 3.9620E-02 6.0137E-02 8.6449E-02 1.2455E-01 1.1186E-01 1.9627E-01 1.2102E-01 1.0124E-01 6.9774E-02 5.8256E-02 5.5966E-02 4.5981E-02 4.1798E-02 3.5523E-02 3.0323E-02 2.6018E-02 2.2887E-02 1.9901E-02 1.6583E-02 1.3847E-02 1.1929E-02
1.0549E-03 1.3285E-03 1.5723E-03 1.7793E-03 1.9747E-03 2.1196E-03 2.1902E-03 2.3821E-03 2.6385E-03 2.9001E-03 2.8730E-03 2.9697E-03 3.0547E-03 3.2940E-03 3.7061E-03 3.8143E-03 3.9414E-03 3.9470E-03 3.9788E-03 4.5011E-03 4.8443E-03 5.2553E-03 5.2059E-03 5.0130E-03 5.3475E-03 5.6540E-03 6.5659E-03 7.2320E-03 7.5674E-03 8.1307E-03 9.9668E-03 1.0342E-02 1.3507E-02 1.6132E-02 1.9791E-02 2.2479E-02 3.1755E-02 5.0871E-02 7.0641E-02 7.7133E-02 1.2969E-01 2.1322E-01 1.1781E-01 1.0165E-01 9.3577E-02 7.1489E-02 5.6282E-02 4.2826E-02 4.0527E-02 3.3784E-02 2.9723E-02 2.5836E-02 2.3072E-02 1.9798E-02 1.7426E-02 1.7184E-02 1.4964E-02
1.0977E-03 1.3744E-03 1.6024E-03 1.6532E-03 1.7898E-03 1.9470E-03 2.1004E-03 2.2633E-03 2.2497E-03 2.5359E-03 2.6179E-03 2.5679E-03 2.7879E-03 3.0033E-03 3.2761E-03 3.3936E-03 3.2871E-03 3.2677E-03 3.5845E-03 3.8439E-03 4.1065E-03 4.5131E-03 4.8709E-03 5.4030E-03 5.9369E-03 6.5019E-03 6.6679E-03 7.2314E-03 8.2274E-03 7.9654E-03 9.4318E-03 1.0530E-02 1.3622E-02 1.7205E-02 2.0701E-02 2.6697E-02 2.8950E-02 4.6056E-02 8.5869E-02 8.2719E-02 1.2888E-01 1.7305E-01 1.4615E-01 9.9330E-02 9.8324E-02 7.4298E-02 6.4315E-02 5.5916E-02 3.5241E-02 3.3063E-02 2.5604E-02 2.1786E-02 1.8716E-02 1.7313E-02 1.4456E-02 1.3898E-02 1.1723E-02
9.0854E-04 1.1590E-03 1.4112E-03 1.6097E-03 1.7629E-03 1.8975E-03 2.0123E-03 2.1151E-03 2.2233E-03 2.4370E-03 2.4579E-03 2.5804E-03 2.8672E-03 2.5190E-03 2.6918E-03 3.2883E-03 3.2613E-03 3.1749E-03 3.1931E-03 3.1414E-03 4.0191E-03 4.0045E-03 4.3317E-03 4.5802E-03 5.2284E-03 5.9838E-03 6.7105E-03 7.4404E-03 6.8764E-03 9.0142E-03 1.0706E-02 1.2368E-02 1.2188E-02 1.4039E-02 1.9329E-02 2.1074E-02 2.7081E-02 4.2812E-02 5.6969E-02 8.6860E-02 1.6882E-01 1.1944E-01 1.0371E-01 9.9706E-02 8.7551E-02 6.7595E-02 5.8085E-02 4.8835E-02 3.3913E-02 3.0321E-02 2.4484E-02 2.1180E-02 1.8603E-02 1.5464E-02 1.4863E-02 1.3221E-02 1.1321E-02
1.0674E-03 1.3720E-03 1.5906E-03 1.6800E-03 1.9294E-03 1.9633E-03 2.1560E-03 2.0904E-03 2.0544E-03 2.0830E-03 2.5444E-03 2.4646E-03 2.8528E-03 2.6156E-03 2.9078E-03 3.0017E-03 3.0445E-03 3.4262E-03 3.7985E-03 4.1131E-03 3.8570E-03 4.1621E-03 4.3731E-03 5.0848E-03 5.6836E-03 5.5922E-03 6.5432E-03 5.8711E-03 6.8073E-03 9.0671E-03 9.7014E-03 8.3725E-03 9.7224E-03 1.0488E-02 1.3276E-02 1.6468E-02 2.6158E-02 3.4217E-02 5.2004E-02 1.1927E-01 1.3590E-01 1.1856E-01 9.7768E-02 7.6600E-02 5.5640E-02 5.4428E-02 5.0433E-02 4.0891E-02 3.3661E-02 3.3688E-02 2.6589E-02 1.9695E-02 1.5980E-02 1.4015E-02 1.3640E-02 1.1435E-02 1.0508E-02
1.1370E-03 1.4322E-03 1.6044E-03 1.7428E-03 1.8963E-03 2.0048E-03 2.0450E-03 1.9863E-03 2.0744E-03 2.1633E-03 2.2727E-03 2.4663E-03 2.6431E-03 2.7052E-03 3.1688E-03 3.0587E-03 3.1042E-03 3.2401E-03 3.6253E-03 3.9534E-03 4.1410E-03 4.2647E-03 4.5998E-03 4.5857E-03 5.0211E-03 5.3656E-03 5.1886E-03 4.9426E-03 5.5352E-03 6.0878E-03 7.4705E-03 8.4038E-03 7.8404E-03 9.7897E-03 1.4137E-02 1.6371E-02 2.1252E-02 3.1075E-02 5.6761E-02 8.1291E-02 9.2710E-02 7.6079E-02 7.0885E-02 5.8238E-02 4.7084E-02 3.9018E-02 3.3004E-02 2.9583E-02 3.4071E-02 2.8395E-02 2.5223E-02 2.2865E-02 1.8320E-02 1.4869E-02 1.2290E-02 1.1509E-02 1.0324E-02
1.3221E-03 1.7238E-03 1.9818E-03 2.0366E-03 2.0198E-03 2.0043E-03 2.0646E-03 1.9954E-03 2.1270E-03 2.4862E-03 2.4955E-03 2.4907E-03 2.8388E-03 2.7791E-03 2.9405E-03 2.8444E-03 3.1227E-03 3.3635E-03 3.4868E-03 3.5746E-03 3.8719E-03 3.7228E-03 3.9985E-03 4.2446E-03 4.2212E-03 4.5532E-03 4.6339E-03 4.9808E-03 4.9748E-03 6.2983E-03 7.5829E-03 9.2743E-03 9.2831E-03 8.5522E-03 1.4082E-02 1.6377E-02 1.9195E-02 3.1712E-02 4.8771E-02 6.5053E-02 6.5896E-02 4.5965E-02 4.8618E-02 4.4195E-02 3.4635E-02 3.3806E-02 2.7780E-02 2.2469E-02 2.3956E-02 2.1902E-02 2.3640E-02 2.1329E-02 1.8980E-02 1.6128E-02 1.4566E-02 1.2587E-02 1.0377E-02
1.0075E-03 1.2743E-03 1.5226E-03 1.7320E-03 1.7109E-03 1.7631E-03 1.9394E-03 2.0886E-03 2.1948E-03 2.3400E-03 2.4464E-03 2.5567E-03 2.6864E-03 2.8307E-03 2.6535E-03 2.6594E-03 2.8980E-03 2.7339E-03 2.8667E-03 2.9789E-03 3.1195E-03 3.3658E-03 3.3496E-03 4.4982E-03 4.6318E-03 4.8536E-03 4.6604E-03 4.9178E-03 5.6120E-03 6.0337E-03 7.0050E-03 6.7984E-03 7.2280E-03 1.0491E-02 1.1444E-02 1.6107E-02 1.8293E-02 3.3894E-02 3.6888E-02 5.0558E-02 5.3859E-02 4.0635E-02 3.4028E-02 3.5459E-02 2.9876E-02 2.7388E-02 2.6070E-02 2.3564E-02 1.9484E-02 2.0708E-02 1.7964E-02 1.8054E-02 1.7478E-02 1.4168E-02 1.4045E-02 1.2677E-02 1.1543E-02
