20231023_webinar_progetto_murano/refs/data_input_report_tx_finale/lapost_grid/annual.grd
ncols        81
nrows        81
xllcorner      7.602250000E+05
yllcorner      5.036725000E+06
cellsize      5.000000000E+01
nodata_value         -9
[rows 50 to 74 of 81, columns 0 to 56 of 81]
7.2573E-03 9.0578E-03 1.0754E-02 1.2339E-02 1.3838E-02 1.5261E-02 1.6645E-02 1.8090E-02 1.9619E-02 2.1230E-02 2.2938E-02 2.4802E-02 2.6917E-02 2.9329E-02 3.2051E-02 3.5233E-02 3.9070E-02 4.3233E-02 4.7946E-02 5.3838E-02 6.0694E-02 6.7853E-02 7.6544E-02 8.5984E-02 9.8381E-02 1.1441E-01 1.3444E-01 1.6145E-01 1.9392E-01 2.3329E-01 2.7341E-01 3.2022E-01 3.6593E-01 3.9516E-01 3.9755E-01 3.7421E-01 3.4863E-01 3.3484E-01 3.2984E-01 3.2671E-01 3.1652E-01 3.0104E-01 2.7985E-01 2.6031E-01 2.4325E-01 2.2795E-01 2.1281E-01 1.9717E-01 1.8126E-01 1.6464E-01 1.4761E-01 1.3247E-01 1.1980E-01 1.0873E-01 9.8952E-02 9.0465E-02 8.3031E-02
7.4720E-03 9.3270E-03 1.1074E-02 1.2697E-02 1.4228E-02 1.5688E-02 1.7132E-02 1.8656E-02 2.0234E-02 2.1848E-02 2.3556E-02 2.5434E-02 2.7526E-02 2.9897E-02 3.2538E-02 3.5635E-02 3.9287E-02 4.3171E-02 4.7564E-02 5.3060E-02 5.9511E-02 6.6219E-02 7.3532E-02 8.2225E-02 9.4384E-02 1.0930E-01 1.2899E-01 1.5405E-01 1.8173E-01 2.1225E-01 2.4494E-01 2.8198E-01 3.1935E-01 3.4380E-01 3.4649E-01 3.2996E-01 3.1196E-01 3.0067E-01 2.9576E-01 2.9396E-01 2.8568E-01 2.7249E-01 2.5429E-01 2.3779E-01 2.2359E-01 2.1069E-01 1.9744E-01 1.8286E-01 1.6799E-01 1.5322E-01 1.3840E-01 1.2473E-01 1.1282E-01 1.0251E-01 9.3525E-02 8.5724E-02 7.8955E-02
7.6370E-03 9.5272E-03 1.1314E-02 1.2971E-02 1.4531E-02 1.6023E-02 1.7511E-02 1.9084E-02 2.0678E-02 2.2283E-02 2.4017E-02 2.5865E-02 2.7844E-02 3.0132E-02 3.2743E-02 3.5745E-02 3.9237E-02 4.3060E-02 4.7325E-02 5.2239E-02 5.7896E-02 6.3520E-02 7.0292E-02 7.8853E-02 9.0727E-02 1.0482E-01 1.2269E-01 1.4577E-01 1.7115E-01 1.9613E-01 2.2309E-01 2.5185E-01 2.8083E-01 3.0164E-01 3.0357E-01 2.9316E-01 2.8040E-01 2.6979E-01 2.6511E-01 2.6366E-01 2.5728E-01 2.4650E-01 2.3068E-01 2.1682E-01 2.0531E-01 1.9436E-01 1.8292E-01 1.6994E-01 1.5619E-01 1.4285E-01 1.2988E-01 1.1766E-01 1.0668E-01 9.7195E-02 8.8990E-02 8.1718E-02 7.5305E-02
7.7052E-03 9.5884E-03 1.1383E-02 1.3061E-02 1.4640E-02 1.6159E-02 1.7669E-02 1.9247E-02 2.0832E-02 2.2439E-02 2.4191E-02 2.5990E-02 2.7858E-02 3.0078E-02 3.2706E-02 3.5681E-02 3.9063E-02 4.2781E-02 4.6809E-02 5.1013E-02 5.5573E-02 6.0855E-02 6.8091E-02 7.7020E-02 8.8345E-02 1.0187E-01 1.1849E-01 1.3832E-01 1.5939E-01 1.7949E-01 2.0212E-01 2.2655E-01 2.5108E-01 2.6726E-01 2.6842E-01 2.6217E-01 2.5281E-01 2.4413E-01 2.4025E-01 2.3824E-01 2.3282E-01 2.2389E-01 2.1087E-01 1.9922E-01 1.8969E-01 1.7992E-01 1.6959E-01 1.5803E-01 1.4552E-01 1.3313E-01 1.2153E-01 1.1080E-01 1.0118E-01 9.2671E-02 8.5129E-02 7.8325E-02 7.2216E-02
7.6651E-03 9.5019E-03 1.1265E-02 1.2924E-02 1.4488E-02 1.6014E-02 1.7533E-02 1.9097E-02 2.0663E-02 2.2239E-02 2.3926E-02 2.5672E-02 2.7493E-02 2.9642E-02 3.2231E-02 3.5260E-02 3.8682E-02 4.2282E-02 4.5897E-02 4.9638E-02 5.3646E-02 5.8846E-02 6.6018E-02 7.4565E-02 8.5235E-02 9.8471E-02 1.1399E-01 1.3146E-01 1.4854E-01 1.6538E-01 1.8506E-01 2.0606E-01 2.2643E-01 2.3848E-01 2.3984E-01 2.3659E-01 2.2970E-01 2.2267E-01 2.1954E-01 2.1705E-01 2.1211E-01 2.0436E-01 1.9374E-01 1.8383E-01 1.7569E-01 1.6671E-01 1.5743E-01 1.4737E-01 1.3595E-01 1.2441E-01 1.1393E-01 1.0455E-01 9.6129E-02 8.8535E-02 8.1623E-02 7.5318E-02 6.9612E-02
7.5717E-03 9.3563E-03 1.1072E-02 1.2688E-02 1.4228E-02 1.5746E-02 1.7224E-02 1.8748E-02 2.0262E-02 2.1782E-02 2.3379E-02 2.5055E-02 2.6839E-02 2.8914E-02 3.1443E-02 3.4502E-02 3.7908E-02 4.1491E-02 4.4838E-02 4.8381E-02 5.2485E-02 5.7589E-02 6.4588E-02 7.2912E-02 8.2692E-02 9.4886E-02 1.0953E-01 1.2503E-01 1.3921E-01 1.5461E-01 1.7232E-01 1.9028E-01 2.0622E-01 2.1462E-01 2.1707E-01 2.1515E-01 2.0970E-01 2.0408E-01 2.0174E-01 1.9930E-01 1.9428E-01 1.8756E-01 1.7889E-01 1.7038E-01 1.6301E-01 1.5522E-01 1.4701E-01 1.3788E-01 1.2753E-01 1.1697E-01 1.0743E-01 9.9174E-02 9.1774E-02 8.4866E-02 7.8493E-02 7.2693E-02 6.7379E-02
7.4576E-03 9.1945E-03 1.0863E-02 1.2436E-02 1.3951E-02 1.5449E-02 1.6891E-02 1.8364E-02 1.9819E-02 2.1272E-02 2.2775E-02 2.4369E-02 2.6104E-02 2.8127E-02 3.0587E-02 3.3671E-02 3.7064E-02 4.0481E-02 4.3767E-02 4.7336E-02 5.1492E-02 5.6562E-02 6.3304E-02 7.1289E-02 8.0431E-02 9.1903E-02 1.0554E-01 1.1877E-01 1.3133E-01 1.4515E-01 1.6021E-01 1.7573E-01 1.8841E-01 1.9558E-01 1.9910E-01 1.9720E-01 1.9249E-01 1.8841E-01 1.8634E-01 1.8368E-01 1.7896E-01 1.7292E-01 1.6561E-01 1.5839E-01 1.5193E-01 1.4512E-01 1.3766E-01 1.2928E-01 1.1991E-01 1.1050E-01 1.0187E-01 9.4394E-02 8.7728E-02 8.1495E-02 7.5636E-02 7.0264E-02 6.5327E-02
7.4024E-03 9.1115E-03 1.0749E-02 1.2293E-02 1.3787E-02 1.5262E-02 1.6665E-02 1.8090E-02 1.9494E-02 2.0884E-02 2.2308E-02 2.3832E-02 2.5475E-02 2.7379E-02 2.9745E-02 3.2843E-02 3.6269E-02 3.9573E-02 4.2890E-02 4.6593E-02 5.0699E-02 5.5692E-02 6.2120E-02 6.9787E-02 7.8488E-02 8.9004E-02 1.0073E-01 1.1218E-01 1.2338E-01 1.3584E-01 1.4884E-01 1.6183E-01 1.7259E-01 1.7908E-01 1.8233E-01 1.8113E-01 1.7761E-01 1.7472E-01 1.7242E-01 1.6962E-01 1.6548E-01 1.6024E-01 1.5401E-01 1.4774E-01 1.4193E-01 1.3584E-01 1.2903E-01 1.2135E-01 1.1297E-01 1.0451E-01 9.6655E-02 8.9743E-02 8.3657E-02 7.8124E-02 7.2835E-02 6.7884E-02 6.3321E-02
7.4117E-03 9.1140E-03 1.0738E-02 1.2268E-02 1.3744E-02 1.5191E-02 1.6553E-02 1.7932E-02 1.9286E-02 2.0611E-02 2.1945E-02 2.3357E-02 2.4857E-02 2.6631E-02 2.8960E-02 3.2063E-02 3.5557E-02 3.8942E-02 4.2266E-02 4.5856E-02 4.9950E-02 5.4937E-02 6.1013E-02 6.8185E-02 7.6335E-02 8.5985E-02 9.5918E-02 1.0596E-01 1.1621E-01 1.2744E-01 1.3884E-01 1.4984E-01 1.5882E-01 1.6447E-01 1.6720E-01 1.6677E-01 1.6455E-01 1.6244E-01 1.6001E-01 1.5691E-01 1.5319E-01 1.4865E-01 1.4356E-01 1.3820E-01 1.3297E-01 1.2744E-01 1.2110E-01 1.1403E-01 1.0648E-01 9.8878E-02 9.1662E-02 8.5210E-02 7.9623E-02 7.4651E-02 6.9968E-02 6.5497E-02 6.1274E-02
7.4679E-03 9.1797E-03 1.0801E-02 1.2317E-02 1.3765E-02 1.5171E-02 1.6492E-02 1.7838E-02 1.9147E-02 2.0400E-02 2.1609E-02 2.2869E-02 2.4265E-02 2.6010E-02 2.8347E-02 3.1457E-02 3.4945E-02 3.8382E-02 4.1735E-02 4.5233E-02 4.9298E-02 5.4141E-02 5.9852E-02 6.6397E-02 7.3956E-02 8.2636E-02 9.1502E-02 1.0037E-01 1.0976E-01 1.1987E-01 1.2998E-01 1.3953E-01 1.4714E-01 1.5187E-01 1.5410E-01 1.5408E-01 1.5274E-01 1.5128E-01 1.4912E-01 1.4589E-01 1.4226E-01 1.3831E-01 1.3399E-01 1.2933E-01 1.2464E-01 1.1967E-01 1.1403E-01 1.0762E-01 1.0065E-01 9.3625E-02 8.6911E-02 8.0896E-02 7.5744E-02 7.1231E-02 6.7086E-02 6.3072E-02 5.9170E-02
7.5489E-03 9.2773E-03 1.0897E-02 1.2389E-02 1.3793E-02 1.5144E-02 1.6418E-02 1.7735E-02 1.8998E-02 2.0155E-02 2.1213E-02 2.2331E-02 2.3685E-02 2.5465E-02 2.7875E-02 3.1020E-02 3.4499E-02 3.7954E-02 4.1338E-02 4.4812E-02 4.8702E-02 5.3242E-02 5.8555E-02 6.4639E-02 7.1665E-02 7.9426E-02 8.7485E-02 9.5670E-02 1.0414E-01 1.1305E-01 1.2201E-01 1.3047E-01 1.3713E-01 1.4126E-01 1.4302E-01 1.4292E-01 1.4202E-01 1.4110E-01 1.3933E-01 1.3630E-01 1.3285E-01 1.2931E-01 1.2543E-01 1.2123E-01 1.1699E-01 1.1259E-01 1.0769E-01 1.0191E-01 9.5444E-02 8.8876E-02 8.2622E-02 7.7020E-02 7.2207E-02 6.8059E-02 6.4330E-02 6.0714E-02 5.7159E-02
7.6392E-03 9.3876E-03 1.1003E-02 1.2466E-02 1.3815E-02 1.5102E-02 1.6316E-02 1.7550E-02 1.8696E-02 1.9751E-02 2.0739E-02 2.1807E-02 2.3153E-02 2.4970E-02 2.7445E-02 3.0641E-02 3.4147E-02 3.7588E-02 4.0893E-02 4.4262E-02 4.8028E-02 5.2312E-02 5.7237E-02 6.2895E-02 6.9321E-02 7.6304E-02 8.3733E-02 9.1403E-02 9.9135E-02 1.0706E-01 1.1499E-01 1.2231E-01 1.2825E-01 1.3209E-01 1.3351E-01 1.3325E-01 1.3257E-01 1.3192E-01 1.3039E-01 1.2766E-01 1.2451E-01 1.2126E-01 1.1772E-01 1.1391E-01 1.1010E-01 1.0618E-01 1.0179E-01 9.6550E-02 9.0659E-02 8.4612E-02 7.8804E-02 7.3555E-02 6.9026E-02 6.5137E-02 6.1678E-02 5.8383E-02 5.5171E-02
7.7147E-03 9.4829E-03 1.1097E-02 1.2537E-02 1.3832E-02 1.5043E-02 1.6177E-02 1.7290E-02 1.8281E-02 1.9243E-02 2.0227E-02 2.1339E-02 2.2715E-02 2.4528E-02 2.6977E-02 3.0107E-02 3.3550E-02 3.6926E-02 4.0116E-02 4.3388E-02 4.7076E-02 5.1205E-02 5.5878E-02 6.1130E-02 6.6914E-02 7.3309E-02 8.0218E-02 8.7374E-02 9.4495E-02 1.0167E-01 1.0872E-01 1.1507E-01 1.2023E-01 1.2365E-01 1.2496E-01 1.2489E-01 1.2444E-01 1.2388E-01 1.2244E-01 1.1996E-01 1.1712E-01 1.1413E-01 1.1086E-01 1.0735E-01 1.0382E-01 1.0025E-01 9.6287E-02 9.1594E-02 8.6296E-02 8.0773E-02 7.5389E-02 7.0463E-02 6.6165E-02 6.2450E-02 5.9187E-02 5.6166E-02 5.3261E-02
7.7636E-03 9.5511E-03 1.1168E-02 1.2587E-02 1.3815E-02 1.4917E-02 1.5916E-02 1.6895E-02 1.7797E-02 1.8726E-02 1.9746E-02 2.0916E-02 2.2315E-02 2.4085E-02 2.6411E-02 2.9335E-02 3.2560E-02 3.5766E-02 3.8841E-02 4.1963E-02 4.5460E-02 4.9465E-02 5.3918E-02 5.8743E-02 6.4026E-02 7.0034E-02 7.6602E-02 8.3417E-02 8.9989E-02 9.6445E-02 1.0275E-01 1.0843E-01 1.1281E-01 1.1563E-01 1.1697E-01 1.1733E-01 1.1725E-01 1.1678E-01 1.1532E-01 1.1304E-01 1.1049E-01 1.0776E-01 1.0474E-01 1.0148E-01 9.8189E-02 9.4894E-02 9.1292E-02 8.7080E-02 8.2315E-02 7.7283E-02 7.2310E-02 6.7691E-02 6.3584E-02 6.0003E-02 5.6898E-02 5.4102E-02 5.1451E-02
7.7962E-03 9.5981E-03 1.1197E-02 1.2563E-02 1.3706E-02 1.4688E-02 1.5569E-02 1.6468E-02 1.7345E-02 1.8276E-02 1.9312E-02 2.0500E-02 2.1890E-02 2.3583E-02 2.5712E-02 2.8313E-02 3.1172E-02 3.4074E-02 3.6927E-02 3.9835E-02 4.3045E-02 4.6719E-02 5.0793E-02 5.5224E-02 6.0240E-02 6.6166E-02 7.2671E-02 7.9241E-02 8.5405E-02 9.1328E-02 9.7049E-02 1.0214E-01 1.0589E-01 1.0828E-01 1.0963E-01 1.1029E-01 1.1053E-01 1.1014E-01 1.0875E-01 1.0670E-01 1.0441E-01 1.0195E-01 9.9232E-02 9.6258E-02 9.3208E-02 9.0119E-02 8.6773E-02 8.2959E-02 7.8683E-02 7.4114E-02 6.9527E-02 6.5200E-02 6.1276E-02 5.7816E-02 5.4823E-02 5.2171E-02 4.9703E-02
7.8062E-03 9.6085E-03 1.1157E-02 1.2437E-02 1.3498E-02 1.4409E-02 1.5293E-02 1.6150E-02 1.7021E-02 1.7960E-02 1.8997E-02 2.0171E-02 2.1517E-02 2.3102E-02 2.4996E-02 2.7211E-02 2.9702E-02 3.2214E-02 3.4778E-02 3.7455E-02 4.0383E-02 4.3646E-02 4.7268E-02 5.1376E-02 5.6322E-02 6.2367E-02 6.8727E-02 7.5192E-02 8.1116E-02 8.6693E-02 9.1950E-02 9.6487E-02 9.9768E-02 1.0186E-01 1.0314E-01 1.0396E-01 1.0429E-01 1.0402E-01 1.0281E-01 1.0101E-01 9.8938E-02 9.6710E-02 9.4240E-02 9.1547E-02 8.8762E-02 8.5899E-02 8.2742E-02 7.9263E-02 7.5385E-02 7.1223E-02 6.6985E-02 6.2933E-02 5.9198E-02 5.5861E-02 5.2956E-02 5.0395E-02 4.8072E-02
7.7815E-03 9.5594E-03 1.1041E-02 1.2240E-02 1.3246E-02 1.4134E-02 1.4995E-02 1.5835E-02 1.6705E-02 1.7640E-02 1.8661E-02 1.9795E-02 2.1068E-02 2.2523E-02 2.4182E-02 2.6038E-02 2.8107E-02 3.0240E-02 3.2504E-02 3.4921E-02 3.7542E-02 4.0428E-02 4.3693E-02 4.7574E-02 5.2461E-02 5.8574E-02 6.5020E-02 7.1432E-02 7.7174E-02 8.2445E-02 8.7262E-02 9.1289E-02 9.4149E-02 9.5967E-02 9.7183E-02 9.8100E-02 9.8511E-02 9.8355E-02 9.7357E-02 9.5799E-02 9.3947E-02 9.1909E-02 8.9638E-02 8.7152E-02 8.4562E-02 8.1926E-02 7.9052E-02 7.5884E-02 7.2326E-02 6.8509E-02 6.4599E-02 6.0818E-02 5.7282E-02 5.4081E-02 5.1267E-02 4.8780E-02 4.6546E-02
7.7200E-03 9.4400E-03 1.0847E-02 1.2004E-02 1.2990E-02 1.3873E-02 1.4728E-02 1.5564E-02 1.6431E-02 1.7348E-02 1.8339E-02 1.9428E-02 2.0631E-02 2.1972E-02 2.3445E-02 2.5044E-02 2.6831E-02 2.8712E-02 3.0754E-02 3.2952E-02 3.5327E-02 3.7955E-02 4.1018E-02 4.4792E-02 4.9618E-02 5.5655E-02 6.2009E-02 6.8270E-02 7.3792E-02 7.8778E-02 8.3207E-02 8.6797E-02 8.9294E-02 9.0891E-02 9.2040E-02 9.2958E-02 9.3377E-02 9.3276E-02 9.2437E-02 9.1099E-02 8.9439E-02 8.7547E-02 8.5408E-02 8.3055E-02 8.0608E-02 7.8158E-02 7.5518E-02 7.2631E-02 6.9376E-02 6.5872E-02 6.2274E-02 5.8761E-02 5.5433E-02 5.2395E-02 4.9692E-02 4.7267E-02 4.5100E-02
7.6194E-03 9.2871E-03 1.0656E-02 1.1789E-02 1.2758E-02 1.3633E-02 1.4477E-02 1.5304E-02 1.6160E-02 1.7059E-02 1.8020E-02 1.9069E-02 2.0217E-02 2.1472E-02 2.2817E-02 2.4252E-02 2.5867E-02 2.7587E-02 2.9470E-02 3.1504E-02 3.3710E-02 3.6193E-02 3.9168E-02 4.2890E-02 4.7617E-02 5.3432E-02 5.9528E-02 6.5548E-02 7.0827E-02 7.5507E-02 7.9568E-02 8.2789E-02 8.5023E-02 8.6486E-02 8.7573E-02 8.8440E-02 8.8833E-02 8.8744E-02 8.8000E-02 8.6807E-02 8.5287E-02 8.3501E-02 8.1456E-02 7.9216E-02 7.6901E-02 7.4592E-02 7.2121E-02 6.9467E-02 6.6487E-02 6.3268E-02 5.9968E-02 5.6727E-02 5.3617E-02 5.0746E-02 4.8154E-02 4.5808E-02 4.3716E-02
7.4542E-03 9.0906E-03 1.0462E-02 1.1587E-02 1.2538E-02 1.3397E-02 1.4223E-02 1.5029E-02 1.5868E-02 1.6753E-02 1.7697E-02 1.8719E-02 1.9827E-02 2.1021E-02 2.2286E-02 2.3625E-02 2.5131E-02 2.6731E-02 2.8483E-02 3.0388E-02 3.2491E-02 3.4913E-02 3.7853E-02 4.1515E-02 4.6078E-02 5.1570E-02 5.7304E-02 6.3029E-02 6.8057E-02 7.2424E-02 7.6132E-02 7.9042E-02 8.1100E-02 8.2490E-02 8.3526E-02 8.4326E-02 8.4667E-02 8.4559E-02 8.3852E-02 8.2727E-02 8.1318E-02 7.9657E-02 7.7738E-02 7.5619E-02 7.3404E-02 7.1174E-02 6.8817E-02 6.6345E-02 6.3613E-02 6.0673E-02 5.7665E-02 5.4692E-02 5.1798E-02 4.9087E-02 4.6612E-02 4.4377E-02 4.2374E-02
7.3049E-03 8.9154E-03 1.0273E-02 1.1381E-02 1.2315E-02 1.3161E-02 1.3974E-02 1.4763E-02 1.5580E-02 1.6446E-02 1.7374E-02 1.8373E-02 1.9448E-02 2.0599E-02 2.1810E-02 2.3083E-02 2.4510E-02 2.6018E-02 2.7662E-02 2.9465E-02 3.1503E-02 3.3901E-02 3.6821E-02 4.0395E-02 4.4738E-02 4.9859E-02 5.5190E-02 6.0595E-02 6.5371E-02 6.9445E-02 7.2815E-02 7.5432E-02 7.7334E-02 7.8668E-02 7.9665E-02 8.0407E-02 8.0692E-02 8.0564E-02 7.9880E-02 7.8801E-02 7.7490E-02 7.5957E-02 7.4162E-02 7.2152E-02 7.0017E-02 6.7837E-02 6.5561E-02 6.3230E-02 6.0716E-02 5.8041E-02 5.5312E-02 5.2597E-02 4.9922E-02 4.7388E-02 4.5064E-02 4.2963E-02 4.1068E-02
7.1896E-03 8.7661E-03 1.0088E-02 1.1170E-02 1.2091E-02 1.2928E-02 1.3730E-02 1.4507E-02 1.5303E-02 1.6147E-02 1.7055E-02 1.8029E-02 1.9070E-02 2.0182E-02 2.1344E-02 2.2557E-02 2.3919E-02 2.5356E-02 2.6921E-02 2.8648E-02 3.0638E-02 3.3012E-02 3.5879E-02 3.9311E-02 4.3385E-02 4.8135E-02 5.3070E-02 5.8119E-02 6.2624E-02 6.6428E-02 6.9498E-02 7.1842E-02 7.3577E-02 7.4844E-02 7.5794E-02 7.6478E-02 7.6713E-02 7.6565E-02 7.5914E-02 7.4900E-02 7.3688E-02 7.2273E-02 7.0591E-02 6.8681E-02 6.6633E-02 6.4519E-02 6.2325E-02 6.0110E-02 5.7779E-02 5.5343E-02 5.2869E-02 5.0404E-02 4.7959E-02 4.5618E-02 4.3457E-02 4.1494E-02 3.9723E-02
7.0715E-03 8.6155E-03 9.9014E-03 1.0956E-02 1.1863E-02 1.2690E-02 1.3481E-02 1.4246E-02 1.5024E-02 1.5844E-02 1.6730E-02 1.7679E-02 1.8685E-02 1.9750E-02 2.0857E-02 2.2017E-02 2.3322E-02 2.4702E-02 2.6208E-02 2.7884E-02 2.9830E-02 3.2150E-02 3.4908E-02 3.8135E-02 4.1892E-02 4.6257E-02 5.0800E-02 5.5471E-02 5.9666E-02 6.3197E-02 6.6005E-02 6.8123E-02 6.9705E-02 7.0893E-02 7.1784E-02 7.2410E-02 7.2600E-02 7.2426E-02 7.1815E-02 7.0891E-02 6.9789E-02 6.8489E-02 6.6925E-02 6.5126E-02 6.3176E-02 6.1151E-02 5.9053E-02 5.6950E-02 5.4779E-02 5.2547E-02 5.0297E-02 4.8063E-02 4.5852E-02 4.3724E-02 4.1745E-02 3.9932E-02 3.8294E-02
6.9355E-03 8.4449E-03 9.6995E-03 1.0729E-02 1.1616E-02 1.2428E-02 1.3207E-02 1.3959E-02 1.4718E-02 1.5515E-02 1.6377E-02 1.7303E-02 1.8273E-02 1.9287E-02 2.0341E-02 2.1456E-02 2.2712E-02 2.4035E-02 2.5488E-02 2.7121E-02 2.9021E-02 3.1256E-02 3.3847E-02 3.6808E-02 4.0204E-02 4.4139E-02 4.8246E-02 5.2510E-02 5.6358E-02 5.9598E-02 6.2159E-02 6.4085E-02 6.5532E-02 6.6636E-02 6.7475E-02 6.8063E-02 6.8237E-02 6.8075E-02 6.7530E-02 6.6711E-02 6.5721E-02 6.4535E-02 6.3093E-02 6.1412E-02 5.9570E-02 5.7654E-02 5.5669E-02 5.3691E-02 5.1671E-02 4.9615E-02 4.7556E-02 4.5527E-02 4.3539E-02 4.1633E-02 3.9854E-02 3.8212E-02 3.6719E-02
6.7854E-03 8.2584E-03 9.4826E-03 1.0485E-02 1.1347E-02 1.2135E-02 1.2894E-02 1.3623E-02 1.4361E-02 1.5133E-02 1.5964E-02 1.6858E-02 1.7792E-02 1.8759E-02 1.9769E-02 2.0846E-02 2.2052E-02 2.3311E-02 2.4700E-02 2.6279E-02 2.8111E-02 3.0224E-02 3.2608E-02 3.5267E-02 3.8275E-02 4.1732E-02 4.5353E-02 4.9151E-02 5.2601E-02 5.5517E-02 5.7831E-02 5.9585E-02 6.0916E-02 6.1956E-02 6.2770E-02 6.3357E-02 6.3566E-02 6.3484E-02 6.3047E-02 6.2335E-02 6.1436E-02 6.0343E-02 5.9013E-02 5.7449E-02 5.5726E-02 5.3938E-02 5.2091E-02 5.0257E-02 4.8390E-02 4.6495E-02 4.4614E-02 4.2778E-02 4.0998E-02 3.9307E-02 3.7731E-02 3.6277E-02 3.4947E-02
