20231023_webinar_progetto_murano/refs/data_input_report_tx_finale/lapost_grid/annual.grd
ncols        81
nrows        81
xllcorner      7.602250000E+05
yllcorner      5.036725000E+06
cellsize      5.000000000E+01
nodata_value         -9
[rows 25 to 49 of 81, columns 0 to 56 of 81]
4.4950E-03 5.5099E-03 6.4502E-03 7.2935E-03 8.0629E-03 8.7967E-03 9.4964E-03 1.0166E-02 1.0835E-02 1.1556E-02 1.2388E-02 1.3352E-02 1.4490E-02 1.5793E-02 1.7276E-02 1.9001E-02 2.0999E-02 2.3176E-02 2.5539E-02 2.8222E-02 3.1468E-02 3.4740E-02 3.7738E-02 4.0270E-02 4.2896E-02 4.7885E-02 5.6487E-02 6.1640E-02 7.0564E-02 8.6835E-02 1.1643E-01 1.5118E-01 1.4892E-01 1.4643E-01 1.3673E-01 1.3413E-01 1.1790E-01 1.1666E-01 1.2825E-01 1.6971E-01 4.4730E-01 3.8538E-01 1.8219E-01 1.7868E-01 2.4242E-01 4.8252E-01 6.1591E-01 3.9825E-01 3.6521E-01 2.5177E-01 1.7991E-01 1.3023E-01 1.1006E-01 9.1374E-02 7.1843E-02 5.8878E-02 5.1410E-02
4.5806E-03 5.6213E-03 6.5838E-03 7.4418E-03 8.2122E-03 8.9401E-03 9.6460E-03 1.0337E-02 1.1021E-02 1.1745E-02 1.2574E-02 1.3532E-02 1.4642E-02 1.5945E-02 1.7402E-02 1.9060E-02 2.1068E-02 2.3387E-02 2.6030E-02 2.9047E-02 3.2632E-02 3.6345E-02 4.0102E-02 4.3723E-02 4.6551E-02 5.1333E-02 6.0311E-02 6.7032E-02 7.5136E-02 9.1912E-02 1.2125E-01 1.9139E-01 1.9210E-01 2.4444E-01 2.1345E-01 1.6995E-01 1.3164E-01 1.3048E-01 1.4948E-01 2.1659E-01 6.2203E-01 3.7219E-01 2.0716E-01 2.1443E-01 2.8486E-01 4.8566E-01 1.4736E+00 7.9443E-01 4.4023E-01 3.4301E-01 2.2786E-01 1.6738E-01 1.3304E-01 1.0134E-01 8.4406E-02 7.2860E-02 6.6186E-02
4.6862E-03 5.7629E-03 6.7543E-03 7.6246E-03 8.3879E-03 9.1013E-03 9.8064E-03 1.0520E-02 1.1237E-02 1.2014E-02 1.2903E-02 1.3894E-02 1.4986E-02 1.6228E-02 1.7655E-02 1.9369E-02 2.1440E-02 2.3726E-02 2.6546E-02 3.0002E-02 3.3786E-02 3.7953E-02 4.2569E-02 4.7759E-02 5.2277E-02 5.7304E-02 6.6048E-02 7.5682E-02 8.4547E-02 1.0269E-01 1.3806E-01 2.1796E-01 6.1908E-01 3.6008E-01 4.0130E-01 2.0179E-01 1.6048E-01 1.5695E-01 1.7008E-01 2.2194E-01 3.4089E-01 2.7843E-01 2.0102E-01 2.2931E-01 3.3317E-01 6.4134E-01 2.9772E+00 2.4386E+00 7.2168E-01 5.7108E-01 4.5510E-01 2.7265E-01 1.9054E-01 1.4992E-01 1.1759E-01 9.6252E-02 8.4290E-02
4.8000E-03 5.9164E-03 6.9388E-03 7.8259E-03 8.5966E-03 9.3146E-03 1.0026E-02 1.0759E-02 1.1534E-02 1.2389E-02 1.3350E-02 1.4388E-02 1.5499E-02 1.6730E-02 1.8190E-02 1.9985E-02 2.2091E-02 2.4443E-02 2.7237E-02 3.0491E-02 3.4709E-02 3.9399E-02 4.4528E-02 5.0913E-02 5.8394E-02 6.5407E-02 7.4011E-02 8.6814E-02 9.7688E-02 1.1670E-01 1.5915E-01 2.7013E-01 5.6402E-01 3.6879E-01 7.8325E-01 2.8010E-01 2.0403E-01 1.8447E-01 1.8534E-01 2.0832E-01 2.5185E-01 2.3470E-01 2.0788E-01 2.4945E-01 4.0358E-01 9.2966E-01 3.5231E+00 1.8254E+00 8.4259E-01 7.1364E-01 3.2043E+00 4.6445E-01 2.6923E-01 1.9895E-01 1.5491E-01 1.2411E-01 1.0557E-01
4.9141E-03 6.0707E-03 7.1259E-03 8.0398E-03 8.8372E-03 9.5797E-03 1.0309E-02 1.1066E-02 1.1896E-02 1.2808E-02 1.3786E-02 1.4844E-02 1.6022E-02 1.7346E-02 1.8891E-02 2.0682E-02 2.2756E-02 2.5141E-02 2.8033E-02 3.1239E-02 3.5431E-02 4.0358E-02 4.6349E-02 5.3361E-02 6.1902E-02 7.1865E-02 8.1264E-02 9.5256E-02 1.0968E-01 1.2621E-01 1.6460E-01 2.5464E-01 4.0690E-01 4.8650E-01 1.3251E+00 4.0429E-01 2.6728E-01 2.1467E-01 2.1048E-01 2.1929E-01 2.3828E-01 2.3397E-01 2.2991E-01 2.8132E-01 4.2266E-01 9.1123E-01 2.1858E+00 1.4182E+00 7.8609E-01 1.0409E+00 9.0630E-01 4.3072E-01 2.5552E-01 1.8274E-01 1.4779E-01 1.2299E-01 1.0393E-01
5.0266E-03 6.2203E-03 7.3038E-03 8.2425E-03 9.0667E-03 9.8359E-03 1.0593E-02 1.1382E-02 1.2249E-02 1.3191E-02 1.4177E-02 1.5238E-02 1.6453E-02 1.7897E-02 1.9565E-02 2.1255E-02 2.3206E-02 2.5537E-02 2.8365E-02 3.1961E-02 3.6096E-02 4.1177E-02 4.8075E-02 5.6414E-02 6.6858E-02 8.0688E-02 9.2733E-02 1.0757E-01 1.2451E-01 1.3858E-01 1.7133E-01 2.2690E-01 3.2526E-01 5.0773E-01 9.0095E-01 4.8711E-01 2.8848E-01 2.2582E-01 2.3517E-01 2.5409E-01 2.5821E-01 2.4510E-01 2.4340E-01 2.8517E-01 4.0190E-01 7.4648E-01 1.5340E+00 1.1200E+00 7.9772E-01 8.0063E-01 6.4716E-01 4.0524E-01 2.5879E-01 1.8675E-01 1.4355E-01 1.1614E-01 1.0012E-01
5.1288E-03 6.3543E-03 7.4598E-03 8.4155E-03 9.2566E-03 1.0043E-02 1.0826E-02 1.1655E-02 1.2561E-02 1.3520E-02 1.4508E-02 1.5564E-02 1.6788E-02 1.8297E-02 2.0031E-02 2.1734E-02 2.3644E-02 2.5999E-02 2.8903E-02 3.2769E-02 3.6881E-02 4.1969E-02 4.9635E-02 5.8713E-02 6.9569E-02 8.6707E-02 1.0553E-01 1.2501E-01 1.4409E-01 1.5376E-01 1.8075E-01 2.2629E-01 3.1003E-01 4.5361E-01 1.0441E+00 7.3537E-01 3.5183E-01 2.5626E-01 2.4743E-01 3.5005E-01 2.8357E-01 2.4962E-01 2.4868E-01 2.8779E-01 3.8404E-01 5.9631E-01 1.1680E+00 9.2690E-01 7.2253E-01 6.3587E-01 5.4742E-01 3.7005E-01 2.4571E-01 1.8461E-01 1.4323E-01 1.1462E-01 9.9172E-02
5.2100E-03 6.4643E-03 7.5948E-03 8.5713E-03 9.4291E-03 1.0227E-02 1.1031E-02 1.1880E-02 1.2795E-02 1.3763E-02 1.4779E-02 1.5874E-02 1.7149E-02 1.8655E-02 2.0351E-02 2.2206E-02 2.4287E-02 2.6715E-02 2.9638E-02 3.3552E-02 3.7889E-02 4.3219E-02 5.0670E-02 5.8780E-02 7.0121E-02 8.7420E-02 1.1438E-01 1.4721E-01 1.7466E-01 1.7474E-01 1.9902E-01 2.5050E-01 3.1570E-01 4.6218E-01 1.4922E+00 9.5835E-01 4.5712E-01 3.2491E-01 3.0000E-01 4.1766E-01 3.7700E-01 2.7972E-01 2.6458E-01 2.9272E-01 3.8246E-01 5.3315E-01 9.3569E-01 7.6112E-01 6.5297E-01 5.4603E-01 4.6740E-01 3.4313E-01 2.4488E-01 1.8256E-01 1.4197E-01 1.1782E-01 1.0066E-01
5.2682E-03 6.5475E-03 7.7121E-03 8.7226E-03 9.6052E-03 1.0418E-02 1.1236E-02 1.2086E-02 1.2987E-02 1.3966E-02 1.5050E-02 1.6205E-02 1.7458E-02 1.8941E-02 2.0690E-02 2.2638E-02 2.4920E-02 2.7499E-02 3.0458E-02 3.4522E-02 3.9223E-02 4.4689E-02 5.1330E-02 5.9655E-02 7.0083E-02 8.6038E-02 1.1085E-01 1.6160E-01 2.4915E-01 2.1343E-01 2.3940E-01 2.8225E-01 3.5054E-01 5.1963E-01 9.9276E-01 8.1476E-01 4.4563E-01 3.5476E-01 3.5161E-01 4.9152E-01 4.5883E-01 3.1894E-01 2.9036E-01 3.1227E-01 3.7915E-01 5.8289E-01 7.9443E-01 6.5721E-01 5.7906E-01 4.8409E-01 4.0506E-01 3.0541E-01 2.3770E-01 1.7961E-01 1.4167E-01 1.1729E-01 1.0163E-01
5.3205E-03 6.6259E-03 7.8312E-03 8.8823E-03 9.7896E-03 1.0615E-02 1.1433E-02 1.2276E-02 1.3180E-02 1.4177E-02 1.5304E-02 1.6500E-02 1.7772E-02 1.9276E-02 2.1029E-02 2.3000E-02 2.5339E-02 2.8024E-02 3.1302E-02 3.5643E-02 4.0218E-02 4.6240E-02 5.2972E-02 6.0665E-02 7.1428E-02 8.7295E-02 1.1098E-01 1.4535E-01 2.7404E-01 3.9167E-01 2.8128E-01 2.9014E-01 3.9002E-01 5.6094E-01 7.3090E-01 7.2882E-01 4.5405E-01 3.6161E-01 3.9524E-01 4.7626E-01 4.6735E-01 3.8146E-01 3.2748E-01 3.4428E-01 4.1027E-01 7.6030E-01 8.9820E-01 6.4029E-01 5.1516E-01 4.3553E-01 3.6348E-01 2.7734E-01 2.2259E-01 1.7603E-01 1.3930E-01 1.1618E-01 1.0006E-01
5.3845E-03 6.7193E-03 7.9601E-03 9.0441E-03 9.9683E-03 1.0799E-02 1.1619E-02 1.2481E-02 1.3423E-02 1.4438E-02 1.5543E-02 1.6753E-02 1.8098E-02 1.9667E-02 2.1422E-02 2.3446E-02 2.5965E-02 2.8768E-02 3.2147E-02 3.6323E-02 4.1196E-02 4.7778E-02 5.5787E-02 6.3824E-02 7.5740E-02 9.4702E-02 1.2141E-01 1.6875E-01 3.3270E-01 1.3668E+00 3.9256E-01 3.5931E-01 4.3776E-01 5.2579E-01 7.1345E-01 9.1506E-01 6.2493E-01 4.0902E-01 4.3262E-01 5.7513E-01 5.6114E-01 4.5729E-01 4.1314E-01 3.6239E-01 4.2372E-01 8.4061E-01 1.3323E+00 6.2655E-01 4.8628E-01 4.1686E-01 3.4589E-01 2.6568E-01 2.1582E-01 1.7422E-01 1.3819E-01 1.1555E-01 9.8929E-02
5.4637E-03 6.8264E-03 8.0900E-03 9.1976E-03 1.0146E-02 1.0998E-02 1.1842E-02 1.2751E-02 1.3750E-02 1.4804E-02 1.5893E-02 1.7102E-02 1.8501E-02 2.0154E-02 2.1973E-02 2.4013E-02 2.6695E-02 2.9750E-02 3.3360E-02 3.7534E-02 4.2793E-02 4.9701E-02 5.7607E-02 6.8326E-02 8.2995E-02 1.0338E-01 1.3833E-01 2.0314E-01 3.9240E-01 7.3971E-01 3.9727E-01 4.1198E-01 5.6712E-01 1.2866E+00 9.6306E-01 9.6046E-01 6.8131E-01 4.5639E-01 4.3951E-01 6.1961E-01 9.6746E-01 6.5647E-01 4.6618E-01 3.8642E-01 4.8653E-01 7.3917E-01 8.0217E-01 5.7030E-01 4.5356E-01 3.9046E-01 3.2448E-01 2.5295E-01 2.0567E-01 1.7185E-01 1.3976E-01 1.1507E-01 9.9023E-02
5.5520E-03 6.9415E-03 8.2224E-03 9.3519E-03 1.0342E-02 1.1246E-02 1.2141E-02 1.3103E-02 1.4157E-02 1.5264E-02 1.6401E-02 1.7656E-02 1.9077E-02 2.0693E-02 2.2590E-02 2.4846E-02 2.7692E-02 3.0793E-02 3.4523E-02 3.9211E-02 4.4735E-02 5.2335E-02 6.0943E-02 7.2226E-02 8.8336E-02 1.1029E-01 1.4653E-01 2.1045E-01 3.1292E-01 5.1475E-01 4.2442E-01 4.4456E-01 6.1045E-01 9.5443E-01 9.4500E-01 8.2334E-01 6.2140E-01 4.8898E-01 4.6652E-01 6.3309E-01 2.8021E+00 1.2239E+00 5.8742E-01 4.4629E-01 4.8168E-01 1.3725E+00 7.0882E-01 5.2608E-01 4.3172E-01 3.6869E-01 3.0789E-01 2.4516E-01 1.9811E-01 1.6563E-01 1.3824E-01 1.1688E-01 1.0137E-01
5.6518E-03 7.0737E-03 8.3815E-03 9.5422E-03 1.0582E-02 1.1546E-02 1.2486E-02 1.3477E-02 1.4567E-02 1.5726E-02 1.6940E-02 1.8248E-02 1.9722E-02 2.1432E-02 2.3515E-02 2.6016E-02 2.8864E-02 3.1998E-02 3.6149E-02 4.1138E-02 4.7177E-02 5.5511E-02 6.5157E-02 7.5810E-02 9.1234E-02 1.1530E-01 1.5066E-01 2.0407E-01 2.8181E-01 4.1701E-01 4.2122E-01 4.9240E-01 6.3857E-01 8.5273E-01 1.0571E+00 9.5005E-01 6.0779E-01 4.9996E-01 5.1686E-01 8.2147E-01 2.7432E+00 1.3402E+00 7.0983E-01 5.2225E-01 5.0566E-01 6.9557E-01 6.1245E-01 4.7973E-01 4.0994E-01 3.5274E-01 2.9234E-01 2.3601E-01 1.9361E-01 1.6158E-01 1.3678E-01 1.1603E-01 1.0045E-01
5.7631E-03 7.2250E-03 8.5762E-03 9.7777E-03 1.0854E-02 1.1848E-02 1.2803E-02 1.3792E-02 1.4880E-02 1.6044E-02 1.7324E-02 1.8741E-02 2.0329E-02 2.2155E-02 2.4394E-02 2.7118E-02 3.0046E-02 3.3626E-02 3.7944E-02 4.3111E-02 4.9774E-02 5.7817E-02 6.7983E-02 7.8585E-02 9.4856E-02 1.1823E-01 1.4942E-01 1.8866E-01 2.6757E-01 3.7884E-01 4.3572E-01 5.5413E-01 7.2302E-01 8.9061E-01 1.2381E+00 1.5114E+00 7.7775E-01 5.6903E-01 5.5174E-01 8.5872E-01 1.6178E+00 1.1211E+00 6.4505E-01 5.1083E-01 4.8504E-01 5.3474E-01 5.3090E-01 4.4168E-01 3.8278E-01 3.3504E-01 2.8155E-01 2.2949E-01 1.8788E-01 1.5793E-01 1.3549E-01 1.1570E-01 1.0072E-01
5.8727E-03 7.3700E-03 8.7661E-03 1.0004E-02 1.1099E-02 1.2101E-02 1.3052E-02 1.4031E-02 1.5109E-02 1.6276E-02 1.7584E-02 1.9142E-02 2.0880E-02 2.2816E-02 2.5049E-02 2.7860E-02 3.1101E-02 3.5027E-02 3.9364E-02 4.4780E-02 5.1297E-02 5.9040E-02 6.8642E-02 8.1393E-02 9.6551E-02 1.1899E-01 1.4494E-01 1.7779E-01 2.5262E-01 3.4974E-01 4.7266E-01 6.2288E-01 9.6746E-01 1.2345E+00 1.7379E+00 1.3786E+00 7.6419E-01 5.7850E-01 5.7300E-01 7.6327E-01 1.0460E+00 8.6376E-01 5.5399E-01 4.5622E-01 4.2151E-01 4.5708E-01 4.6869E-01 4.1055E-01 3.5540E-01 3.1085E-01 2.6701E-01 2.2019E-01 1.8241E-01 1.5487E-01 1.3376E-01 1.1555E-01 1.0116E-01
5.9715E-03 7.4897E-03 8.9109E-03 1.0169E-02 1.1280E-02 1.2301E-02 1.3278E-02 1.4281E-02 1.5376E-02 1.6579E-02 1.7938E-02 1.9574E-02 2.1380E-02 2.3444E-02 2.5706E-02 2.8381E-02 3.1785E-02 3.5727E-02 4.0156E-02 4.5139E-02 5.1632E-02 5.9431E-02 6.8866E-02 8.1272E-02 9.6326E-02 1.1556E-01 1.3847E-01 1.7442E-01 2.4496E-01 3.3394E-01 4.6904E-01 7.5241E-01 1.0969E+00 2.5481E+00 1.9867E+00 1.1634E+00 7.0274E-01 5.9790E-01 5.7065E-01 6.6330E-01 7.8235E-01 6.9227E-01 5.1316E-01 4.1145E-01 3.8110E-01 3.9645E-01 4.0823E-01 3.7951E-01 3.3575E-01 2.9503E-01 2.5266E-01 2.1142E-01 1.7845E-01 1.5219E-01 1.3114E-01 1.1440E-01 1.0058E-01
6.0558E-03 7.5928E-03 9.0328E-03 1.0313E-02 1.1451E-02 1.2503E-02 1.3518E-02 1.4569E-02 1.5721E-02 1.6990E-02 1.8385E-02 1.9995E-02 2.1820E-02 2.3967E-02 2.6363E-02 2.9063E-02 3.2456E-02 3.6232E-02 4.0614E-02 4.5835E-02 5.2172E-02 6.0159E-02 7.0537E-02 8.2924E-02 9.7448E-02 1.1641E-01 1.4013E-01 1.8029E-01 2.5085E-01 3.3751E-01 4.7491E-01 7.6780E-01 1.3252E+00 5.0190E+00 1.9047E+00 1.0646E+00 6.9237E-01 5.8432E-01 5.6126E-01 6.2602E-01 6.6240E-01 5.9414E-01 4.7492E-01 3.8331E-01 3.5189E-01 3.5593E-01 3.6049E-01 3.4391E-01 3.1398E-01 2.8221E-01 2.4427E-01 2.0640E-01 1.7557E-01 1.4972E-01 1.2897E-01 1.1271E-01 9.9057E-02
6.1472E-03 7.7120E-03 9.1761E-03 1.0487E-02 1.1673E-02 1.2767E-02 1.3815E-02 1.4901E-02 1.6120E-02 1.7469E-02 1.8892E-02 2.0494E-02 2.2399E-02 2.4567E-02 2.7047E-02 2.9939E-02 3.3321E-02 3.7115E-02 4.1486E-02 4.7216E-02 5.3576E-02 6.2088E-02 7.3001E-02 8.5245E-02 9.9410E-02 1.1906E-01 1.4442E-01 1.8514E-01 2.5136E-01 3.4643E-01 5.1769E-01 1.2458E+00 1.5848E+00 2.5749E+00 1.5386E+00 9.4015E-01 6.4912E-01 6.0673E-01 6.8874E-01 5.9343E-01 5.9084E-01 5.2764E-01 4.4139E-01 3.6931E-01 3.3398E-01 3.3470E-01 3.2956E-01 3.1409E-01 2.9355E-01 2.6428E-01 2.3247E-01 2.0148E-01 1.7343E-01 1.4847E-01 1.2792E-01 1.1172E-01 9.7900E-02
6.2634E-03 7.8620E-03 9.3546E-03 1.0696E-02 1.1922E-02 1.3050E-02 1.4134E-02 1.5267E-02 1.6548E-02 1.7958E-02 1.9442E-02 2.1088E-02 2.3127E-02 2.5483E-02 2.7901E-02 3.0723E-02 3.4107E-02 3.7991E-02 4.2592E-02 4.8241E-02 5.4994E-02 6.3911E-02 7.4782E-02 8.6631E-02 1.0100E-01 1.2226E-01 1.4985E-01 1.9219E-01 2.5783E-01 3.4125E-01 4.9428E-01 8.7573E-01 1.2306E+00 1.4690E+00 1.1623E+00 7.9815E-01 6.0970E-01 5.6914E-01 5.8704E-01 5.4754E-01 5.3746E-01 4.9239E-01 4.2635E-01 3.7491E-01 3.3262E-01 3.2921E-01 3.1302E-01 2.9215E-01 2.7420E-01 2.4954E-01 2.2085E-01 1.9299E-01 1.6798E-01 1.4576E-01 1.2702E-01 1.1164E-01 9.8112E-02
6.4021E-03 8.0342E-03 9.5581E-03 1.0926E-02 1.2167E-02 1.3321E-02 1.4448E-02 1.5656E-02 1.7001E-02 1.8456E-02 2.0006E-02 2.1726E-02 2.3804E-02 2.6182E-02 2.8610E-02 3.1326E-02 3.4753E-02 3.8800E-02 4.3588E-02 4.9299E-02 5.6858E-02 6.5646E-02 7.5908E-02 8.8526E-02 1.0426E-01 1.2517E-01 1.5189E-01 1.9043E-01 2.4676E-01 3.1223E-01 4.4345E-01 6.6691E-01 8.8274E-01 1.0145E+00 8.9986E-01 7.0180E-01 5.8086E-01 5.3373E-01 5.3846E-01 5.1859E-01 5.1114E-01 4.6720E-01 4.0583E-01 3.6796E-01 3.2939E-01 3.1302E-01 2.9892E-01 2.7774E-01 2.5726E-01 2.3346E-01 2.0882E-01 1.8388E-01 1.6106E-01 1.4132E-01 1.2487E-01 1.1114E-01 9.8622E-02
6.5431E-03 8.2027E-03 9.7573E-03 1.1152E-02 1.2406E-02 1.3590E-02 1.4783E-02 1.6071E-02 1.7456E-02 1.8935E-02 2.0532E-02 2.2323E-02 2.4414E-02 2.6728E-02 2.9117E-02 3.1837E-02 3.5359E-02 3.9451E-02 4.4424E-02 5.0637E-02 5.8438E-02 6.7206E-02 7.7401E-02 9.0448E-02 1.0737E-01 1.2761E-01 1.5362E-01 1.8860E-01 2.3368E-01 2.9802E-01 4.0531E-01 5.5632E-01 6.8698E-01 7.8326E-01 7.4239E-01 6.2109E-01 5.4013E-01 4.9083E-01 4.8509E-01 4.7955E-01 4.6571E-01 4.3234E-01 3.8151E-01 3.4437E-01 3.1392E-01 2.9356E-01 2.8202E-01 2.6427E-01 2.4184E-01 2.1886E-01 1.9565E-01 1.7380E-01 1.5380E-01 1.3629E-01 1.2123E-01 1.0845E-01 9.7245E-02
6.6894E-03 8.3722E-03 9.9533E-03 1.1388E-02 1.2695E-02 1.3936E-02 1.5185E-02 1.6524E-02 1.7931E-02 1.9434E-02 2.1074E-02 2.2866E-02 2.4933E-02 2.7277E-02 2.9746E-02 3.2550E-02 3.6166E-02 4.0416E-02 4.5652E-02 5.2021E-02 5.9696E-02 6.8441E-02 7.8505E-02 9.1275E-02 1.0813E-01 1.2828E-01 1.5211E-01 1.8288E-01 2.2491E-01 2.8353E-01 3.7156E-01 4.8299E-01 5.7954E-01 6.4632E-01 6.3106E-01 5.5054E-01 4.9334E-01 4.5861E-01 4.4010E-01 4.3810E-01 4.3090E-01 4.0388E-01 3.6076E-01 3.2747E-01 3.0308E-01 2.8037E-01 2.6363E-01 2.4793E-01 2.2649E-01 2.0438E-01 1.8296E-01 1.6337E-01 1.4583E-01 1.3031E-01 1.1645E-01 1.0442E-01 9.4310E-02
6.8515E-03 8.5613E-03 1.0172E-02 1.1661E-02 1.3044E-02 1.4346E-02 1.5620E-02 1.6986E-02 1.8418E-02 1.9940E-02 2.1628E-02 2.3422E-02 2.5481E-02 2.7883E-02 3.0504E-02 3.3531E-02 3.7312E-02 4.1760E-02 4.6963E-02 5.3131E-02 6.0572E-02 6.9203E-02 7.9212E-02 9.0992E-02 1.0678E-01 1.2616E-01 1.4659E-01 1.7680E-01 2.1614E-01 2.6868E-01 3.4175E-01 4.1491E-01 4.9098E-01 5.4024E-01 5.3423E-01 4.8374E-01 4.4082E-01 4.1751E-01 4.0095E-01 3.9961E-01 3.9173E-01 3.7285E-01 3.3746E-01 3.0648E-01 2.8454E-01 2.6366E-01 2.4591E-01 2.3085E-01 2.1126E-01 1.8991E-01 1.7038E-01 1.5266E-01 1.3687E-01 1.2309E-01 1.1089E-01 1.0018E-01 9.0994E-02
7.0422E-03 8.7912E-03 1.0441E-02 1.1982E-02 1.3433E-02 1.4798E-02 1.6112E-02 1.7507E-02 1.8986E-02 2.0546E-02 2.2257E-02 2.4083E-02 2.6187E-02 2.8636E-02 3.1368E-02 3.4534E-02 3.8385E-02 4.2811E-02 4.7787E-02 5.3821E-02 6.0938E-02 6.8917E-02 7.8304E-02 8.9670E-02 1.0322E-01 1.1979E-01 1.4033E-01 1.6975E-01 2.0676E-01 2.5400E-01 3.0608E-01 3.6739E-01 4.2449E-01 4.5887E-01 4.6008E-01 4.2623E-01 3.9151E-01 3.7364E-01 3.6448E-01 3.6036E-01 3.5064E-01 3.3473E-01 3.0816E-01 2.8347E-01 2.6345E-01 2.4552E-01 2.2876E-01 2.1330E-01 1.9568E-01 1.7650E-01 1.5815E-01 1.4187E-01 1.2782E-01 1.1567E-01 1.0496E-01 9.5519E-02 8.7225E-02
