20231023_webinar_progetto_murano/refs/data_input_report_tx_finale/lapost_grid/annual.grd
ncols        81
nrows        81
xllcorner      7.602250000E+05
yllcorner      5.036725000E+06
cellsize      5.000000000E+01
nodata_value         -9
[rows 0 to 24 of 81, columns 0 to 56 of 81]
2.2457E-03 2.7131E-03 3.1718E-03 3.6048E-03 4.0087E-03 4.3813E-03 4.7243E-03 5.0393E-03 5.3238E-03 5.5805E-03 5.8159E-03 6.0386E-03 6.2535E-03 6.4637E-03 6.6684E-03 6.8721E-03 7.0708E-03 7.2568E-03 7.4254E-03 7.5995E-03 7.8024E-03 8.0341E-03 8.2783E-03 8.5236E-03 8.7565E-03 8.9605E-03 9.1407E-03 9.3053E-03 9.4645E-03 9.6194E-03 9.7691E-03 9.9035E-03 9.9990E-03 1.0058E-02 1.0126E-02 1.0241E-02 1.0406E-02 1.0543E-02 1.0590E-02 1.0555E-02 1.0480E-02 1.0445E-02 1.0503E-02 1.0634E-02 1.0754E-02 1.0768E-02 1.0631E-02 1.0346E-02 9.9499E-03 9.4565E-03 8.9109E-03 8.3751E-03 7.8861E-03 7.4786E-03 7.1449E-03 6.8503E-03 6.5910E-03
2.6505E-03 3.2122E-03 3.7624E-03 4.2808E-03 4.7650E-03 5.2139E-03 5.6322E-03 6.0215E-03 6.3770E-03 6.7000E-03 7.0006E-03 7.2902E-03 7.5729E-03 7.8522E-03 8.1257E-03 8.3969E-03 8.6614E-03 8.9055E-03 9.1191E-03 9.3326E-03 9.5827E-03 9.8779E-03 1.0201E-02 1.0535E-02 1.0852E-02 1.1130E-02 1.1373E-02 1.1592E-02 1.1804E-02 1.2011E-02 1.2213E-02 1.2390E-02 1.2515E-02 1.2602E-02 1.2717E-02 1.2902E-02 1.3158E-02 1.3376E-02 1.3452E-02 1.3391E-02 1.3272E-02 1.3228E-02 1.3327E-02 1.3538E-02 1.3744E-02 1.3803E-02 1.3659E-02 1.3318E-02 1.2810E-02 1.2149E-02 1.1417E-02 1.0716E-02 1.0098E-02 9.5612E-03 9.1027E-03 8.6961E-03 8.3377E-03
3.0144E-03 3.6600E-03 4.2907E-03 4.8838E-03 5.4374E-03 5.9515E-03 6.4353E-03 6.8912E-03 7.3126E-03 7.6976E-03 8.0606E-03 8.4154E-03 8.7645E-03 9.1125E-03 9.4537E-03 9.7887E-03 1.0114E-02 1.0414E-02 1.0674E-02 1.0923E-02 1.1208E-02 1.1556E-02 1.1953E-02 1.2369E-02 1.2767E-02 1.3127E-02 1.3445E-02 1.3724E-02 1.3977E-02 1.4219E-02 1.4463E-02 1.4685E-02 1.4850E-02 1.4968E-02 1.5119E-02 1.5357E-02 1.5698E-02 1.5993E-02 1.6084E-02 1.5972E-02 1.5798E-02 1.5741E-02 1.5869E-02 1.6142E-02 1.6426E-02 1.6542E-02 1.6420E-02 1.6048E-02 1.5438E-02 1.4609E-02 1.3684E-02 1.2831E-02 1.2092E-02 1.1437E-02 1.0868E-02 1.0369E-02 9.9275E-03
3.3225E-03 4.0378E-03 4.7350E-03 5.3890E-03 5.9977E-03 6.5625E-03 7.0978E-03 7.6077E-03 8.0866E-03 8.5291E-03 8.9510E-03 9.3667E-03 9.7766E-03 1.0187E-02 1.0591E-02 1.0987E-02 1.1368E-02 1.1721E-02 1.2031E-02 1.2319E-02 1.2638E-02 1.3024E-02 1.3471E-02 1.3951E-02 1.4431E-02 1.4884E-02 1.5285E-02 1.5630E-02 1.5918E-02 1.6174E-02 1.6451E-02 1.6732E-02 1.6953E-02 1.7094E-02 1.7247E-02 1.7515E-02 1.7928E-02 1.8292E-02 1.8389E-02 1.8215E-02 1.7980E-02 1.7904E-02 1.8053E-02 1.8381E-02 1.8740E-02 1.8931E-02 1.8851E-02 1.8456E-02 1.7749E-02 1.6766E-02 1.5664E-02 1.4665E-02 1.3828E-02 1.3054E-02 1.2384E-02 1.1807E-02 1.1294E-02
3.5697E-03 4.3398E-03 5.0879E-03 5.7871E-03 6.4362E-03 7.0381E-03 7.6105E-03 8.1599E-03 8.6858E-03 9.1846E-03 9.6674E-03 1.0143E-02 1.0606E-02 1.1067E-02 1.1526E-02 1.1983E-02 1.2424E-02 1.2833E-02 1.3201E-02 1.3540E-02 1.3896E-02 1.4306E-02 1.4776E-02 1.5303E-02 1.5862E-02 1.6407E-02 1.6899E-02 1.7307E-02 1.7625E-02 1.7903E-02 1.8218E-02 1.8556E-02 1.8835E-02 1.9005E-02 1.9150E-02 1.9418E-02 1.9856E-02 2.0267E-02 2.0395E-02 2.0192E-02 1.9901E-02 1.9796E-02 1.9971E-02 2.0372E-02 2.0810E-02 2.1068E-02 2.1013E-02 2.0589E-02 1.9795E-02 1.8684E-02 1.7439E-02 1.6316E-02 1.5352E-02 1.4475E-02 1.3711E-02 1.3052E-02 1.2461E-02
3.7582E-03 4.5692E-03 5.3533E-03 6.0833E-03 6.7597E-03 7.3881E-03 7.9861E-03 8.5636E-03 9.1273E-03 9.6792E-03 1.0224E-02 1.0758E-02 1.1267E-02 1.1769E-02 1.2273E-02 1.2789E-02 1.3300E-02 1.3781E-02 1.4225E-02 1.4635E-02 1.5032E-02 1.5451E-02 1.5925E-02 1.6479E-02 1.7102E-02 1.7737E-02 1.8323E-02 1.8794E-02 1.9149E-02 1.9459E-02 1.9808E-02 2.0194E-02 2.0539E-02 2.0769E-02 2.0925E-02 2.1167E-02 2.1596E-02 2.2023E-02 2.2164E-02 2.1960E-02 2.1646E-02 2.1522E-02 2.1727E-02 2.2218E-02 2.2754E-02 2.3086E-02 2.3050E-02 2.2603E-02 2.1731E-02 2.0509E-02 1.9136E-02 1.7879E-02 1.6762E-02 1.5759E-02 1.4900E-02 1.4164E-02 1.3491E-02
3.8952E-03 4.7348E-03 5.5428E-03 6.2934E-03 6.9884E-03 7.6360E-03 8.2516E-03 8.8501E-03 9.4445E-03 1.0041E-02 1.0639E-02 1.1225E-02 1.1778E-02 1.2317E-02 1.2862E-02 1.3432E-02 1.4019E-02 1.4596E-02 1.5147E-02 1.5658E-02 1.6113E-02 1.6536E-02 1.6995E-02 1.7552E-02 1.8217E-02 1.8929E-02 1.9609E-02 2.0166E-02 2.0579E-02 2.0911E-02 2.1264E-02 2.1690E-02 2.2118E-02 2.2424E-02 2.2593E-02 2.2824E-02 2.3252E-02 2.3682E-02 2.3805E-02 2.3580E-02 2.3256E-02 2.3132E-02 2.3356E-02 2.3916E-02 2.4617E-02 2.5106E-02 2.5140E-02 2.4658E-02 2.3681E-02 2.2328E-02 2.0812E-02 1.9400E-02 1.8104E-02 1.6935E-02 1.5996E-02 1.5201E-02 1.4462E-02
3.9915E-03 4.8514E-03 5.6764E-03 6.4429E-03 7.1521E-03 7.8139E-03 8.4419E-03 9.0559E-03 9.6735E-03 1.0304E-02 1.0941E-02 1.1567E-02 1.2162E-02 1.2740E-02 1.3327E-02 1.3943E-02 1.4599E-02 1.5277E-02 1.5954E-02 1.6591E-02 1.7136E-02 1.7594E-02 1.8048E-02 1.8595E-02 1.9263E-02 2.0011E-02 2.0774E-02 2.1446E-02 2.1966E-02 2.2351E-02 2.2697E-02 2.3118E-02 2.3582E-02 2.3945E-02 2.4166E-02 2.4440E-02 2.4886E-02 2.5328E-02 2.5435E-02 2.5170E-02 2.4846E-02 2.4758E-02 2.5004E-02 2.5628E-02 2.6542E-02 2.7296E-02 2.7460E-02 2.6904E-02 2.5759E-02 2.4197E-02 2.2489E-02 2.0880E-02 1.9388E-02 1.8072E-02 1.7053E-02 1.6196E-02 1.5402E-02
4.0554E-03 4.9302E-03 5.7689E-03 6.5488E-03 7.2699E-03 7.9438E-03 8.5851E-03 9.2144E-03 9.8480E-03 1.0498E-02 1.1160E-02 1.1818E-02 1.2453E-02 1.3074E-02 1.3704E-02 1.4360E-02 1.5063E-02 1.5818E-02 1.6607E-02 1.7374E-02 1.8036E-02 1.8591E-02 1.9098E-02 1.9646E-02 2.0289E-02 2.1029E-02 2.1841E-02 2.2634E-02 2.3291E-02 2.3763E-02 2.4103E-02 2.4480E-02 2.4952E-02 2.5391E-02 2.5721E-02 2.6077E-02 2.6567E-02 2.6983E-02 2.7043E-02 2.6764E-02 2.6460E-02 2.6431E-02 2.6730E-02 2.7411E-02 2.8516E-02 2.9590E-02 2.9984E-02 2.9377E-02 2.8025E-02 2.6179E-02 2.4233E-02 2.2416E-02 2.0718E-02 1.9265E-02 1.8171E-02 1.7246E-02 1.6385E-02
4.0959E-03 4.9821E-03 5.8329E-03 6.6236E-03 7.3537E-03 8.0399E-03 8.6997E-03 9.3482E-03 9.9931E-03 1.0650E-02 1.1326E-02 1.2009E-02 1.2683E-02 1.3350E-02 1.4026E-02 1.4720E-02 1.5448E-02 1.6246E-02 1.7112E-02 1.7993E-02 1.8792E-02 1.9498E-02 2.0124E-02 2.0714E-02 2.1342E-02 2.2041E-02 2.2841E-02 2.3705E-02 2.4479E-02 2.5042E-02 2.5422E-02 2.5824E-02 2.6328E-02 2.6853E-02 2.7280E-02 2.7724E-02 2.8281E-02 2.8649E-02 2.8629E-02 2.8359E-02 2.8089E-02 2.8154E-02 2.8597E-02 2.9365E-02 3.0645E-02 3.2081E-02 3.2760E-02 3.2148E-02 3.0553E-02 2.8327E-02 2.6039E-02 2.3974E-02 2.2104E-02 2.0576E-02 1.9438E-02 1.8426E-02 1.7419E-02
4.1242E-03 5.0210E-03 5.8834E-03 6.6821E-03 7.4175E-03 8.1126E-03 8.7889E-03 9.4553E-03 1.0110E-02 1.0769E-02 1.1451E-02 1.2154E-02 1.2864E-02 1.3578E-02 1.4304E-02 1.5040E-02 1.5795E-02 1.6616E-02 1.7518E-02 1.8481E-02 1.9441E-02 2.0337E-02 2.1125E-02 2.1814E-02 2.2457E-02 2.3103E-02 2.3841E-02 2.4701E-02 2.5545E-02 2.6198E-02 2.6673E-02 2.7180E-02 2.7741E-02 2.8291E-02 2.8784E-02 2.9358E-02 3.0009E-02 3.0330E-02 3.0199E-02 2.9898E-02 2.9651E-02 2.9906E-02 3.0641E-02 3.1556E-02 3.3033E-02 3.4884E-02 3.5866E-02 3.5218E-02 3.3296E-02 3.0586E-02 2.7833E-02 2.5557E-02 2.3656E-02 2.2062E-02 2.0832E-02 1.9688E-02 1.8463E-02
4.1471E-03 5.0531E-03 5.9251E-03 6.7304E-03 7.4708E-03 8.1722E-03 8.8580E-03 9.5354E-03 1.0200E-02 1.0868E-02 1.1558E-02 1.2279E-02 1.3024E-02 1.3790E-02 1.4569E-02 1.5353E-02 1.6141E-02 1.6982E-02 1.7902E-02 1.8911E-02 2.0022E-02 2.1122E-02 2.2092E-02 2.2924E-02 2.3652E-02 2.4302E-02 2.4973E-02 2.5755E-02 2.6615E-02 2.7368E-02 2.7911E-02 2.8444E-02 2.9099E-02 2.9729E-02 3.0267E-02 3.0997E-02 3.1770E-02 3.2085E-02 3.1860E-02 3.1504E-02 3.1204E-02 3.1673E-02 3.2807E-02 3.3935E-02 3.5503E-02 3.7843E-02 3.9340E-02 3.8667E-02 3.6356E-02 3.3078E-02 2.9745E-02 2.7129E-02 2.5137E-02 2.3528E-02 2.2215E-02 2.0904E-02 1.9501E-02
4.1634E-03 5.0763E-03 5.9580E-03 6.7737E-03 7.5219E-03 8.2293E-03 8.9194E-03 9.6023E-03 1.0278E-02 1.0962E-02 1.1670E-02 1.2408E-02 1.3183E-02 1.4000E-02 1.4833E-02 1.5664E-02 1.6487E-02 1.7370E-02 1.8322E-02 1.9350E-02 2.0547E-02 2.1821E-02 2.3005E-02 2.4011E-02 2.4875E-02 2.5609E-02 2.6240E-02 2.6896E-02 2.7750E-02 2.8698E-02 2.9317E-02 2.9744E-02 3.0450E-02 3.1259E-02 3.1905E-02 3.2699E-02 3.3592E-02 3.4039E-02 3.3704E-02 3.3168E-02 3.2868E-02 3.3642E-02 3.5248E-02 3.6595E-02 3.8105E-02 4.0831E-02 4.2978E-02 4.2461E-02 3.9833E-02 3.5916E-02 3.1900E-02 2.8702E-02 2.6555E-02 2.5036E-02 2.3643E-02 2.2138E-02 2.0635E-02
4.1739E-03 5.0920E-03 5.9820E-03 6.8096E-03 7.5670E-03 8.2827E-03 8.9791E-03 9.6705E-03 1.0360E-02 1.1068E-02 1.1804E-02 1.2557E-02 1.3356E-02 1.4213E-02 1.5088E-02 1.5958E-02 1.6826E-02 1.7771E-02 1.8782E-02 1.9851E-02 2.1043E-02 2.2384E-02 2.3782E-02 2.5039E-02 2.6072E-02 2.7057E-02 2.7863E-02 2.8466E-02 2.9314E-02 3.0473E-02 3.1293E-02 3.1604E-02 3.2212E-02 3.3205E-02 3.4166E-02 3.5054E-02 3.5945E-02 3.6528E-02 3.5940E-02 3.5143E-02 3.5051E-02 3.6271E-02 3.8458E-02 4.0217E-02 4.1487E-02 4.4202E-02 4.6905E-02 4.6738E-02 4.3781E-02 3.9022E-02 3.4343E-02 3.0672E-02 2.8353E-02 2.6785E-02 2.5186E-02 2.3504E-02 2.1990E-02
4.1851E-03 5.1063E-03 5.9956E-03 6.8255E-03 7.5942E-03 8.3254E-03 9.0369E-03 9.7467E-03 1.0458E-02 1.1183E-02 1.1930E-02 1.2711E-02 1.3545E-02 1.4438E-02 1.5354E-02 1.6268E-02 1.7193E-02 1.8198E-02 1.9294E-02 2.0438E-02 2.1605E-02 2.2903E-02 2.4398E-02 2.5905E-02 2.7285E-02 2.9067E-02 3.0683E-02 3.1445E-02 3.2307E-02 3.3591E-02 3.4862E-02 3.5110E-02 3.5579E-02 3.6548E-02 3.7846E-02 3.8935E-02 3.9871E-02 4.0651E-02 3.9790E-02 3.8770E-02 3.8703E-02 4.0480E-02 4.3432E-02 4.6075E-02 4.6789E-02 4.9009E-02 5.2190E-02 5.2037E-02 4.8295E-02 4.2572E-02 3.7185E-02 3.3156E-02 3.0674E-02 2.8859E-02 2.6970E-02 2.5110E-02 2.3607E-02
4.1974E-03 5.1209E-03 6.0056E-03 6.8332E-03 7.6080E-03 8.3514E-03 9.0812E-03 9.8155E-03 1.0557E-02 1.1308E-02 1.2074E-02 1.2889E-02 1.3761E-02 1.4693E-02 1.5649E-02 1.6606E-02 1.7581E-02 1.8613E-02 1.9750E-02 2.0986E-02 2.2214E-02 2.3480E-02 2.4931E-02 2.6595E-02 2.8433E-02 3.1057E-02 3.3491E-02 3.4273E-02 3.4966E-02 3.6352E-02 3.8401E-02 3.8815E-02 3.9127E-02 4.0019E-02 4.1248E-02 4.2364E-02 4.3412E-02 4.4046E-02 4.3289E-02 4.2852E-02 4.2491E-02 4.5074E-02 4.8832E-02 5.1937E-02 5.2187E-02 5.4341E-02 5.8562E-02 5.8508E-02 5.3575E-02 4.6681E-02 4.0670E-02 3.6024E-02 3.3223E-02 3.1215E-02 2.9233E-02 2.7253E-02 2.5625E-02
4.2115E-03 5.1390E-03 6.0251E-03 6.8555E-03 7.6300E-03 8.3721E-03 9.1071E-03 9.8573E-03 1.0628E-02 1.1415E-02 1.2217E-02 1.3062E-02 1.3970E-02 1.4952E-02 1.5962E-02 1.6961E-02 1.7982E-02 1.9038E-02 2.0170E-02 2.1420E-02 2.2729E-02 2.4061E-02 2.5478E-02 2.7203E-02 2.9462E-02 3.2761E-02 3.5581E-02 3.5865E-02 3.5849E-02 3.7159E-02 3.9805E-02 4.1449E-02 4.1446E-02 4.2243E-02 4.3561E-02 4.4517E-02 4.5529E-02 4.5516E-02 4.4795E-02 4.6057E-02 4.6542E-02 4.9002E-02 5.3621E-02 5.6600E-02 5.6820E-02 6.0163E-02 6.6520E-02 6.6367E-02 5.9774E-02 5.1138E-02 4.4600E-02 3.9070E-02 3.5801E-02 3.3814E-02 3.2017E-02 3.0045E-02 2.7909E-02
4.2230E-03 5.1537E-03 6.0426E-03 6.8745E-03 7.6475E-03 8.3845E-03 9.1100E-03 9.8595E-03 1.0654E-02 1.1480E-02 1.2328E-02 1.3214E-02 1.4160E-02 1.5184E-02 1.6261E-02 1.7326E-02 1.8410E-02 1.9548E-02 2.0701E-02 2.1900E-02 2.3219E-02 2.4677E-02 2.6126E-02 2.7870E-02 3.0453E-02 3.4631E-02 3.8020E-02 3.8229E-02 3.7491E-02 3.8101E-02 4.1382E-02 4.4008E-02 4.3754E-02 4.4608E-02 4.6315E-02 4.7732E-02 4.8502E-02 4.7421E-02 4.6514E-02 4.8831E-02 5.1919E-02 5.5381E-02 5.9721E-02 6.2732E-02 6.3394E-02 6.8374E-02 7.6634E-02 7.5456E-02 6.7263E-02 5.6645E-02 4.8539E-02 4.2654E-02 3.9216E-02 3.7464E-02 3.5436E-02 3.2865E-02 3.0136E-02
4.2361E-03 5.1708E-03 6.0633E-03 6.8954E-03 7.6649E-03 8.3904E-03 9.0951E-03 9.8319E-03 1.0633E-02 1.1485E-02 1.2376E-02 1.3323E-02 1.4341E-02 1.5400E-02 1.6515E-02 1.7654E-02 1.8851E-02 2.0136E-02 2.1385E-02 2.2574E-02 2.3835E-02 2.5311E-02 2.6910E-02 2.8716E-02 3.1266E-02 3.5870E-02 4.0675E-02 4.1320E-02 4.1025E-02 4.0740E-02 4.3398E-02 4.6651E-02 4.6778E-02 4.7665E-02 4.9800E-02 5.1832E-02 5.2766E-02 5.0800E-02 4.9495E-02 5.2801E-02 5.8844E-02 6.3470E-02 6.6952E-02 7.0793E-02 7.2989E-02 7.9655E-02 8.9989E-02 8.6714E-02 7.5587E-02 6.3372E-02 5.4248E-02 4.7991E-02 4.3940E-02 4.2086E-02 3.9505E-02 3.5907E-02 3.2474E-02
4.2577E-03 5.1989E-03 6.0959E-03 6.9268E-03 7.6872E-03 8.3943E-03 9.0813E-03 9.8089E-03 1.0606E-02 1.1457E-02 1.2366E-02 1.3378E-02 1.4480E-02 1.5589E-02 1.6738E-02 1.7963E-02 1.9311E-02 2.0755E-02 2.2137E-02 2.3407E-02 2.4641E-02 2.6013E-02 2.7715E-02 2.9678E-02 3.2181E-02 3.6585E-02 4.2650E-02 4.4640E-02 4.5275E-02 4.5233E-02 4.6556E-02 5.0630E-02 5.0712E-02 5.0935E-02 5.3245E-02 5.5828E-02 5.8106E-02 5.5917E-02 5.4334E-02 5.8824E-02 6.6057E-02 7.2223E-02 7.6297E-02 7.9200E-02 8.4244E-02 9.2860E-02 1.0721E-01 9.9225E-02 8.5085E-02 7.2139E-02 6.1609E-02 5.4670E-02 5.0650E-02 4.7323E-02 4.4067E-02 3.9095E-02 3.5644E-02
4.2908E-03 5.2423E-03 6.1429E-03 6.9684E-03 7.7175E-03 8.4116E-03 9.0877E-03 9.8032E-03 1.0588E-02 1.1426E-02 1.2336E-02 1.3370E-02 1.4521E-02 1.5732E-02 1.6984E-02 1.8303E-02 1.9773E-02 2.1347E-02 2.2876E-02 2.4328E-02 2.5705E-02 2.7075E-02 2.8697E-02 3.0711E-02 3.3305E-02 3.7751E-02 4.3920E-02 4.7992E-02 4.9688E-02 5.0768E-02 5.1273E-02 5.5203E-02 5.6585E-02 5.5768E-02 5.7202E-02 6.0437E-02 6.2960E-02 6.0831E-02 6.0936E-02 6.6642E-02 7.3105E-02 8.1364E-02 8.9009E-02 9.0941E-02 9.7444E-02 1.1095E-01 1.3012E-01 1.1669E-01 9.7786E-02 8.4638E-02 7.3410E-02 6.3387E-02 5.8417E-02 5.3043E-02 4.8665E-02 4.2944E-02 3.9024E-02
4.3299E-03 5.2931E-03 6.1950E-03 7.0127E-03 7.7546E-03 8.4476E-03 9.1212E-03 9.8200E-03 1.0584E-02 1.1408E-02 1.2312E-02 1.3333E-02 1.4501E-02 1.5826E-02 1.7228E-02 1.8670E-02 2.0249E-02 2.1989E-02 2.3692E-02 2.5353E-02 2.6954E-02 2.8480E-02 3.0059E-02 3.1930E-02 3.4479E-02 3.9463E-02 4.5635E-02 5.0591E-02 5.5331E-02 5.6745E-02 5.7743E-02 6.0821E-02 6.3774E-02 6.2333E-02 6.3487E-02 6.5832E-02 6.8197E-02 6.5996E-02 7.0036E-02 7.7068E-02 8.2799E-02 9.2999E-02 1.0142E-01 1.0717E-01 1.1534E-01 1.3771E-01 1.6734E-01 1.4016E-01 1.1515E-01 1.0161E-01 8.7093E-02 7.5908E-02 6.7531E-02 5.9202E-02 5.2522E-02 4.6320E-02 4.2700E-02
4.3645E-03 5.3389E-03 6.2445E-03 7.0599E-03 7.8011E-03 8.5005E-03 9.1787E-03 9.8646E-03 1.0600E-02 1.1401E-02 1.2299E-02 1.3304E-02 1.4482E-02 1.5881E-02 1.7395E-02 1.8980E-02 2.0675E-02 2.2570E-02 2.4474E-02 2.6355E-02 2.8266E-02 3.0044E-02 3.1723E-02 3.3625E-02 3.6175E-02 4.1143E-02 4.7336E-02 5.2306E-02 6.0278E-02 6.4588E-02 6.6432E-02 6.8608E-02 7.1904E-02 7.0784E-02 7.2084E-02 7.3940E-02 7.4077E-02 7.3595E-02 8.0253E-02 9.0416E-02 9.8897E-02 1.1051E-01 1.1474E-01 1.2808E-01 1.4318E-01 1.7475E-01 2.1982E-01 1.7393E-01 1.4035E-01 1.2949E-01 1.0686E-01 8.9906E-02 7.7130E-02 6.4222E-02 5.6024E-02 5.2256E-02 4.5849E-02
4.3954E-03 5.3809E-03 6.2944E-03 7.1134E-03 7.8610E-03 8.5742E-03 9.2621E-03 9.9383E-03 1.0643E-02 1.1416E-02 1.2300E-02 1.3297E-02 1.4487E-02 1.5881E-02 1.7430E-02 1.9148E-02 2.0970E-02 2.2972E-02 2.4974E-02 2.7140E-02 2.9449E-02 3.1630E-02 3.3643E-02 3.5807E-02 3.8417E-02 4.3303E-02 5.0005E-02 5.4668E-02 6.3726E-02 7.5156E-02 8.0411E-02 8.4409E-02 8.5495E-02 8.3663E-02 8.4220E-02 8.4903E-02 8.4085E-02 8.4066E-02 8.9224E-02 1.1260E-01 1.3011E-01 1.3976E-01 1.3307E-01 1.4586E-01 1.8509E-01 2.3094E-01 2.9540E-01 2.2562E-01 1.7743E-01 1.6309E-01 1.3599E-01 1.0595E-01 8.6765E-02 7.3423E-02 6.2109E-02 5.5423E-02 4.4704E-02
4.4353E-03 5.4332E-03 6.3577E-03 7.1859E-03 7.9445E-03 8.6713E-03 9.3653E-03 1.0032E-02 1.0712E-02 1.1457E-02 1.2313E-02 1.3301E-02 1.4486E-02 1.5807E-02 1.7314E-02 1.9086E-02 2.1024E-02 2.3075E-02 2.5259E-02 2.7768E-02 3.0524E-02 3.3216E-02 3.5622E-02 3.7997E-02 4.0685E-02 4.5684E-02 5.3083E-02 5.7674E-02 6.7401E-02 8.1858E-02 1.0047E-01 1.0518E-01 1.0763E-01 1.0424E-01 1.0395E-01 1.0010E-01 1.0048E-01 9.9691E-02 1.0560E-01 1.3054E-01 2.2279E-01 1.9288E-01 1.4698E-01 1.5976E-01 2.2856E-01 3.3747E-01 3.9675E-01 3.1133E-01 2.4610E-01 2.1388E-01 1.6003E-01 1.1405E-01 9.4543E-02 8.2300E-02 7.2053E-02 5.5516E-02 4.5494E-02
