20231023_webinar_progetto_murano/refs/data_input_report_tx_finale/lapost_grid/pct1h98.grd
ncols        81
nrows        81
xllcorner      7.602250000E+05
yllcorner      5.036725000E+06
cellsize      5.000000000E+01
nodata_value         -9
[rows 0 to 24 of 81, columns 0 to 56 of 81]
2.6124E-02 3.3039E-02 3.9492E-02 4.3174E-02 4.8371E-02 5.3196E-02 5.9231E-02 6.0778E-02 6.0712E-02 6.4776E-02 6.8656E-02 6.6645E-02 7.2596E-02 7.1337E-02 7.5427E-02 7.7240E-02 9.1099E-02 8.5733E-02 9.1177E-02 9.0947E-02 9.7904E-02 9.8981E-02 1.0111E-01 1.0420E-01 1.0379E-01 9.8495E-02 9.5492E-02 9.5271E-02 1.0236E-01 1.0827E-01 1.2223E-01 1.1951E-01 1.2931E-01 1.2093E-01 1.2023E-01 1.3645E-01 1.5000E-01 1.5290E-01 1.4679E-01 1.4462E-01 1.4852E-01 1.5354E-01 1.4430E-01 1.4107E-01 1.3937E-01 1.4580E-01 1.6054E-01 1.6662E-01 1.6425E-01 1.5720E-01 1.4593E-01 1.3290E-01 1.1616E-01 1.1299E-01 1.0535E-01 9.2635E-02 9.9413E-02
3.2153E-02 3.8556E-02 4.5149E-02 5.0609E-02 5.7310E-02 6.6134E-02 6.7130E-02 7.0664E-02 7.0612E-02 7.5336E-02 8.0065E-02 8.0289E-02 8.8088E-02 8.6752E-02 8.7526E-02 8.8228E-02 1.0662E-01 1.0996E-01 1.1855E-01 1.1165E-01 1.1907E-01 1.2192E-01 1.2664E-01 1.2179E-01 1.2577E-01 1.2067E-01 1.2207E-01 1.2179E-01 1.2870E-01 1.3376E-01 1.5880E-01 1.6664E-01 1.6288E-01 1.6047E-01 1.5525E-01 1.7563E-01 1.7648E-01 1.9402E-01 1.8941E-01 1.8591E-01 1.9142E-01 2.0077E-01 1.8304E-01 1.8660E-01 1.7992E-01 1.9075E-01 2.0625E-01 2.1204E-01 2.0817E-01 2.0220E-01 1.8974E-01 1.6535E-01 1.4718E-01 1.4303E-01 1.3251E-01 1.2971E-01 1.3324E-01
3.6784E-02 4.3873E-02 5.2426E-02 5.8880E-02 6.5168E-02 7.3563E-02 7.8943E-02 8.0860E-02 8.1345E-02 8.3782E-02 9.0831E-02 9.4338E-02 9.9383E-02 1.0352E-01 1.0246E-01 1.0852E-01 1.1602E-01 1.2316E-01 1.2624E-01 1.3735E-01 1.3509E-01 1.4170E-01 1.4445E-01 1.4210E-01 1.4814E-01 1.4308E-01 1.4104E-01 1.4319E-01 1.4733E-01 1.6169E-01 1.8793E-01 1.9929E-01 1.9332E-01 1.8715E-01 1.7592E-01 1.9851E-01 2.1350E-01 2.2879E-01 2.1455E-01 2.2262E-01 2.3315E-01 2.3238E-01 2.2543E-01 2.2484E-01 2.2710E-01 2.2742E-01 2.4841E-01 2.5745E-01 2.4437E-01 2.5129E-01 2.2837E-01 1.9386E-01 1.7786E-01 1.6816E-01 1.5543E-01 1.6012E-01 1.5509E-01
3.9526E-02 4.8734E-02 5.6861E-02 6.4305E-02 7.1103E-02 7.6855E-02 8.7182E-02 9.0479E-02 8.6780E-02 9.3155E-02 9.9074E-02 1.0100E-01 1.0925E-01 1.1606E-01 1.2079E-01 1.1682E-01 1.2649E-01 1.3248E-01 1.3830E-01 1.4726E-01 1.5355E-01 1.5912E-01 1.5661E-01 1.6321E-01 1.6142E-01 1.5788E-01 1.5684E-01 1.6143E-01 1.7312E-01 1.9209E-01 2.0895E-01 2.2723E-01 2.2825E-01 2.1414E-01 2.2148E-01 2.2782E-01 2.3546E-01 2.4295E-01 2.5055E-01 2.6137E-01 2.6243E-01 2.6169E-01 2.5131E-01 2.5657E-01 2.5090E-01 2.6678E-01 2.8762E-01 2.9716E-01 2.9546E-01 2.8842E-01 2.5893E-01 2.1991E-01 1.9784E-01 1.9075E-01 1.8481E-01 1.8242E-01 1.7715E-01
4.2582E-02 5.2095E-02 5.9165E-02 6.6773E-02 7.6696E-02 8.1493E-02 9.2557E-02 9.8948E-02 1.0292E-01 1.0028E-01 1.0344E-01 1.1117E-01 1.1439E-01 1.2346E-01 1.3406E-01 1.3156E-01 1.3656E-01 1.4006E-01 1.4860E-01 1.6488E-01 1.6652E-01 1.6955E-01 1.7516E-01 1.7906E-01 1.7603E-01 1.6922E-01 1.7796E-01 1.7605E-01 1.8441E-01 2.1190E-01 2.3092E-01 2.4674E-01 2.7035E-01 2.4375E-01 2.5459E-01 2.6949E-01 2.6715E-01 2.6248E-01 2.6869E-01 2.9676E-01 2.8031E-01 2.7947E-01 2.7967E-01 2.8012E-01 2.7972E-01 3.0670E-01 3.1813E-01 3.4187E-01 3.2632E-01 3.1105E-01 2.8035E-01 2.3090E-01 2.2617E-01 2.1429E-01 2.0706E-01 1.9681E-01 2.1181E-01
4.4619E-02 5.3050E-02 6.0784E-02 6.8742E-02 7.8382E-02 8.7869E-02 9.6067E-02 1.0329E-01 1.0979E-01 1.0581E-01 1.0800E-01 1.1636E-01 1.1826E-01 1.3270E-01 1.4198E-01 1.4512E-01 1.4511E-01 1.5563E-01 1.5555E-01 1.7358E-01 1.7992E-01 1.7887E-01 1.8448E-01 1.8745E-01 1.9418E-01 1.8294E-01 2.0091E-01 1.8855E-01 1.9748E-01 2.2149E-01 2.5154E-01 2.7073E-01 2.8809E-01 2.6043E-01 2.7439E-01 2.8306E-01 2.8363E-01 2.8619E-01 2.8474E-01 3.1529E-01 3.0420E-01 3.0415E-01 3.0876E-01 3.1696E-01 3.0692E-01 3.2975E-01 3.6019E-01 3.7574E-01 3.6207E-01 3.4591E-01 3.0618E-01 2.5114E-01 2.4996E-01 2.4454E-01 2.3283E-01 2.3030E-01 2.4412E-01
4.4485E-02 5.5130E-02 6.4732E-02 7.1432E-02 7.9955E-02 8.8643E-02 9.8739E-02 1.0859E-01 1.1179E-01 1.1102E-01 1.1167E-01 1.2422E-01 1.2545E-01 1.4008E-01 1.4812E-01 1.5819E-01 1.5426E-01 1.6649E-01 1.6613E-01 1.8042E-01 1.8173E-01 1.9358E-01 1.9428E-01 1.9880E-01 2.0490E-01 1.9629E-01 2.0402E-01 1.9938E-01 2.1892E-01 2.4159E-01 2.5091E-01 3.0168E-01 2.8755E-01 2.8730E-01 2.9753E-01 3.0341E-01 3.2460E-01 2.9124E-01 3.0532E-01 3.2450E-01 3.3844E-01 3.3815E-01 3.3363E-01 3.4495E-01 3.3941E-01 3.5722E-01 3.9755E-01 4.0766E-01 3.8602E-01 3.6853E-01 3.2856E-01 2.8226E-01 2.6870E-01 2.6203E-01 2.6478E-01 2.6816E-01 2.4979E-01
4.7121E-02 5.6398E-02 6.6551E-02 7.5514E-02 8.3252E-02 8.9794E-02 9.8267E-02 1.0747E-01 1.1340E-01 1.1623E-01 1.1757E-01 1.2804E-01 1.3235E-01 1.3887E-01 1.5277E-01 1.6528E-01 1.5769E-01 1.6839E-01 1.7943E-01 1.8349E-01 2.0386E-01 2.1148E-01 2.0974E-01 2.0771E-01 2.2366E-01 2.1261E-01 2.0686E-01 2.0928E-01 2.0493E-01 2.4492E-01 2.5962E-01 2.9165E-01 3.5430E-01 2.8832E-01 3.1110E-01 3.3542E-01 3.3340E-01 3.1552E-01 3.2149E-01 3.4642E-01 3.4340E-01 3.6107E-01 3.4722E-01 3.6686E-01 3.8705E-01 3.8273E-01 4.3410E-01 4.4968E-01 4.2630E-01 3.9971E-01 3.4209E-01 3.1505E-01 2.8810E-01 2.6617E-01 2.8909E-01 2.9304E-01 2.6660E-01
4.9072E-02 5.8533E-02 6.8235E-02 7.5854E-02 8.5113E-02 9.1186E-02 9.9098E-02 1.0505E-01 1.1546E-01 1.2043E-01 1.2329E-01 1.2577E-01 1.3927E-01 1.3913E-01 1.5500E-01 1.7060E-01 1.7499E-01 1.6866E-01 1.8333E-01 1.9163E-01 1.9475E-01 2.1676E-01 2.2480E-01 2.1298E-01 2.3292E-01 2.2281E-01 2.1575E-01 2.1645E-01 2.1921E-01 2.4148E-01 2.6585E-01 2.8811E-01 3.1814E-01 3.4247E-01 3.1813E-01 3.5399E-01 3.7048E-01 3.3132E-01 3.5487E-01 3.7377E-01 3.5271E-01 3.5070E-01 3.5834E-01 4.1085E-01 4.0609E-01 4.0871E-01 4.7799E-01 4.8821E-01 4.5857E-01 4.2294E-01 3.8239E-01 3.3737E-01 3.1150E-01 3.1271E-01 3.1986E-01 3.0104E-01 2.8360E-01
5.0324E-02 6.1224E-02 7.0165E-02 7.4916E-02 8.4950E-02 9.2391E-02 1.0189E-01 1.0793E-01 1.1113E-01 1.1975E-01 1.2952E-01 1.3328E-01 1.3842E-01 1.4498E-01 1.5573E-01 1.6149E-01 1.8143E-01 1.8005E-01 1.8142E-01 1.9156E-01 2.0277E-01 2.1181E-01 2.2020E-01 2.3907E-01 2.3703E-01 2.2726E-01 2.3522E-01 2.1820E-01 2.3412E-01 2.5193E-01 2.7105E-01 3.0165E-01 3.1351E-01 3.4360E-01 3.6125E-01 3.4862E-01 3.9521E-01 3.9889E-01 3.9361E-01 3.6910E-01 3.6271E-01 3.7774E-01 4.0448E-01 4.3271E-01 4.5731E-01 5.0082E-01 5.1844E-01 5.2590E-01 4.8436E-01 4.4886E-01 4.1523E-01 3.6206E-01 3.3944E-01 3.3185E-01 3.4500E-01 3.2769E-01 2.8847E-01
5.1669E-02 6.4216E-02 7.4139E-02 7.9171E-02 8.4763E-02 9.1144E-02 1.0078E-01 1.0616E-01 1.1682E-01 1.2399E-01 1.3165E-01 1.3517E-01 1.4065E-01 1.4250E-01 1.5576E-01 1.5925E-01 1.8340E-01 1.8651E-01 1.8638E-01 2.0438E-01 2.1173E-01 2.1291E-01 2.4929E-01 2.4596E-01 2.5313E-01 2.3316E-01 2.3520E-01 2.3790E-01 2.3852E-01 2.4373E-01 2.7102E-01 3.0966E-01 3.2689E-01 3.5686E-01 3.7706E-01 3.6772E-01 3.7884E-01 4.3684E-01 4.1207E-01 3.7707E-01 3.9539E-01 3.9812E-01 4.4771E-01 4.4679E-01 4.7058E-01 5.2593E-01 5.6519E-01 6.0563E-01 5.3677E-01 4.7360E-01 4.2769E-01 3.9458E-01 3.9556E-01 3.8230E-01 3.7322E-01 3.4471E-01 2.9934E-01
4.9460E-02 6.4729E-02 7.5212E-02 8.4205E-02 8.7030E-02 9.1279E-02 9.6583E-02 1.0585E-01 1.1173E-01 1.1818E-01 1.3159E-01 1.4223E-01 1.4654E-01 1.5463E-01 1.5320E-01 1.6130E-01 1.8601E-01 2.0392E-01 2.1076E-01 2.2156E-01 2.1332E-01 2.2416E-01 2.5945E-01 2.5499E-01 2.5771E-01 2.7559E-01 2.4221E-01 2.3579E-01 2.4527E-01 2.4770E-01 2.5337E-01 2.9907E-01 3.4995E-01 3.4868E-01 3.8321E-01 4.1677E-01 3.8564E-01 4.3239E-01 4.3942E-01 4.1984E-01 4.0528E-01 4.4867E-01 4.4371E-01 4.6723E-01 5.0299E-01 5.5474E-01 6.0602E-01 6.5742E-01 5.9997E-01 5.4043E-01 4.9952E-01 4.3827E-01 4.2405E-01 4.2910E-01 4.1001E-01 3.4792E-01 3.2207E-01
5.2250E-02 6.4310E-02 7.5125E-02 8.4194E-02 9.0130E-02 9.4244E-02 1.0015E-01 1.0319E-01 1.1039E-01 1.1699E-01 1.3074E-01 1.3709E-01 1.5197E-01 1.5852E-01 1.7206E-01 1.6978E-01 1.8766E-01 1.9833E-01 2.2450E-01 2.1833E-01 2.2257E-01 2.3180E-01 2.3664E-01 2.6699E-01 2.5925E-01 2.7695E-01 2.5687E-01 2.5998E-01 2.5063E-01 2.6082E-01 2.7596E-01 2.8356E-01 3.2674E-01 3.6807E-01 3.8414E-01 4.2070E-01 4.4750E-01 4.1204E-01 4.5121E-01 4.8208E-01 4.1665E-01 4.7559E-01 4.7187E-01 4.8615E-01 5.4007E-01 5.9862E-01 6.9246E-01 7.3110E-01 6.6446E-01 6.1901E-01 5.3034E-01 4.4946E-01 4.4848E-01 4.5512E-01 4.2176E-01 3.7516E-01 3.4033E-01
5.0943E-02 6.5995E-02 7.8227E-02 8.6798E-02 9.7239E-02 9.9202E-02 1.0175E-01 1.0475E-01 1.1003E-01 1.1499E-01 1.2604E-01 1.3990E-01 1.5349E-01 1.6803E-01 1.7200E-01 1.7812E-01 1.9087E-01 2.0596E-01 2.2468E-01 2.3443E-01 2.3362E-01 2.4737E-01 2.5494E-01 2.6860E-01 2.8174E-01 2.9551E-01 3.0803E-01 2.8581E-01 2.6979E-01 2.8082E-01 2.7847E-01 2.8946E-01 3.0703E-01 3.9041E-01 3.7880E-01 3.8211E-01 4.3406E-01 4.6957E-01 4.6581E-01 4.5869E-01 4.7818E-01 4.8889E-01 5.4630E-01 5.4840E-01 5.8313E-01 6.3510E-01 7.4193E-01 7.7416E-01 7.2594E-01 6.9044E-01 6.0046E-01 5.0145E-01 4.9487E-01 4.8634E-01 4.2639E-01 4.3865E-01 3.8582E-01
5.3286E-02 6.5928E-02 7.8710E-02 8.9225E-02 9.4262E-02 1.0332E-01 1.0636E-01 1.0669E-01 1.0902E-01 1.1474E-01 1.2161E-01 1.3208E-01 1.4592E-01 1.6465E-01 1.7499E-01 1.8248E-01 1.9635E-01 2.1497E-01 2.1806E-01 2.3757E-01 2.5585E-01 2.5826E-01 2.5258E-01 2.7489E-01 2.9312E-01 2.9805E-01 3.1593E-01 3.1641E-01 2.9778E-01 2.9379E-01 2.9775E-01 3.1618E-01 3.5439E-01 3.5688E-01 4.0636E-01 4.0798E-01 4.4748E-01 4.7564E-01 4.7966E-01 4.6482E-01 5.2236E-01 5.3681E-01 6.1635E-01 5.6651E-01 6.5022E-01 6.6622E-01 8.6948E-01 8.0810E-01 7.9104E-01 7.3602E-01 6.7391E-01 5.7506E-01 5.6339E-01 5.0946E-01 4.8827E-01 4.6330E-01 3.7472E-01
5.1358E-02 6.2873E-02 7.9003E-02 9.0184E-02 9.7278E-02 1.0271E-01 1.0534E-01 1.1161E-01 1.1282E-01 1.1501E-01 1.2279E-01 1.2997E-01 1.4622E-01 1.6625E-01 1.8105E-01 1.8828E-01 1.9665E-01 2.1155E-01 2.2911E-01 2.4331E-01 2.6658E-01 2.8572E-01 2.7474E-01 2.8404E-01 3.0334E-01 3.2110E-01 3.2512E-01 3.2700E-01 3.2620E-01 3.1759E-01 3.2092E-01 3.4627E-01 3.6776E-01 4.0416E-01 4.1522E-01 4.4396E-01 4.7624E-01 4.8984E-01 5.1076E-01 4.8512E-01 5.3981E-01 6.1333E-01 6.2558E-01 6.6105E-01 6.6269E-01 7.4190E-01 9.2476E-01 9.4621E-01 9.2824E-01 8.4849E-01 7.0294E-01 6.3064E-01 6.0382E-01 5.5110E-01 5.6144E-01 4.3412E-01 4.2305E-01
5.2411E-02 6.0561E-02 7.2442E-02 8.6526E-02 9.7271E-02 1.0303E-01 1.1036E-01 1.1540E-01 1.1794E-01 1.2179E-01 1.2432E-01 1.3486E-01 1.4633E-01 1.6462E-01 1.8099E-01 1.9658E-01 2.0607E-01 2.0818E-01 2.3851E-01 2.5033E-01 2.6084E-01 2.8973E-01 3.0216E-01 2.9568E-01 3.0553E-01 3.5051E-01 3.3894E-01 3.6179E-01 3.4555E-01 3.5465E-01 3.3541E-01 3.4487E-01 3.8881E-01 3.9052E-01 4.8799E-01 4.4198E-01 4.5057E-01 5.0871E-01 4.9587E-01 5.1575E-01 6.0391E-01 6.5529E-01 7.0365E-01 7.5892E-01 7.1545E-01 8.6918E-01 1.1110E+00 1.1734E+00 1.0411E+00 9.1492E-01 7.9848E-01 7.3303E-01 6.4471E-01 6.3510E-01 5.2680E-01 5.1969E-01 4.8981E-01
4.9521E-02 6.0449E-02 6.9215E-02 8.2157E-02 9.6818E-02 1.0374E-01 1.0992E-01 1.1730E-01 1.2022E-01 1.2460E-01 1.2815E-01 1.3547E-01 1.4692E-01 1.6002E-01 1.7865E-01 2.0111E-01 2.0777E-01 2.1784E-01 2.4229E-01 2.5431E-01 2.9411E-01 2.7076E-01 3.2269E-01 2.9584E-01 3.2582E-01 3.6563E-01 3.8221E-01 3.9676E-01 3.9303E-01 3.8343E-01 3.7554E-01 3.9535E-01 4.3604E-01 4.3440E-01 4.5527E-01 4.9806E-01 5.1334E-01 5.0609E-01 5.0770E-01 5.4266E-01 6.6398E-01 7.6141E-01 8.5455E-01 8.5313E-01 8.2912E-01 9.7063E-01 1.2785E+00 1.3363E+00 1.2079E+00 1.0148E+00 8.5483E-01 7.3889E-01 6.6703E-01 6.5802E-01 6.2401E-01 5.7009E-01 5.0402E-01
4.8634E-02 5.6448E-02 7.0074E-02 8.2072E-02 9.1442E-02 1.0055E-01 1.0964E-01 1.1808E-01 1.2344E-01 1.3016E-01 1.3115E-01 1.3419E-01 1.4946E-01 1.6424E-01 1.7665E-01 1.8964E-01 2.0529E-01 2.2391E-01 2.4175E-01 2.7488E-01 2.9098E-01 2.9906E-01 3.3155E-01 3.0448E-01 3.1905E-01 3.4302E-01 4.0377E-01 4.0120E-01 4.4162E-01 4.2585E-01 4.2099E-01 4.3134E-01 4.5422E-01 5.0556E-01 5.0376E-01 5.1698E-01 5.2792E-01 5.2812E-01 5.1626E-01 5.7274E-01 7.0620E-01 8.6231E-01 8.9800E-01 9.4315E-01 1.0471E+00 1.1456E+00 1.5128E+00 1.4987E+00 1.3659E+00 1.1088E+00 1.0191E+00 8.3345E-01 7.8964E-01 7.2872E-01 7.2399E-01 6.0044E-01 5.4010E-01
5.1368E-02 6.1256E-02 6.9431E-02 7.8796E-02 8.9746E-02 9.6137E-02 1.0406E-01 1.1867E-01 1.2836E-01 1.3087E-01 1.3849E-01 1.3764E-01 1.4861E-01 1.7005E-01 1.9035E-01 2.0127E-01 2.0655E-01 2.2154E-01 2.3313E-01 2.6947E-01 2.8972E-01 3.0398E-01 3.3173E-01 3.3980E-01 3.3511E-01 3.5168E-01 4.4610E-01 4.3873E-01 4.9406E-01 4.8956E-01 4.9160E-01 4.7635E-01 4.9705E-01 4.8649E-01 5.8024E-01 6.3488E-01 5.8618E-01 6.0496E-01 6.2408E-01 6.3763E-01 8.0395E-01 9.6971E-01 1.0163E+00 1.0336E+00 1.1654E+00 1.3233E+00 1.7161E+00 1.7149E+00 1.5494E+00 1.2493E+00 1.0163E+00 9.5326E-01 8.6058E-01 8.5048E-01 7.3602E-01 6.3446E-01 5.2969E-01
5.1614E-02 6.5783E-02 7.5431E-02 8.1706E-02 8.8324E-02 9.5768E-02 1.0232E-01 1.0989E-01 1.2388E-01 1.3613E-01 1.3924E-01 1.4866E-01 1.4863E-01 1.7099E-01 1.9586E-01 2.0131E-01 2.2031E-01 2.5043E-01 2.4383E-01 2.7302E-01 3.0325E-01 3.1862E-01 3.1746E-01 3.6893E-01 3.5045E-01 3.8230E-01 4.6695E-01 4.8069E-01 5.2092E-01 5.7470E-01 5.7823E-01 5.3389E-01 5.7334E-01 5.9353E-01 6.1624E-01 6.9770E-01 7.0001E-01 6.7451E-01 7.0029E-01 8.2260E-01 9.4195E-01 9.9494E-01 1.1920E+00 1.2581E+00 1.2794E+00 1.5523E+00 2.0967E+00 2.0375E+00 1.7822E+00 1.5323E+00 1.2203E+00 1.0312E+00 1.0493E+00 9.3467E-01 8.1823E-01 6.8848E-01 6.0814E-01
5.3190E-02 6.7422E-02 7.9050E-02 8.7210E-02 9.5099E-02 9.8769E-02 1.0230E-01 1.2067E-01 1.2889E-01 1.3815E-01 1.4164E-01 1.4588E-01 1.6018E-01 1.8007E-01 2.0484E-01 2.1452E-01 2.2552E-01 2.4633E-01 2.7864E-01 2.7949E-01 3.0178E-01 3.4555E-01 3.5885E-01 3.5813E-01 3.9041E-01 4.2723E-01 4.6220E-01 5.2043E-01 5.9474E-01 6.6149E-01 6.6071E-01 6.3702E-01 6.0182E-01 7.1407E-01 7.3215E-01 7.7667E-01 8.0784E-01 7.6770E-01 8.2797E-01 1.0458E+00 1.0570E+00 1.1049E+00 1.2542E+00 1.5367E+00 1.5809E+00 1.9851E+00 2.5485E+00 2.4469E+00 1.9191E+00 1.9602E+00 1.8113E+00 1.4246E+00 1.2382E+00 9.9975E-01 9.0440E-01 7.3638E-01 5.6607E-01
5.7388E-02 7.0995E-02 8.1708E-02 9.0854E-02 9.8074E-02 1.0610E-01 1.1216E-01 1.2104E-01 1.3469E-01 1.3957E-01 1.4707E-01 1.5809E-01 1.6655E-01 1.8428E-01 1.9203E-01 2.0936E-01 2.2955E-01 2.5373E-01 2.8000E-01 3.0242E-01 3.1286E-01 3.4580E-01 3.8457E-01 3.7702E-01 4.0119E-01 4.3297E-01 4.7769E-01 5.6970E-01 6.6000E-01 7.7701E-01 8.5398E-01 7.6113E-01 7.0908E-01 7.9581E-01 7.9551E-01 9.1215E-01 9.0899E-01 8.7151E-01 1.0173E+00 1.3834E+00 1.2933E+00 1.3373E+00 1.4201E+00 1.6758E+00 2.0499E+00 2.5844E+00 3.3990E+00 2.8984E+00 2.4074E+00 2.3683E+00 2.0618E+00 1.6628E+00 1.2939E+00 1.0793E+00 8.3756E-01 7.1524E-01 5.7323E-01
5.7858E-02 7.0381E-02 8.1701E-02 9.1329E-02 9.9457E-02 1.1044E-01 1.1351E-01 1.1969E-01 1.2609E-01 1.3699E-01 1.4502E-01 1.5940E-01 1.8252E-01 1.8895E-01 2.1280E-01 2.3128E-01 2.3423E-01 2.6407E-01 3.0116E-01 3.1479E-01 3.2455E-01 3.4092E-01 4.0369E-01 4.2844E-01 4.2485E-01 4.3994E-01 5.2003E-01 5.7906E-01 7.1991E-01 8.2015E-01 1.0453E+00 1.0622E+00 9.6565E-01 8.5805E-01 1.0402E+00 1.0379E+00 1.0716E+00 1.0762E+00 1.2015E+00 1.5769E+00 1.9281E+00 1.8054E+00 1.6352E+00 1.9441E+00 2.5826E+00 3.4161E+00 4.6869E+00 4.0297E+00 3.1694E+00 3.2371E+00 2.6218E+00 1.9332E+00 1.4406E+00 1.1428E+00 9.0974E-01 7.5744E-01 6.3762E-01
6.0235E-02 7.2722E-02 8.2285E-02 9.1099E-02 1.0020E-01 1.0880E-01 1.1602E-01 1.2291E-01 1.3092E-01 1.3569E-01 1.4122E-01 1.5041E-01 1.6956E-01 1.9664E-01 2.0649E-01 2.2128E-01 2.3655E-01 2.5903E-01 2.8975E-01 3.1366E-01 3.4826E-01 3.8458E-01 3.9206E-01 4.3536E-01 4.7195E-01 5.0430E-01 5.5501E-01 6.3914E-01 7.7288E-01 9.1349E-01 1.3017E+00 1.4777E+00 1.2792E+00 1.1023E+00 1.2306E+00 1.2181E+00 1.2291E+00 1.2770E+00 1.4224E+00 1.7631E+00 2.9453E+00 2.2351E+00 1.8918E+00 2.0188E+00 3.0627E+00 4.4791E+00 6.1043E+00 5.5162E+00 4.4561E+00 3.9523E+00 3.0298E+00 2.0638E+00 1.5092E+00 1.2770E+00 1.0253E+00 8.2020E-01 7.0738E-01
