20231023_webinar_progetto_murano/refs/data_input_report_tx_finale/lapost_grid/pct1h98.grd
ncols        81
nrows        81
xllcorner      7.602250000E+05
yllcorner      5.036725000E+06
cellsize      5.000000000E+01
nodata_value         -9
[rows 25 to 49 of 81, columns 0 to 56 of 81]
6.0807E-02 7.4616E-02 8.8206E-02 9.3175E-02 1.0434E-01 1.1255E-01 1.1833E-01 1.2846E-01 1.3686E-01 1.3977E-01 1.4126E-01 1.5137E-01 1.6637E-01 1.7881E-01 1.9482E-01 2.1819E-01 2.4106E-01 2.5848E-01 2.8663E-01 3.0901E-01 3.6775E-01 4.0578E-01 4.4650E-01 4.4866E-01 4.7533E-01 5.1866E-01 6.1403E-01 6.7057E-01 8.2880E-01 1.0725E+00 1.4560E+00 2.0485E+00 2.0087E+00 1.6320E+00 1.4983E+00 1.5558E+00 1.4449E+00 1.5021E+00 1.7635E+00 2.1859E+00 6.4121E+00 4.8788E+00 2.5069E+00 2.2892E+00 3.0322E+00 7.2967E+00 9.8310E+00 7.1133E+00 6.8402E+00 4.2853E+00 3.0893E+00 2.3112E+00 1.7936E+00 1.3228E+00 1.0642E+00 9.4434E-01 7.9129E-01
6.2411E-02 7.5567E-02 8.8584E-02 1.0047E-01 1.0786E-01 1.1655E-01 1.2262E-01 1.2442E-01 1.3729E-01 1.4613E-01 1.5370E-01 1.5401E-01 1.5982E-01 1.7363E-01 1.8962E-01 2.1494E-01 2.4354E-01 2.7147E-01 2.8326E-01 3.3260E-01 3.7693E-01 4.3619E-01 4.7922E-01 4.8232E-01 4.9803E-01 5.3392E-01 6.4140E-01 7.1067E-01 8.3806E-01 1.1201E+00 1.4876E+00 2.1712E+00 2.2664E+00 3.0204E+00 2.4731E+00 1.9458E+00 1.5583E+00 1.5690E+00 1.8057E+00 2.4759E+00 6.4326E+00 4.6906E+00 2.5160E+00 2.6770E+00 3.8321E+00 7.4594E+00 1.9407E+01 1.2299E+01 7.2723E+00 5.0914E+00 3.7119E+00 2.7572E+00 1.9863E+00 1.6921E+00 1.4017E+00 1.1720E+00 1.0487E+00
6.1571E-02 7.7370E-02 8.9573E-02 1.0157E-01 1.1043E-01 1.1667E-01 1.2621E-01 1.3056E-01 1.3313E-01 1.4578E-01 1.5940E-01 1.6368E-01 1.7438E-01 1.7155E-01 1.8132E-01 2.1154E-01 2.3890E-01 2.7407E-01 2.9003E-01 3.2666E-01 3.7653E-01 4.7540E-01 5.3579E-01 5.5778E-01 5.8534E-01 6.4317E-01 7.0099E-01 7.3894E-01 8.6817E-01 1.1122E+00 1.5219E+00 2.4370E+00 7.2994E+00 4.9796E+00 4.6697E+00 2.1860E+00 1.8156E+00 1.8882E+00 1.7170E+00 2.1400E+00 3.1626E+00 3.1006E+00 2.2385E+00 2.7296E+00 4.3225E+00 8.4422E+00 2.5537E+01 1.7015E+01 9.3320E+00 7.9837E+00 6.9123E+00 4.0495E+00 3.0435E+00 2.3453E+00 1.7436E+00 1.3229E+00 1.1666E+00
6.0818E-02 7.7957E-02 9.3351E-02 1.0070E-01 1.0991E-01 1.1678E-01 1.2899E-01 1.3360E-01 1.3962E-01 1.5071E-01 1.6492E-01 1.7763E-01 1.8373E-01 1.8844E-01 2.0428E-01 2.1670E-01 2.3402E-01 2.6334E-01 3.0705E-01 3.4266E-01 3.9392E-01 4.5608E-01 5.1053E-01 5.9003E-01 6.5391E-01 7.0441E-01 7.6106E-01 9.2867E-01 1.0449E+00 1.3588E+00 1.6918E+00 2.8426E+00 7.0996E+00 4.5282E+00 1.1151E+01 3.6258E+00 2.3235E+00 1.9639E+00 1.7192E+00 1.8035E+00 2.1017E+00 2.2580E+00 2.1110E+00 2.7983E+00 4.1291E+00 9.0379E+00 2.4886E+01 1.3707E+01 9.2424E+00 8.4799E+00 2.1874E+01 6.6140E+00 3.7368E+00 2.5209E+00 2.0362E+00 1.5853E+00 1.3065E+00
6.4467E-02 8.0749E-02 9.2142E-02 1.0154E-01 1.0803E-01 1.1764E-01 1.2822E-01 1.3809E-01 1.4422E-01 1.5054E-01 1.6053E-01 1.7809E-01 1.9377E-01 2.0724E-01 2.1734E-01 2.3795E-01 2.5445E-01 2.7327E-01 3.2538E-01 3.3046E-01 4.0169E-01 4.6394E-01 5.1790E-01 6.2629E-01 7.3182E-01 7.7517E-01 8.3425E-01 1.0594E+00 1.2121E+00 1.2977E+00 1.5584E+00 2.4385E+00 4.0224E+00 4.9332E+00 1.2644E+01 5.2589E+00 3.1851E+00 2.4685E+00 1.9307E+00 2.0331E+00 2.2149E+00 2.2838E+00 2.1590E+00 2.6125E+00 3.6945E+00 6.5957E+00 1.5812E+01 1.0778E+01 7.5870E+00 9.5779E+00 8.3821E+00 5.3086E+00 3.2209E+00 2.0934E+00 1.8943E+00 1.5933E+00 1.3837E+00
6.6752E-02 8.2080E-02 9.3263E-02 1.0553E-01 1.1565E-01 1.2255E-01 1.2721E-01 1.4077E-01 1.4900E-01 1.6482E-01 1.6411E-01 1.7638E-01 1.8665E-01 2.0481E-01 2.2640E-01 2.4074E-01 2.5760E-01 2.7751E-01 2.9704E-01 3.4900E-01 4.0261E-01 4.4286E-01 5.5664E-01 7.4292E-01 8.8887E-01 8.8849E-01 1.0343E+00 1.2326E+00 1.2870E+00 1.3481E+00 1.4849E+00 2.0649E+00 3.1121E+00 5.1962E+00 9.0155E+00 6.2370E+00 3.1419E+00 2.2748E+00 2.3234E+00 2.4016E+00 2.6174E+00 2.3983E+00 1.9860E+00 2.2808E+00 3.0138E+00 4.9962E+00 1.0251E+01 8.1548E+00 7.1108E+00 7.5843E+00 6.5690E+00 4.9109E+00 3.5365E+00 2.3072E+00 1.7591E+00 1.4723E+00 1.3150E+00
6.9221E-02 8.2761E-02 9.6031E-02 1.0548E-01 1.1659E-01 1.2866E-01 1.3629E-01 1.4035E-01 1.4494E-01 1.6065E-01 1.6576E-01 1.7792E-01 1.9548E-01 2.1944E-01 2.3548E-01 2.4305E-01 2.5070E-01 2.7557E-01 2.9635E-01 3.6230E-01 3.7505E-01 4.3658E-01 5.4255E-01 6.7672E-01 8.4302E-01 1.0072E+00 1.1527E+00 1.5371E+00 1.5570E+00 1.4258E+00 1.5312E+00 2.1053E+00 3.0340E+00 4.7559E+00 1.0971E+01 7.7885E+00 3.7720E+00 2.3008E+00 2.3371E+00 3.9088E+00 2.7659E+00 2.3896E+00 1.9758E+00 2.1741E+00 2.6188E+00 3.8573E+00 7.6117E+00 6.3234E+00 5.6033E+00 6.1358E+00 5.8259E+00 4.5095E+00 3.1214E+00 2.4316E+00 1.8316E+00 1.5401E+00 1.2292E+00
7.1407E-02 8.8045E-02 1.0115E-01 1.1162E-01 1.1924E-01 1.2374E-01 1.3400E-01 1.4639E-01 1.5888E-01 1.6723E-01 1.7283E-01 1.8962E-01 2.0635E-01 2.3835E-01 2.4251E-01 2.5137E-01 2.7164E-01 2.9602E-01 3.3180E-01 3.5136E-01 3.9208E-01 4.7435E-01 5.7753E-01 6.5541E-01 8.1939E-01 1.0087E+00 1.4329E+00 1.8015E+00 2.1779E+00 1.9554E+00 1.9845E+00 2.3095E+00 3.2010E+00 4.4719E+00 1.2015E+01 8.9229E+00 5.4710E+00 3.1217E+00 2.9520E+00 4.2029E+00 3.4152E+00 2.5528E+00 2.0940E+00 2.1687E+00 2.8207E+00 3.2868E+00 6.0845E+00 5.2255E+00 5.1373E+00 4.8994E+00 5.1621E+00 4.1578E+00 3.0343E+00 2.3055E+00 1.9117E+00 1.5236E+00 1.3711E+00
7.0611E-02 8.9641E-02 1.0601E-01 1.1743E-01 1.2697E-01 1.3175E-01 1.3846E-01 1.4667E-01 1.5388E-01 1.6346E-01 1.7937E-01 1.8864E-01 2.0460E-01 2.2988E-01 2.5344E-01 2.7296E-01 3.0199E-01 3.2468E-01 3.5183E-01 3.7849E-01 4.6877E-01 5.2853E-01 5.9611E-01 6.8570E-01 7.9628E-01 9.4322E-01 1.2817E+00 1.9762E+00 3.5226E+00 2.2590E+00 2.3786E+00 2.5815E+00 3.1159E+00 4.2572E+00 7.7754E+00 7.6095E+00 4.6430E+00 3.3879E+00 3.1391E+00 3.8576E+00 4.1519E+00 2.9778E+00 2.5057E+00 2.6159E+00 2.9316E+00 4.9027E+00 5.2286E+00 4.4718E+00 4.5407E+00 4.2800E+00 4.3237E+00 3.4936E+00 2.8384E+00 2.2372E+00 1.8871E+00 1.6278E+00 1.3753E+00
6.9274E-02 9.1405E-02 1.0775E-01 1.1413E-01 1.1891E-01 1.2719E-01 1.3794E-01 1.4916E-01 1.6053E-01 1.7134E-01 1.7919E-01 1.9381E-01 2.1107E-01 2.2088E-01 2.5016E-01 2.8865E-01 3.1323E-01 3.5496E-01 3.7196E-01 4.1947E-01 4.7973E-01 5.5322E-01 6.0307E-01 6.8174E-01 8.0302E-01 9.2625E-01 1.0890E+00 1.4810E+00 3.5855E+00 5.8254E+00 2.6939E+00 2.7032E+00 3.1338E+00 4.7401E+00 5.9643E+00 7.1251E+00 4.2823E+00 3.2387E+00 3.2841E+00 3.7744E+00 3.9949E+00 3.5761E+00 2.9318E+00 3.0211E+00 3.4299E+00 6.1020E+00 6.2717E+00 4.7433E+00 3.8900E+00 4.0282E+00 3.6636E+00 3.2392E+00 2.6351E+00 2.2613E+00 1.9140E+00 1.6558E+00 1.4437E+00
6.8550E-02 8.6769E-02 1.0405E-01 1.1438E-01 1.2133E-01 1.2479E-01 1.3437E-01 1.4455E-01 1.6585E-01 1.7004E-01 1.8322E-01 1.8239E-01 1.9985E-01 2.3713E-01 2.5928E-01 2.9100E-01 3.2263E-01 3.6907E-01 3.9250E-01 4.4027E-01 4.9648E-01 5.1952E-01 6.1543E-01 6.7652E-01 8.2120E-01 1.0572E+00 1.3337E+00 1.7987E+00 4.1623E+00 1.1737E+01 4.5215E+00 3.3118E+00 3.6529E+00 3.6395E+00 5.9953E+00 8.1476E+00 5.6860E+00 3.9953E+00 3.7667E+00 5.4585E+00 5.7157E+00 4.5536E+00 4.0706E+00 3.1181E+00 3.4946E+00 7.2517E+00 1.5090E+01 4.6805E+00 3.7866E+00 3.7053E+00 3.8404E+00 2.9033E+00 2.4805E+00 2.2462E+00 1.8346E+00 1.5958E+00 1.3486E+00
6.5907E-02 7.8594E-02 9.7712E-02 1.0949E-01 1.1835E-01 1.2509E-01 1.3175E-01 1.4663E-01 1.5956E-01 1.6818E-01 1.7728E-01 1.7920E-01 2.0994E-01 2.3926E-01 2.6543E-01 3.0309E-01 3.3373E-01 3.7968E-01 4.1961E-01 4.3725E-01 4.9943E-01 5.6063E-01 6.3353E-01 7.7399E-01 1.0076E+00 1.3467E+00 1.5445E+00 2.1675E+00 4.5159E+00 8.0489E+00 3.5020E+00 3.4506E+00 4.0633E+00 7.9741E+00 7.0716E+00 7.3501E+00 6.3529E+00 4.2457E+00 4.1671E+00 5.8869E+00 1.0101E+01 7.3997E+00 4.8285E+00 3.8296E+00 4.4478E+00 6.6338E+00 6.4479E+00 4.3159E+00 3.7414E+00 3.7090E+00 3.4151E+00 2.7470E+00 2.3889E+00 2.1018E+00 1.7932E+00 1.4834E+00 1.2832E+00
6.4596E-02 7.9890E-02 9.5105E-02 1.0944E-01 1.2084E-01 1.2794E-01 1.3642E-01 1.5002E-01 1.6166E-01 1.7574E-01 1.8327E-01 2.0828E-01 2.2924E-01 2.5245E-01 2.6247E-01 2.8806E-01 3.2926E-01 3.5843E-01 4.1053E-01 4.4506E-01 5.1742E-01 6.2235E-01 7.0020E-01 8.7130E-01 1.0314E+00 1.2747E+00 1.5679E+00 1.9986E+00 3.0275E+00 5.4845E+00 3.7089E+00 3.2850E+00 3.8646E+00 6.6339E+00 6.3083E+00 6.2289E+00 5.4579E+00 4.2222E+00 4.3661E+00 6.5082E+00 1.3338E+01 1.0065E+01 6.3779E+00 4.1653E+00 4.3840E+00 1.7831E+01 5.5812E+00 3.9395E+00 3.7374E+00 3.6171E+00 3.1294E+00 2.6363E+00 2.2786E+00 1.9584E+00 1.7262E+00 1.4749E+00 1.2976E+00
6.3095E-02 8.1246E-02 9.5918E-02 1.0902E-01 1.2050E-01 1.3116E-01 1.4064E-01 1.5310E-01 1.6470E-01 1.8472E-01 1.9727E-01 2.0462E-01 2.2073E-01 2.4534E-01 2.7020E-01 2.9696E-01 3.5344E-01 3.6245E-01 4.0064E-01 4.6535E-01 5.4705E-01 6.5890E-01 7.8393E-01 9.0919E-01 1.0442E+00 1.2486E+00 1.5835E+00 2.0425E+00 2.5833E+00 3.9343E+00 3.6281E+00 3.7127E+00 4.5550E+00 6.0074E+00 8.7911E+00 9.7712E+00 4.8380E+00 3.9065E+00 4.2812E+00 6.4385E+00 1.3656E+01 9.3969E+00 6.9804E+00 5.2292E+00 4.4258E+00 7.0122E+00 5.4859E+00 3.8334E+00 3.3723E+00 3.4275E+00 2.8302E+00 2.4162E+00 2.1134E+00 1.8745E+00 1.6906E+00 1.4678E+00 1.2636E+00
6.7954E-02 8.2515E-02 9.7351E-02 1.1163E-01 1.2442E-01 1.3704E-01 1.4733E-01 1.5891E-01 1.7114E-01 1.8876E-01 1.9802E-01 2.1712E-01 2.3760E-01 2.6391E-01 2.9515E-01 3.2283E-01 3.6097E-01 3.8748E-01 4.2070E-01 4.8498E-01 5.7981E-01 6.7951E-01 7.8402E-01 8.8072E-01 9.9560E-01 1.2377E+00 1.4903E+00 1.8190E+00 2.4861E+00 3.1925E+00 3.5110E+00 4.6003E+00 5.9433E+00 7.0388E+00 9.9099E+00 1.1317E+01 6.6758E+00 4.5623E+00 3.9780E+00 5.9348E+00 8.9907E+00 8.3111E+00 6.0820E+00 4.9283E+00 5.0575E+00 4.9039E+00 4.5347E+00 3.5974E+00 3.3020E+00 3.1533E+00 2.7283E+00 2.3365E+00 1.9949E+00 1.8074E+00 1.6333E+00 1.4012E+00 1.2425E+00
7.1780E-02 8.6595E-02 1.0030E-01 1.1807E-01 1.3027E-01 1.4212E-01 1.5313E-01 1.6403E-01 1.7322E-01 1.8639E-01 2.0440E-01 2.2953E-01 2.3142E-01 2.5352E-01 2.8307E-01 3.0447E-01 3.6036E-01 3.9462E-01 4.3035E-01 4.9991E-01 5.7339E-01 6.4356E-01 7.5196E-01 8.6531E-01 9.8672E-01 1.1909E+00 1.4207E+00 1.7458E+00 2.4446E+00 3.1807E+00 3.7103E+00 4.9762E+00 8.5923E+00 9.7872E+00 1.1071E+01 9.9619E+00 6.1657E+00 4.3734E+00 4.1431E+00 5.0879E+00 7.0924E+00 6.5484E+00 5.0893E+00 3.9443E+00 3.9595E+00 4.3890E+00 4.2186E+00 3.4658E+00 3.0903E+00 3.0047E+00 2.5649E+00 2.2327E+00 1.9308E+00 1.7793E+00 1.6082E+00 1.3980E+00 1.2293E+00
6.9474E-02 8.8123E-02 1.0186E-01 1.1696E-01 1.2935E-01 1.4343E-01 1.5539E-01 1.5830E-01 1.7029E-01 1.7775E-01 1.9715E-01 2.3016E-01 2.5803E-01 2.7631E-01 2.8519E-01 3.1320E-01 3.5188E-01 3.8941E-01 4.5100E-01 4.9758E-01 5.4641E-01 6.3676E-01 6.9004E-01 8.0863E-01 9.7367E-01 1.0884E+00 1.3364E+00 1.6211E+00 2.4259E+00 3.0672E+00 4.2616E+00 6.8381E+00 1.1024E+01 1.7757E+01 1.3074E+01 8.5816E+00 5.5575E+00 4.7447E+00 4.2943E+00 4.6590E+00 6.1754E+00 5.4805E+00 4.5263E+00 3.6890E+00 3.5229E+00 3.7808E+00 3.7604E+00 3.5901E+00 2.9406E+00 2.8395E+00 2.4379E+00 2.0940E+00 1.8989E+00 1.6486E+00 1.5200E+00 1.3696E+00 1.2064E+00
7.0903E-02 8.7517E-02 1.0581E-01 1.2490E-01 1.3326E-01 1.4172E-01 1.5199E-01 1.6196E-01 1.7539E-01 1.9042E-01 2.1503E-01 2.2557E-01 2.4929E-01 2.7143E-01 2.9858E-01 3.1026E-01 3.5600E-01 4.1133E-01 4.6305E-01 5.0261E-01 5.5660E-01 6.4523E-01 7.5016E-01 8.5933E-01 9.4376E-01 1.0737E+00 1.3472E+00 1.7916E+00 2.4736E+00 3.4446E+00 4.6358E+00 8.0441E+00 9.9632E+00 1.9465E+01 1.3236E+01 8.5283E+00 5.7015E+00 4.7167E+00 4.6409E+00 4.7585E+00 5.3694E+00 4.9646E+00 4.0067E+00 3.5556E+00 3.4331E+00 3.2287E+00 3.0669E+00 2.8924E+00 2.7565E+00 2.6606E+00 2.4154E+00 2.0315E+00 1.8155E+00 1.5693E+00 1.3998E+00 1.2995E+00 1.1852E+00
7.3388E-02 8.9971E-02 1.0435E-01 1.1821E-01 1.3151E-01 1.4126E-01 1.5606E-01 1.6771E-01 1.8260E-01 2.0276E-01 2.1195E-01 2.3871E-01 2.5337E-01 2.7784E-01 3.0172E-01 3.3508E-01 3.5321E-01 3.9494E-01 4.5283E-01 5.2025E-01 5.7640E-01 6.5706E-01 7.6587E-01 8.4503E-01 9.6838E-01 1.1490E+00 1.4100E+00 1.8142E+00 2.6602E+00 3.5530E+00 4.6875E+00 9.3351E+00 9.2807E+00 1.4007E+01 1.0418E+01 7.6625E+00 5.3747E+00 4.8911E+00 4.9281E+00 4.6147E+00 4.9206E+00 4.2862E+00 3.7719E+00 3.4746E+00 3.3247E+00 3.2811E+00 2.9948E+00 2.7690E+00 2.6414E+00 2.4726E+00 2.2476E+00 2.0511E+00 1.8875E+00 1.6086E+00 1.4197E+00 1.2445E+00 1.1380E+00
7.5139E-02 9.3890E-02 1.1032E-01 1.2496E-01 1.3780E-01 1.5091E-01 1.6561E-01 1.7543E-01 1.9132E-01 2.0267E-01 2.2820E-01 2.4931E-01 2.7008E-01 2.9117E-01 3.0109E-01 3.3440E-01 3.7434E-01 4.0056E-01 4.8183E-01 5.1829E-01 5.5881E-01 6.6351E-01 7.4573E-01 8.3966E-01 9.7374E-01 1.1262E+00 1.4585E+00 1.8393E+00 2.5339E+00 3.1534E+00 4.3153E+00 6.4454E+00 7.7906E+00 9.8587E+00 8.3782E+00 6.6294E+00 5.0861E+00 4.4902E+00 4.6374E+00 4.6766E+00 4.5414E+00 4.4592E+00 3.5622E+00 3.3099E+00 3.2715E+00 3.2918E+00 3.0072E+00 2.6990E+00 2.5961E+00 2.4330E+00 2.1538E+00 1.8981E+00 1.8648E+00 1.6514E+00 1.3891E+00 1.2387E+00 1.1050E+00
7.7674E-02 9.5334E-02 1.1514E-01 1.3197E-01 1.4241E-01 1.5542E-01 1.6850E-01 1.8586E-01 2.0072E-01 2.0937E-01 2.2622E-01 2.4549E-01 2.6211E-01 2.8688E-01 3.2266E-01 3.3890E-01 3.6674E-01 4.0404E-01 4.7802E-01 5.4550E-01 5.8091E-01 6.3928E-01 7.3056E-01 8.1629E-01 1.0061E+00 1.2011E+00 1.5177E+00 1.8196E+00 2.3590E+00 2.9799E+00 3.5727E+00 5.0657E+00 5.8108E+00 7.6879E+00 7.0882E+00 6.1734E+00 5.1588E+00 4.6519E+00 4.5923E+00 4.3126E+00 4.5208E+00 4.2985E+00 3.7271E+00 3.3806E+00 3.0145E+00 3.2289E+00 2.9128E+00 2.6504E+00 2.3651E+00 2.2417E+00 2.0609E+00 1.8618E+00 1.6774E+00 1.5156E+00 1.3352E+00 1.2195E+00 1.0765E+00
8.0506E-02 9.8088E-02 1.1585E-01 1.3146E-01 1.4071E-01 1.5538E-01 1.7094E-01 1.8911E-01 2.0853E-01 2.2582E-01 2.4002E-01 2.5132E-01 2.7249E-01 3.0131E-01 3.1519E-01 3.3345E-01 3.9786E-01 4.1598E-01 4.4770E-01 5.1443E-01 5.7639E-01 6.4637E-01 7.5488E-01 8.6994E-01 1.0438E+00 1.2467E+00 1.5127E+00 1.8888E+00 2.3178E+00 2.6395E+00 3.2116E+00 4.2317E+00 5.1910E+00 6.1158E+00 6.1836E+00 5.3548E+00 4.9190E+00 4.3150E+00 4.2261E+00 4.1415E+00 3.9561E+00 3.6987E+00 3.4109E+00 3.2170E+00 3.0097E+00 2.7893E+00 2.6414E+00 2.4517E+00 2.2323E+00 2.1015E+00 1.9766E+00 1.7567E+00 1.5430E+00 1.3974E+00 1.3060E+00 1.1883E+00 1.1183E+00
8.6929E-02 1.0323E-01 1.1971E-01 1.3584E-01 1.5247E-01 1.6834E-01 1.8027E-01 1.9905E-01 2.2318E-01 2.3884E-01 2.4860E-01 2.6973E-01 2.7710E-01 3.0325E-01 3.2186E-01 3.5104E-01 3.6795E-01 4.1937E-01 4.4808E-01 4.9354E-01 5.7683E-01 6.9541E-01 7.8455E-01 9.1489E-01 1.0720E+00 1.2575E+00 1.4960E+00 1.7847E+00 2.0286E+00 2.4347E+00 3.1051E+00 3.8254E+00 5.0335E+00 5.4668E+00 5.3277E+00 4.9621E+00 4.3855E+00 4.2567E+00 3.8429E+00 3.9281E+00 3.7002E+00 3.4109E+00 3.1968E+00 2.8725E+00 2.8615E+00 2.6286E+00 2.4511E+00 2.2843E+00 1.9953E+00 1.8645E+00 1.7348E+00 1.6855E+00 1.5261E+00 1.3645E+00 1.2572E+00 1.0980E+00 1.0454E+00
8.7446E-02 1.0692E-01 1.2515E-01 1.3829E-01 1.5182E-01 1.7033E-01 1.9745E-01 1.9950E-01 2.1494E-01 2.3551E-01 2.5081E-01 2.5999E-01 2.6578E-01 2.8615E-01 3.2266E-01 3.5969E-01 3.8128E-01 4.0992E-01 4.5690E-01 5.2229E-01 5.8257E-01 7.3080E-01 8.4201E-01 9.7429E-01 1.0775E+00 1.2514E+00 1.5191E+00 1.7108E+00 1.9186E+00 2.3872E+00 2.8597E+00 3.3195E+00 4.2374E+00 4.8605E+00 4.7023E+00 4.3291E+00 3.8896E+00 3.6457E+00 3.4572E+00 3.4444E+00 3.2629E+00 3.1592E+00 3.0012E+00 2.6756E+00 2.6003E+00 2.4545E+00 2.2389E+00 2.1424E+00 1.9386E+00 1.7296E+00 1.6001E+00 1.5268E+00 1.4394E+00 1.3108E+00 1.1880E+00 1.0951E+00 1.0078E+00
8.8456E-02 1.0964E-01 1.2511E-01 1.4163E-01 1.5962E-01 1.8618E-01 1.9254E-01 2.1119E-01 2.1989E-01 2.3538E-01 2.4749E-01 2.5325E-01 2.7039E-01 3.0009E-01 3.1740E-01 3.4718E-01 3.8618E-01 4.2583E-01 4.8936E-01 5.3922E-01 6.1262E-01 7.3625E-01 8.6013E-01 9.2755E-01 1.0084E+00 1.2650E+00 1.3736E+00 1.5426E+00 1.8349E+00 2.1731E+00 2.6057E+00 3.1650E+00 3.7588E+00 4.2208E+00 4.1492E+00 3.6573E+00 3.4584E+00 3.2827E+00 3.0705E+00 3.1039E+00 3.0055E+00 2.9251E+00 2.6170E+00 2.5355E+00 2.3518E+00 2.2762E+00 2.1071E+00 2.0205E+00 1.8221E+00 1.6122E+00 1.4927E+00 1.3694E+00 1.3200E+00 1.2284E+00 1.1324E+00 1.0348E+00 9.6809E-01
