20231023_webinar_progetto_murano/refs/data_input_report_tx_finale/lapost_grid/pct1h98.grd
ncols        81
nrows        81
xllcorner      7.602250000E+05
yllcorner      5.036725000E+06
cellsize      5.000000000E+01
nodata_value         -9
[rows 50 to 74 of 81, columns 0 to 56 of 81]
8.8370E-02 1.0780E-01 1.2810E-01 1.4733E-01 1.6420E-01 1.7969E-01 1.9334E-01 2.0556E-01 2.2087E-01 2.3082E-01 2.4253E-01 2.5977E-01 2.7784E-01 2.9961E-01 3.2087E-01 3.5822E-01 4.0278E-01 4.7001E-01 5.0691E-01 5.7443E-01 6.2883E-01 7.2435E-01 7.8216E-01 8.6795E-01 9.8537E-01 1.1072E+00 1.2767E+00 1.4693E+00 1.6611E+00 1.9616E+00 2.3095E+00 2.7333E+00 3.2904E+00 3.6070E+00 3.5743E+00 3.3539E+00 3.0158E+00 2.8639E+00 2.7754E+00 2.7652E+00 2.7051E+00 2.5930E+00 2.4219E+00 2.2854E+00 2.0439E+00 2.0347E+00 1.9299E+00 1.8105E+00 1.6866E+00 1.6055E+00 1.4414E+00 1.3125E+00 1.2170E+00 1.1367E+00 1.0508E+00 9.8927E-01 9.1754E-01
8.7166E-02 1.0684E-01 1.2488E-01 1.4392E-01 1.6657E-01 1.8164E-01 2.0276E-01 2.1578E-01 2.1946E-01 2.3027E-01 2.4746E-01 2.6985E-01 2.8913E-01 3.0388E-01 3.2771E-01 3.7085E-01 4.1108E-01 4.6995E-01 5.0315E-01 5.3180E-01 5.7901E-01 6.7993E-01 7.5292E-01 8.2930E-01 9.5353E-01 1.0404E+00 1.2123E+00 1.3841E+00 1.6573E+00 1.8966E+00 2.0254E+00 2.4191E+00 2.7499E+00 3.1496E+00 2.9375E+00 3.0344E+00 2.6163E+00 2.5972E+00 2.4510E+00 2.4803E+00 2.4462E+00 2.2921E+00 2.1887E+00 2.0463E+00 1.8523E+00 1.7993E+00 1.7236E+00 1.6688E+00 1.6024E+00 1.4897E+00 1.3590E+00 1.2983E+00 1.1667E+00 1.0717E+00 9.9348E-01 9.3962E-01 8.8459E-01
8.9046E-02 1.0904E-01 1.2923E-01 1.5025E-01 1.7049E-01 1.8404E-01 1.9635E-01 2.0860E-01 2.1839E-01 2.3487E-01 2.4831E-01 2.7408E-01 2.8758E-01 3.1158E-01 3.3559E-01 3.7549E-01 4.1495E-01 4.6271E-01 4.9268E-01 5.2808E-01 5.9530E-01 6.5852E-01 7.2228E-01 7.8612E-01 9.0516E-01 1.0152E+00 1.1301E+00 1.3271E+00 1.5314E+00 1.6798E+00 1.9133E+00 2.1980E+00 2.5551E+00 2.8118E+00 2.6253E+00 2.6883E+00 2.3398E+00 2.2449E+00 2.1984E+00 2.2318E+00 2.1717E+00 2.1204E+00 1.9660E+00 1.8448E+00 1.6899E+00 1.6517E+00 1.5372E+00 1.5334E+00 1.4334E+00 1.4125E+00 1.2681E+00 1.1796E+00 1.1328E+00 1.0472E+00 9.4319E-01 9.0081E-01 8.3710E-01
8.8868E-02 1.0871E-01 1.2891E-01 1.4845E-01 1.6397E-01 1.7839E-01 1.8876E-01 2.0913E-01 2.2322E-01 2.4095E-01 2.5944E-01 2.6932E-01 2.9163E-01 3.1515E-01 3.5499E-01 3.7685E-01 4.0872E-01 4.5959E-01 4.9303E-01 5.3793E-01 5.9413E-01 6.2104E-01 6.8489E-01 7.6510E-01 8.3261E-01 9.5690E-01 1.0525E+00 1.2049E+00 1.3608E+00 1.4871E+00 1.7409E+00 1.9431E+00 2.3041E+00 2.4578E+00 2.2143E+00 2.3528E+00 2.1417E+00 2.0005E+00 2.0349E+00 2.0048E+00 1.9901E+00 1.9223E+00 1.7542E+00 1.7042E+00 1.5640E+00 1.5235E+00 1.4176E+00 1.3844E+00 1.2875E+00 1.2334E+00 1.1947E+00 1.1174E+00 1.0575E+00 1.0073E+00 9.1978E-01 8.4921E-01 8.0418E-01
8.8661E-02 1.0593E-01 1.2620E-01 1.4509E-01 1.5729E-01 1.6723E-01 1.8422E-01 2.0510E-01 2.2099E-01 2.3514E-01 2.4811E-01 2.7446E-01 2.8904E-01 3.0944E-01 3.3921E-01 3.6795E-01 3.9989E-01 4.2291E-01 4.6765E-01 5.1817E-01 5.3501E-01 5.8334E-01 6.5897E-01 7.2459E-01 8.0680E-01 9.0323E-01 1.0138E+00 1.1053E+00 1.2920E+00 1.3907E+00 1.5393E+00 1.8466E+00 1.9671E+00 2.1476E+00 1.9953E+00 2.0994E+00 1.9442E+00 1.7684E+00 1.7826E+00 1.7796E+00 1.7885E+00 1.7354E+00 1.5885E+00 1.5670E+00 1.4734E+00 1.4040E+00 1.3220E+00 1.2491E+00 1.1902E+00 1.1329E+00 1.0885E+00 1.0307E+00 1.0147E+00 9.4529E-01 8.9735E-01 8.3979E-01 7.8841E-01
8.3287E-02 1.0138E-01 1.2025E-01 1.3948E-01 1.5590E-01 1.7076E-01 1.9278E-01 2.0246E-01 2.1435E-01 2.2998E-01 2.5430E-01 2.6604E-01 2.7662E-01 2.9785E-01 3.3483E-01 3.6729E-01 3.9308E-01 4.0838E-01 4.5587E-01 4.8369E-01 5.4004E-01 5.7698E-01 6.2505E-01 6.9781E-01 7.6403E-01 8.7536E-01 9.9727E-01 1.0758E+00 1.2254E+00 1.2901E+00 1.4865E+00 1.6829E+00 1.8632E+00 1.8704E+00 1.8065E+00 1.9354E+00 1.7765E+00 1.6279E+00 1.6326E+00 1.6619E+00 1.6299E+00 1.5698E+00 1.4499E+00 1.4315E+00 1.3767E+00 1.3075E+00 1.2653E+00 1.1723E+00 1.0994E+00 1.0583E+00 1.0143E+00 9.5129E-01 9.1911E-01 9.1968E-01 8.8073E-01 8.2730E-01 7.6944E-01
8.2985E-02 9.9418E-02 1.1711E-01 1.3597E-01 1.5071E-01 1.6688E-01 1.7961E-01 1.9859E-01 2.1741E-01 2.3263E-01 2.4743E-01 2.5693E-01 2.6711E-01 3.1476E-01 3.2954E-01 3.3670E-01 3.8920E-01 4.1057E-01 4.5536E-01 4.9036E-01 5.3292E-01 5.4726E-01 6.1167E-01 6.8391E-01 7.3393E-01 8.2603E-01 9.2353E-01 1.0309E+00 1.1264E+00 1.2187E+00 1.3703E+00 1.5819E+00 1.6911E+00 1.6829E+00 1.6913E+00 1.7308E+00 1.6687E+00 1.5286E+00 1.5199E+00 1.5548E+00 1.4838E+00 1.4456E+00 1.3743E+00 1.3176E+00 1.2470E+00 1.2044E+00 1.1887E+00 1.0926E+00 1.0573E+00 1.0365E+00 9.7834E-01 8.8636E-01 8.6629E-01 8.5202E-01 8.4474E-01 8.0665E-01 7.4011E-01
7.9062E-02 9.6337E-02 1.1292E-01 1.2944E-01 1.4527E-01 1.6234E-01 1.8016E-01 2.0209E-01 2.2483E-01 2.2638E-01 2.3369E-01 2.6021E-01 2.7769E-01 2.9141E-01 3.1429E-01 3.2729E-01 3.6550E-01 4.0358E-01 4.4583E-01 4.8520E-01 4.9739E-01 5.4303E-01 5.8532E-01 6.5259E-01 7.1365E-01 8.0439E-01 8.6223E-01 9.6026E-01 1.0690E+00 1.1127E+00 1.2972E+00 1.4516E+00 1.5395E+00 1.5801E+00 1.6111E+00 1.5909E+00 1.5423E+00 1.4264E+00 1.4160E+00 1.4198E+00 1.3954E+00 1.3260E+00 1.2854E+00 1.2338E+00 1.1788E+00 1.1484E+00 1.1186E+00 1.0379E+00 1.0305E+00 9.7771E-01 9.4998E-01 8.5858E-01 8.3248E-01 8.0148E-01 7.8370E-01 7.6256E-01 7.1525E-01
7.8565E-02 9.2994E-02 1.1543E-01 1.3252E-01 1.4891E-01 1.6907E-01 1.8797E-01 2.0771E-01 2.0286E-01 2.0707E-01 2.2944E-01 2.4916E-01 2.6416E-01 2.8428E-01 3.0360E-01 3.2382E-01 3.5916E-01 4.1011E-01 4.2124E-01 4.4435E-01 4.7561E-01 5.2461E-01 5.8939E-01 6.3736E-01 7.2620E-01 7.4100E-01 8.2873E-01 9.2365E-01 9.9777E-01 1.0878E+00 1.2152E+00 1.3711E+00 1.4396E+00 1.4754E+00 1.5069E+00 1.4508E+00 1.4052E+00 1.3597E+00 1.3150E+00 1.3459E+00 1.3028E+00 1.2477E+00 1.2080E+00 1.1676E+00 1.1099E+00 1.0896E+00 1.0587E+00 9.9879E-01 9.4697E-01 9.2713E-01 9.0112E-01 8.4182E-01 7.9597E-01 7.7209E-01 7.3154E-01 7.1686E-01 6.9346E-01
8.0776E-02 1.0090E-01 1.1880E-01 1.3853E-01 1.5786E-01 1.8064E-01 1.9133E-01 1.8754E-01 2.0218E-01 2.2630E-01 2.3789E-01 2.4742E-01 2.6796E-01 2.8593E-01 2.8631E-01 3.2609E-01 3.6830E-01 3.8737E-01 4.1282E-01 4.2247E-01 4.6502E-01 5.1051E-01 5.5040E-01 6.1740E-01 6.7033E-01 7.1717E-01 7.8983E-01 8.9718E-01 9.2535E-01 1.0128E+00 1.1386E+00 1.2557E+00 1.3503E+00 1.3629E+00 1.3548E+00 1.3367E+00 1.2837E+00 1.2794E+00 1.2700E+00 1.2357E+00 1.2232E+00 1.1715E+00 1.1170E+00 1.0943E+00 1.0451E+00 1.0352E+00 1.0028E+00 9.6373E-01 9.0743E-01 8.7453E-01 8.6792E-01 8.2228E-01 7.7528E-01 7.3948E-01 7.0191E-01 6.7406E-01 6.7581E-01
8.3609E-02 1.0490E-01 1.2556E-01 1.4680E-01 1.6748E-01 1.7411E-01 1.7220E-01 1.9037E-01 2.1393E-01 2.3644E-01 2.4722E-01 2.6013E-01 2.5929E-01 2.6212E-01 2.8580E-01 3.2423E-01 3.5390E-01 3.8556E-01 4.0801E-01 4.1266E-01 4.3875E-01 4.9187E-01 5.4805E-01 6.0115E-01 6.3232E-01 6.8945E-01 7.5755E-01 8.4578E-01 8.7039E-01 9.7808E-01 1.0933E+00 1.1452E+00 1.2354E+00 1.2577E+00 1.2414E+00 1.2487E+00 1.2148E+00 1.1923E+00 1.1901E+00 1.1428E+00 1.1048E+00 1.1084E+00 1.0691E+00 1.0393E+00 1.0005E+00 9.9978E-01 9.4844E-01 9.2523E-01 8.7063E-01 8.3526E-01 8.4466E-01 7.9338E-01 7.4660E-01 6.9916E-01 6.6716E-01 6.4024E-01 6.2272E-01
8.5237E-02 1.1143E-01 1.3292E-01 1.5001E-01 1.5601E-01 1.6449E-01 1.7174E-01 1.9784E-01 2.2011E-01 2.3318E-01 2.2566E-01 2.3585E-01 2.4130E-01 2.6069E-01 2.8180E-01 3.1346E-01 3.4982E-01 3.6692E-01 3.8894E-01 4.0174E-01 4.4467E-01 4.7917E-01 5.2357E-01 5.6639E-01 6.2088E-01 6.7485E-01 7.4424E-01 8.0150E-01 8.4948E-01 9.2955E-01 1.0403E+00 1.0767E+00 1.1550E+00 1.1509E+00 1.1771E+00 1.1341E+00 1.1354E+00 1.1531E+00 1.1272E+00 1.0860E+00 1.0503E+00 1.0432E+00 1.0263E+00 9.9763E-01 9.6692E-01 9.5819E-01 9.0303E-01 8.7745E-01 8.4932E-01 8.1817E-01 8.0716E-01 7.5288E-01 7.1990E-01 6.8007E-01 6.4497E-01 6.1877E-01 5.9974E-01
8.6134E-02 1.1096E-01 1.2513E-01 1.2820E-01 1.4400E-01 1.5998E-01 1.9068E-01 2.0898E-01 2.1690E-01 2.1833E-01 2.1486E-01 2.2341E-01 2.3333E-01 2.5663E-01 2.7166E-01 3.0588E-01 3.2780E-01 3.4937E-01 3.6539E-01 3.9584E-01 4.4801E-01 4.7114E-01 5.1375E-01 5.6042E-01 5.8962E-01 6.5474E-01 7.1873E-01 7.6607E-01 8.0713E-01 9.1164E-01 9.7794E-01 1.0383E+00 1.0792E+00 1.0909E+00 1.0848E+00 1.0595E+00 1.0577E+00 1.0986E+00 1.0856E+00 1.0314E+00 1.0117E+00 9.9565E-01 9.9639E-01 9.5543E-01 9.3177E-01 9.0600E-01 8.7434E-01 8.3267E-01 8.0617E-01 7.6259E-01 7.5554E-01 7.2157E-01 6.9528E-01 6.4466E-01 6.3255E-01 6.0647E-01 5.8158E-01
8.3308E-02 1.0095E-01 1.1920E-01 1.3632E-01 1.5842E-01 1.8321E-01 2.0702E-01 1.9790E-01 1.9772E-01 2.1055E-01 2.0742E-01 2.0633E-01 2.2494E-01 2.3883E-01 2.6797E-01 3.0132E-01 3.2055E-01 3.4210E-01 3.5642E-01 3.9735E-01 4.2304E-01 4.5790E-01 4.9018E-01 5.3774E-01 5.6866E-01 6.0997E-01 7.0038E-01 7.3114E-01 7.7214E-01 8.4005E-01 9.1188E-01 9.7932E-01 1.0130E+00 1.0262E+00 1.0219E+00 1.0010E+00 1.0236E+00 1.0424E+00 1.0398E+00 9.9993E-01 9.7242E-01 9.5704E-01 9.4233E-01 9.1639E-01 8.9375E-01 8.6436E-01 8.3895E-01 8.0932E-01 7.5543E-01 7.3409E-01 7.2033E-01 6.7842E-01 6.5564E-01 6.1547E-01 6.0438E-01 5.8603E-01 5.7360E-01
8.3870E-02 1.0363E-01 1.2268E-01 1.4041E-01 1.6673E-01 1.8224E-01 1.7490E-01 1.7531E-01 1.9087E-01 1.9675E-01 1.8671E-01 1.9828E-01 2.1571E-01 2.3832E-01 2.6244E-01 2.7046E-01 3.0278E-01 3.2412E-01 3.4558E-01 3.8514E-01 4.0001E-01 4.4010E-01 4.6258E-01 5.0607E-01 5.4670E-01 5.8908E-01 6.5574E-01 6.8586E-01 7.4829E-01 8.1063E-01 8.5895E-01 9.4522E-01 9.4183E-01 9.6895E-01 9.7113E-01 9.6259E-01 9.5820E-01 9.9318E-01 9.8329E-01 9.6116E-01 9.4998E-01 9.3454E-01 9.0015E-01 8.8946E-01 8.6331E-01 8.2330E-01 8.0360E-01 7.7598E-01 7.1881E-01 7.0754E-01 6.8227E-01 6.5595E-01 6.1711E-01 6.0870E-01 5.8016E-01 5.6261E-01 5.6546E-01
8.2797E-02 1.0601E-01 1.2008E-01 1.3737E-01 1.4680E-01 1.5238E-01 1.5982E-01 1.7115E-01 1.8058E-01 1.7505E-01 1.8426E-01 2.0060E-01 2.2038E-01 2.3960E-01 2.3351E-01 2.5608E-01 2.8148E-01 3.0573E-01 3.2984E-01 3.4223E-01 3.6829E-01 4.1274E-01 4.4296E-01 4.7136E-01 5.1228E-01 5.7165E-01 6.0698E-01 6.4862E-01 7.2289E-01 7.7267E-01 8.1004E-01 9.0154E-01 8.8610E-01 9.2109E-01 9.1778E-01 9.3100E-01 9.0642E-01 9.4701E-01 9.5251E-01 9.2609E-01 9.0244E-01 8.9511E-01 8.5666E-01 8.5740E-01 8.3695E-01 8.0515E-01 7.7934E-01 7.4373E-01 6.9048E-01 6.8055E-01 6.5447E-01 6.3655E-01 6.0540E-01 5.9561E-01 5.6514E-01 5.4591E-01 5.4315E-01
8.8299E-02 1.0710E-01 1.1999E-01 1.2969E-01 1.4442E-01 1.5454E-01 1.6154E-01 1.6642E-01 1.6369E-01 1.7053E-01 1.8625E-01 1.9662E-01 2.1518E-01 2.1631E-01 2.2498E-01 2.4297E-01 2.6638E-01 2.8944E-01 3.0153E-01 3.1839E-01 3.6419E-01 3.7815E-01 4.1866E-01 4.5421E-01 4.7807E-01 5.4371E-01 5.6901E-01 6.1912E-01 6.7298E-01 7.3078E-01 8.0081E-01 8.4946E-01 8.4624E-01 8.7609E-01 8.6849E-01 9.0227E-01 8.6605E-01 8.9420E-01 8.9963E-01 8.9306E-01 8.6390E-01 8.4279E-01 8.0364E-01 8.1720E-01 8.0297E-01 7.7242E-01 7.3611E-01 7.3335E-01 6.7555E-01 6.5340E-01 6.5645E-01 5.9680E-01 5.7846E-01 5.6311E-01 5.5622E-01 5.3506E-01 5.1483E-01
8.5210E-02 1.0364E-01 1.2219E-01 1.3258E-01 1.4629E-01 1.4878E-01 1.5540E-01 1.5603E-01 1.5707E-01 1.6917E-01 1.8219E-01 1.9473E-01 2.0321E-01 2.1063E-01 2.1548E-01 2.3450E-01 2.5021E-01 2.6494E-01 2.8995E-01 3.1172E-01 3.3713E-01 3.5318E-01 4.0584E-01 4.3576E-01 4.5813E-01 5.0883E-01 5.3988E-01 5.9681E-01 6.5613E-01 7.0947E-01 7.9727E-01 8.0674E-01 8.1688E-01 8.5656E-01 8.4409E-01 8.5859E-01 8.3753E-01 8.4568E-01 8.6523E-01 8.5758E-01 8.3635E-01 8.1725E-01 7.8046E-01 7.7860E-01 7.7390E-01 7.5382E-01 7.1379E-01 7.0654E-01 6.6135E-01 6.3108E-01 6.2211E-01 5.9883E-01 5.6481E-01 5.3939E-01 5.3538E-01 5.2333E-01 5.1122E-01
8.6400E-02 1.0540E-01 1.2051E-01 1.3058E-01 1.3924E-01 1.4453E-01 1.4763E-01 1.5335E-01 1.5466E-01 1.6318E-01 1.7471E-01 1.8463E-01 1.9721E-01 2.0262E-01 2.1273E-01 2.2851E-01 2.3547E-01 2.5310E-01 2.8281E-01 3.0683E-01 3.1934E-01 3.3894E-01 3.8673E-01 4.1894E-01 4.5130E-01 4.8167E-01 5.1788E-01 5.8144E-01 6.3145E-01 7.0339E-01 7.5881E-01 7.6438E-01 7.9386E-01 8.2507E-01 8.0475E-01 8.2861E-01 8.2069E-01 8.0770E-01 8.2002E-01 8.1470E-01 8.1648E-01 7.9236E-01 7.5659E-01 7.4778E-01 7.5987E-01 7.2793E-01 7.0106E-01 6.7924E-01 6.2216E-01 6.0803E-01 5.9178E-01 5.7550E-01 5.4376E-01 5.3167E-01 5.1381E-01 5.0219E-01 4.9100E-01
8.3127E-02 1.0021E-01 1.1580E-01 1.2806E-01 1.3485E-01 1.4176E-01 1.4551E-01 1.4741E-01 1.4954E-01 1.6640E-01 1.7421E-01 1.8044E-01 1.8986E-01 1.9524E-01 2.1274E-01 2.2372E-01 2.3336E-01 2.5694E-01 2.7161E-01 2.9095E-01 3.1570E-01 3.4628E-01 3.7231E-01 4.0106E-01 4.3174E-01 4.7353E-01 5.0724E-01 5.5980E-01 6.0275E-01 6.8367E-01 7.2884E-01 7.4378E-01 7.6556E-01 7.8341E-01 7.8524E-01 7.9828E-01 7.9208E-01 7.6996E-01 7.7588E-01 7.7267E-01 7.7689E-01 7.6827E-01 7.3962E-01 7.2644E-01 7.1617E-01 7.0275E-01 6.8105E-01 6.4612E-01 6.0401E-01 5.8925E-01 5.6789E-01 5.4922E-01 5.3502E-01 5.1928E-01 4.9032E-01 4.8317E-01 4.6471E-01
7.7949E-02 1.0124E-01 1.1593E-01 1.2456E-01 1.3596E-01 1.4064E-01 1.3767E-01 1.4719E-01 1.5324E-01 1.6075E-01 1.6733E-01 1.7762E-01 1.8643E-01 2.0373E-01 2.1294E-01 2.1677E-01 2.3395E-01 2.5620E-01 2.7031E-01 2.8409E-01 3.0223E-01 3.4277E-01 3.6678E-01 3.8841E-01 4.3192E-01 4.5951E-01 4.9356E-01 5.4465E-01 5.9671E-01 6.5388E-01 7.0681E-01 7.1304E-01 7.3731E-01 7.4897E-01 7.5848E-01 7.6580E-01 7.5573E-01 7.3689E-01 7.4104E-01 7.3988E-01 7.4075E-01 7.2861E-01 7.2173E-01 6.9203E-01 6.8545E-01 6.7394E-01 6.4352E-01 6.1779E-01 5.8319E-01 5.5711E-01 5.6321E-01 5.1935E-01 5.1361E-01 4.9876E-01 4.8001E-01 4.6783E-01 4.5301E-01
7.4697E-02 9.5996E-02 1.1557E-01 1.2567E-01 1.3533E-01 1.3519E-01 1.3957E-01 1.4525E-01 1.5653E-01 1.5809E-01 1.7045E-01 1.7667E-01 1.9034E-01 1.9852E-01 2.0754E-01 2.1665E-01 2.3366E-01 2.5321E-01 2.6492E-01 2.8065E-01 3.0268E-01 3.3616E-01 3.6683E-01 3.8210E-01 4.1317E-01 4.4189E-01 4.8022E-01 5.2461E-01 5.8400E-01 6.2891E-01 6.7271E-01 6.7672E-01 7.0131E-01 7.1361E-01 7.2059E-01 7.2946E-01 7.0869E-01 6.9806E-01 6.9642E-01 7.0489E-01 6.9216E-01 6.9158E-01 6.8603E-01 6.5233E-01 6.3733E-01 6.4367E-01 6.2112E-01 5.9588E-01 5.6312E-01 5.3986E-01 5.3165E-01 5.0920E-01 4.8817E-01 4.7934E-01 4.6150E-01 4.4848E-01 4.3316E-01
7.3390E-02 9.7221E-02 1.1494E-01 1.2220E-01 1.2933E-01 1.3294E-01 1.3869E-01 1.4885E-01 1.4989E-01 1.5377E-01 1.6968E-01 1.7732E-01 1.9201E-01 1.9827E-01 2.0007E-01 2.1541E-01 2.2760E-01 2.4499E-01 2.5761E-01 2.8365E-01 3.1084E-01 3.3148E-01 3.5704E-01 3.8058E-01 4.0933E-01 4.3160E-01 4.6249E-01 5.0272E-01 5.6704E-01 6.0983E-01 6.4078E-01 6.5263E-01 6.6256E-01 6.8342E-01 6.8775E-01 6.9608E-01 6.7722E-01 6.5504E-01 6.5633E-01 6.6773E-01 6.6770E-01 6.5961E-01 6.4935E-01 6.2302E-01 6.0806E-01 6.1518E-01 6.0123E-01 5.6999E-01 5.3828E-01 5.2932E-01 5.0644E-01 4.9090E-01 4.6171E-01 4.5210E-01 4.3645E-01 4.3374E-01 4.2024E-01
7.5879E-02 9.5822E-02 1.0915E-01 1.2138E-01 1.2493E-01 1.3484E-01 1.3553E-01 1.4525E-01 1.4763E-01 1.5802E-01 1.6968E-01 1.7641E-01 1.8692E-01 1.9059E-01 2.0061E-01 2.0882E-01 2.2342E-01 2.3792E-01 2.5548E-01 2.8252E-01 3.0600E-01 3.3540E-01 3.4497E-01 3.7415E-01 4.0160E-01 4.0992E-01 4.4048E-01 4.7285E-01 5.3633E-01 5.7191E-01 6.0071E-01 6.2662E-01 6.4102E-01 6.4454E-01 6.5738E-01 6.5553E-01 6.4052E-01 6.1793E-01 6.2615E-01 6.4433E-01 6.2943E-01 6.2854E-01 6.0511E-01 5.9024E-01 5.7193E-01 5.8069E-01 5.8016E-01 5.3768E-01 5.1254E-01 5.0885E-01 4.8730E-01 4.7520E-01 4.5121E-01 4.3295E-01 4.2170E-01 4.1119E-01 4.0350E-01
7.7336E-02 9.6561E-02 1.0903E-01 1.2173E-01 1.2972E-01 1.3340E-01 1.2951E-01 1.3962E-01 1.4393E-01 1.5892E-01 1.6340E-01 1.7625E-01 1.8570E-01 1.8235E-01 1.9072E-01 2.0395E-01 2.2055E-01 2.3334E-01 2.5768E-01 2.7624E-01 3.0155E-01 3.2729E-01 3.3365E-01 3.5641E-01 3.7969E-01 4.0323E-01 4.2125E-01 4.4096E-01 4.8018E-01 5.2694E-01 5.5426E-01 5.8543E-01 6.0546E-01 6.1481E-01 6.2573E-01 6.2972E-01 6.0686E-01 5.8985E-01 5.8539E-01 5.9161E-01 5.9003E-01 5.9413E-01 5.8015E-01 5.6362E-01 5.2866E-01 5.4926E-01 5.4854E-01 5.1728E-01 4.8705E-01 4.6960E-01 4.6479E-01 4.4108E-01 4.2856E-01 4.0390E-01 3.8959E-01 3.8587E-01 3.9073E-01
