20231023_webinar_progetto_murano/refs/data_input_report_tx_finale/lapost_grid/pct24h98.grd
ncols        81
nrows        81
xllcorner      7.602250000E+05
yllcorner      5.036725000E+06
cellsize      5.000000000E+01
nodata_value         -9
[rows 50 to 74 of 81, columns 0 to 56 of 81]
3.8538E-02 4.8071E-02 5.7319E-02 6.5673E-02 7.3102E-02 7.9893E-02 8.6731E-02 9.3950E-02 1.0130E-01 1.0895E-01 1.2131E-01 1.3518E-01 1.5126E-01 1.7027E-01 1.9317E-01 2.0357E-01 2.1064E-01 2.1782E-01 2.1897E-01 2.1006E-01 2.6483E-01 3.0900E-01 3.8371E-01 3.7337E-01 3.5112E-01 3.9545E-01 4.7400E-01 5.4593E-01 6.0432E-01 8.5218E-01 9.5367E-01 1.3014E+00 1.2855E+00 1.5450E+00 1.5940E+00 1.5097E+00 1.2641E+00 1.3689E+00 1.3340E+00 1.2592E+00 1.1968E+00 1.1008E+00 9.3601E-01 8.9267E-01 8.9066E-01 8.5922E-01 8.0777E-01 7.5430E-01 6.9660E-01 6.4839E-01 5.7853E-01 5.4420E-01 5.2303E-01 5.0231E-01 4.8765E-01 4.7279E-01 4.5792E-01
3.8633E-02 4.8097E-02 5.7318E-02 6.5733E-02 7.3318E-02 8.0185E-02 8.6815E-02 9.3921E-02 1.0446E-01 1.1678E-01 1.3064E-01 1.4592E-01 1.6299E-01 1.6980E-01 1.7324E-01 1.7551E-01 1.7877E-01 1.8299E-01 1.9251E-01 2.3864E-01 3.0719E-01 3.3776E-01 3.1314E-01 3.1226E-01 3.4803E-01 3.9296E-01 4.5731E-01 5.1917E-01 6.1932E-01 7.5804E-01 8.8808E-01 1.1739E+00 1.1370E+00 1.3063E+00 1.3414E+00 1.3026E+00 1.1118E+00 1.1536E+00 1.2065E+00 1.1111E+00 1.0291E+00 9.7052E-01 8.4911E-01 8.3138E-01 8.3876E-01 8.1708E-01 7.5521E-01 6.9724E-01 6.4353E-01 5.9548E-01 5.4908E-01 5.1859E-01 4.9907E-01 4.7438E-01 4.4150E-01 4.2924E-01 4.3360E-01
3.8382E-02 4.7621E-02 5.6557E-02 6.4690E-02 7.2132E-02 8.0879E-02 8.9855E-02 9.9707E-02 1.1111E-01 1.2431E-01 1.3884E-01 1.4615E-01 1.4808E-01 1.4959E-01 1.5079E-01 1.5045E-01 1.5216E-01 1.8046E-01 2.2919E-01 2.7337E-01 2.9815E-01 2.6846E-01 2.6673E-01 3.0385E-01 3.4657E-01 3.9423E-01 4.3902E-01 5.1530E-01 6.3866E-01 7.0479E-01 8.0833E-01 1.0326E+00 1.0107E+00 1.1144E+00 1.1486E+00 1.0889E+00 1.1028E+00 1.0270E+00 1.1076E+00 1.0097E+00 9.4854E-01 8.7379E-01 7.8241E-01 7.8637E-01 7.8763E-01 7.5574E-01 6.9485E-01 6.4531E-01 6.1511E-01 5.4167E-01 5.0847E-01 4.7196E-01 4.6539E-01 4.5107E-01 4.1868E-01 3.7968E-01 3.7979E-01
3.9660E-02 4.8725E-02 5.7537E-02 6.6328E-02 7.5426E-02 8.4894E-02 9.4763E-02 1.0551E-01 1.1747E-01 1.2451E-01 1.2838E-01 1.3031E-01 1.3069E-01 1.3029E-01 1.2964E-01 1.4735E-01 1.7088E-01 1.9965E-01 2.3949E-01 2.4555E-01 2.2304E-01 2.2641E-01 2.7581E-01 3.0100E-01 3.5338E-01 3.7920E-01 4.6382E-01 5.2608E-01 6.0706E-01 6.9767E-01 7.9902E-01 9.4449E-01 9.2088E-01 1.0140E+00 1.0174E+00 9.5559E-01 9.8439E-01 9.0885E-01 9.4724E-01 9.1965E-01 8.9413E-01 7.9152E-01 7.4550E-01 7.3514E-01 7.2029E-01 6.8815E-01 6.4656E-01 6.0293E-01 5.6444E-01 5.2987E-01 4.5888E-01 4.4487E-01 4.2403E-01 4.2659E-01 3.9894E-01 3.6380E-01 3.3180E-01
4.1202E-02 5.0603E-02 5.9704E-02 6.8860E-02 7.8467E-02 8.8587E-02 9.7585E-02 1.0306E-01 1.0796E-01 1.1196E-01 1.1439E-01 1.1485E-01 1.1750E-01 1.2828E-01 1.4175E-01 1.6452E-01 1.9098E-01 2.0973E-01 2.0869E-01 1.8810E-01 2.0427E-01 2.3085E-01 2.5838E-01 3.1134E-01 3.3949E-01 3.7408E-01 4.5746E-01 5.2757E-01 5.4947E-01 6.7111E-01 7.5381E-01 8.4161E-01 8.5837E-01 9.0770E-01 9.1890E-01 8.7892E-01 8.7277E-01 8.0888E-01 8.2091E-01 8.6681E-01 8.3736E-01 7.4973E-01 7.1810E-01 6.9591E-01 6.7207E-01 6.4367E-01 6.0900E-01 5.6838E-01 5.2744E-01 4.8911E-01 4.5724E-01 4.1190E-01 3.9512E-01 3.9397E-01 3.8110E-01 3.5228E-01 3.1888E-01
4.2785E-02 5.2637E-02 6.2169E-02 7.1299E-02 7.7583E-02 8.3256E-02 8.8499E-02 9.3329E-02 9.7361E-02 1.0007E-01 1.0277E-01 1.1409E-01 1.2746E-01 1.4290E-01 1.6058E-01 1.7465E-01 1.8014E-01 1.8360E-01 1.7074E-01 1.8769E-01 1.9698E-01 2.2667E-01 2.6931E-01 3.0759E-01 3.1637E-01 3.6421E-01 4.2998E-01 4.8441E-01 5.5769E-01 6.4154E-01 7.1010E-01 7.7248E-01 7.7223E-01 8.0852E-01 8.3289E-01 8.1378E-01 7.6824E-01 7.3114E-01 7.6059E-01 7.8130E-01 7.7417E-01 7.0790E-01 6.7857E-01 6.6429E-01 6.3958E-01 6.0609E-01 5.7302E-01 5.3810E-01 4.9912E-01 4.5994E-01 4.3043E-01 3.8993E-01 3.7467E-01 3.6193E-01 3.6193E-01 3.3958E-01 3.0968E-01
4.0132E-02 5.0224E-02 5.8671E-02 6.5416E-02 7.1042E-02 7.6090E-02 8.0621E-02 8.4734E-02 9.3022E-02 1.0053E-01 1.0964E-01 1.2173E-01 1.3687E-01 1.5674E-01 1.7179E-01 1.7576E-01 1.6145E-01 1.5528E-01 1.6958E-01 1.7119E-01 2.0548E-01 2.3681E-01 2.7393E-01 2.8628E-01 2.9149E-01 3.4047E-01 3.9781E-01 4.4365E-01 5.6072E-01 6.2170E-01 6.7276E-01 7.1200E-01 6.9906E-01 7.3572E-01 7.5521E-01 7.4425E-01 7.1251E-01 6.8706E-01 7.0724E-01 7.2519E-01 6.8445E-01 6.7528E-01 6.3185E-01 6.2921E-01 6.1443E-01 5.8015E-01 5.4170E-01 5.0622E-01 4.6957E-01 4.3480E-01 4.0703E-01 3.8277E-01 3.4057E-01 3.2988E-01 3.3482E-01 3.2279E-01 2.9693E-01
3.8131E-02 4.7500E-02 5.5216E-02 6.1260E-02 6.6696E-02 7.3828E-02 8.1266E-02 8.9858E-02 9.7959E-02 1.0517E-01 1.1434E-01 1.2792E-01 1.4147E-01 1.5467E-01 1.5613E-01 1.5135E-01 1.4091E-01 1.5342E-01 1.5353E-01 1.7894E-01 2.0871E-01 2.4570E-01 2.5660E-01 2.6381E-01 2.7556E-01 3.1460E-01 3.6826E-01 4.5435E-01 5.5479E-01 6.0519E-01 6.3025E-01 6.6677E-01 6.5741E-01 6.8210E-01 6.8676E-01 6.8585E-01 6.6267E-01 6.5004E-01 6.6066E-01 6.7327E-01 6.3128E-01 6.2179E-01 5.8600E-01 5.8453E-01 5.8026E-01 5.5517E-01 5.1750E-01 4.7889E-01 4.4316E-01 4.1206E-01 3.8628E-01 3.5982E-01 3.3691E-01 3.1619E-01 3.0458E-01 3.0233E-01 2.8909E-01
3.6994E-02 4.6563E-02 5.5921E-02 6.3559E-02 7.0840E-02 7.8244E-02 8.5897E-02 9.4632E-02 1.0264E-01 1.0931E-01 1.1734E-01 1.2850E-01 1.3408E-01 1.3368E-01 1.2612E-01 1.2889E-01 1.3566E-01 1.3857E-01 1.5680E-01 1.8381E-01 2.1720E-01 2.2941E-01 2.3496E-01 2.4053E-01 2.6077E-01 2.9343E-01 3.7469E-01 4.6650E-01 5.3726E-01 5.7422E-01 5.6403E-01 6.2272E-01 6.0500E-01 6.1502E-01 6.2861E-01 6.3385E-01 6.2483E-01 6.1998E-01 6.2728E-01 6.1835E-01 5.8431E-01 5.7041E-01 5.5265E-01 5.4408E-01 5.4277E-01 5.2657E-01 4.9634E-01 4.5892E-01 4.2249E-01 3.9065E-01 3.6488E-01 3.4009E-01 3.1921E-01 3.0016E-01 2.9043E-01 2.8778E-01 2.8113E-01
3.6871E-02 4.9021E-02 5.8460E-02 6.5981E-02 7.2758E-02 7.9932E-02 8.8589E-02 9.9943E-02 1.1001E-01 1.1667E-01 1.2009E-01 1.2261E-01 1.2023E-01 1.1292E-01 1.1692E-01 1.1843E-01 1.2326E-01 1.3705E-01 1.6137E-01 1.8835E-01 2.0640E-01 2.1040E-01 2.1297E-01 2.2706E-01 2.4658E-01 2.9844E-01 3.7401E-01 4.5299E-01 5.1106E-01 5.3014E-01 5.2324E-01 5.8032E-01 5.5919E-01 5.5219E-01 5.8007E-01 5.8052E-01 5.8764E-01 5.7758E-01 5.9257E-01 5.6979E-01 5.3760E-01 5.2905E-01 5.2176E-01 5.1104E-01 5.0817E-01 4.9470E-01 4.7140E-01 4.3943E-01 4.0428E-01 3.7112E-01 3.4437E-01 3.2044E-01 3.0128E-01 2.8703E-01 2.7173E-01 2.6649E-01 2.7266E-01
3.8377E-02 5.0958E-02 6.0671E-02 6.7824E-02 7.3562E-02 8.0191E-02 8.9815E-02 1.0483E-01 1.1114E-01 1.1133E-01 1.0966E-01 1.0673E-01 1.0202E-01 1.0146E-01 1.0203E-01 1.0987E-01 1.1974E-01 1.4070E-01 1.6393E-01 1.8456E-01 1.8846E-01 1.9055E-01 2.0141E-01 2.1522E-01 2.4624E-01 3.0084E-01 3.7002E-01 4.4736E-01 4.9856E-01 5.0189E-01 4.9407E-01 5.4237E-01 5.2270E-01 5.0855E-01 5.3754E-01 5.3844E-01 5.5286E-01 5.4432E-01 5.5750E-01 5.2979E-01 5.0806E-01 4.9818E-01 4.8980E-01 4.8082E-01 4.7589E-01 4.6584E-01 4.4643E-01 4.1898E-01 3.8657E-01 3.5423E-01 3.2988E-01 3.0916E-01 2.8533E-01 2.7334E-01 2.6832E-01 2.4426E-01 2.5442E-01
3.9927E-02 5.3161E-02 6.3463E-02 7.1024E-02 7.6468E-02 8.2746E-02 9.2429E-02 1.0031E-01 1.0019E-01 9.8391E-02 9.5408E-02 9.2078E-02 8.9344E-02 8.9433E-02 9.6835E-02 1.0569E-01 1.2192E-01 1.4468E-01 1.6589E-01 1.6985E-01 1.7094E-01 1.8154E-01 1.9177E-01 2.0856E-01 2.4780E-01 3.0452E-01 3.7178E-01 4.4270E-01 4.7973E-01 4.7040E-01 4.6779E-01 5.0849E-01 4.9123E-01 4.7599E-01 5.0227E-01 5.0423E-01 5.1789E-01 5.1493E-01 5.0626E-01 4.9690E-01 4.8623E-01 4.7779E-01 4.6797E-01 4.5351E-01 4.3994E-01 4.3522E-01 4.2418E-01 3.9916E-01 3.6967E-01 3.3967E-01 3.1792E-01 2.9960E-01 2.7498E-01 2.6260E-01 2.5903E-01 2.3546E-01 2.3205E-01
4.1519E-02 5.5508E-02 6.6985E-02 7.6781E-02 8.3362E-02 8.8785E-02 9.0334E-02 9.0177E-02 8.8451E-02 8.8576E-02 8.3100E-02 7.9903E-02 8.0023E-02 8.5551E-02 9.2330E-02 1.0606E-01 1.2392E-01 1.4431E-01 1.5386E-01 1.5551E-01 1.6379E-01 1.7292E-01 1.8425E-01 2.0931E-01 2.5040E-01 3.0779E-01 3.7480E-01 4.3364E-01 4.5346E-01 4.4087E-01 4.4532E-01 4.8063E-01 4.6418E-01 4.5194E-01 4.6829E-01 4.7511E-01 4.8552E-01 4.8635E-01 4.8091E-01 4.6711E-01 4.5793E-01 4.5335E-01 4.4472E-01 4.3234E-01 4.2008E-01 4.0828E-01 4.0206E-01 3.8111E-01 3.5407E-01 3.2602E-01 3.0866E-01 2.9158E-01 2.6833E-01 2.5458E-01 2.5199E-01 2.4174E-01 2.1096E-01
4.3107E-02 5.8187E-02 6.8497E-02 7.5093E-02 7.9368E-02 8.1469E-02 8.1134E-02 7.9648E-02 7.8726E-02 7.4480E-02 7.2131E-02 7.2452E-02 7.6605E-02 8.1549E-02 9.3014E-02 1.0810E-01 1.2488E-01 1.3742E-01 1.4071E-01 1.4771E-01 1.5553E-01 1.6265E-01 1.8293E-01 2.0996E-01 2.5273E-01 3.1048E-01 3.7613E-01 4.2345E-01 4.2837E-01 4.1567E-01 4.2358E-01 4.5396E-01 4.3753E-01 4.2896E-01 4.3859E-01 4.5251E-01 4.5881E-01 4.6016E-01 4.5723E-01 4.3523E-01 4.3158E-01 4.3023E-01 4.2475E-01 4.1410E-01 4.0237E-01 3.9126E-01 3.7733E-01 3.6458E-01 3.3964E-01 3.1288E-01 3.0109E-01 2.8411E-01 2.6144E-01 2.4783E-01 2.4534E-01 2.4426E-01 2.1436E-01
4.6400E-02 5.6117E-02 6.3806E-02 6.9080E-02 7.2035E-02 7.2923E-02 7.1657E-02 7.0837E-02 6.7322E-02 6.5364E-02 6.6360E-02 6.9504E-02 7.3286E-02 8.2823E-02 9.5145E-02 1.0441E-01 1.2295E-01 1.2611E-01 1.3181E-01 1.3908E-01 1.4498E-01 1.5099E-01 1.7788E-01 2.0843E-01 2.5339E-01 3.1034E-01 3.6871E-01 4.0311E-01 4.0265E-01 3.9168E-01 4.0061E-01 4.2496E-01 4.1320E-01 4.0295E-01 4.1238E-01 4.2662E-01 4.3575E-01 4.3840E-01 4.3402E-01 4.1204E-01 4.0948E-01 4.1022E-01 4.0705E-01 3.9796E-01 3.8687E-01 3.7655E-01 3.6389E-01 3.4941E-01 3.2672E-01 3.0358E-01 2.9260E-01 2.7540E-01 2.5345E-01 2.4144E-01 2.3880E-01 2.3769E-01 2.1983E-01
4.2798E-02 5.1435E-02 5.7972E-02 6.2080E-02 6.3994E-02 6.7943E-02 6.5552E-02 6.1271E-02 5.9823E-02 6.1897E-02 6.5380E-02 6.9299E-02 7.5040E-02 8.4980E-02 8.9661E-02 1.0533E-01 1.1446E-01 1.1635E-01 1.2278E-01 1.2829E-01 1.3292E-01 1.4666E-01 1.7171E-01 2.0713E-01 2.5285E-01 3.0740E-01 3.5483E-01 3.7810E-01 3.7704E-01 3.7110E-01 3.7889E-01 3.9888E-01 3.8755E-01 3.7879E-01 3.9105E-01 4.0709E-01 4.1822E-01 4.2028E-01 4.1255E-01 3.9155E-01 3.9077E-01 3.9273E-01 3.9043E-01 3.8216E-01 3.7201E-01 3.6291E-01 3.5152E-01 3.3522E-01 3.1632E-01 2.9498E-01 2.8341E-01 2.6600E-01 2.4484E-01 2.3492E-01 2.3269E-01 2.3164E-01 2.2446E-01
3.8757E-02 4.6366E-02 5.1916E-02 5.8192E-02 6.5484E-02 6.2027E-02 5.6643E-02 5.6315E-02 5.9728E-02 6.3877E-02 6.7411E-02 7.0386E-02 7.6846E-02 7.9435E-02 9.1065E-02 1.0527E-01 1.0663E-01 1.0774E-01 1.1222E-01 1.1630E-01 1.2412E-01 1.4417E-01 1.7061E-01 2.0648E-01 2.5071E-01 3.0047E-01 3.4017E-01 3.5677E-01 3.5503E-01 3.5377E-01 3.6167E-01 3.7513E-01 3.6634E-01 3.5832E-01 3.7396E-01 3.9000E-01 4.0041E-01 4.0072E-01 3.8941E-01 3.7408E-01 3.7523E-01 3.7734E-01 3.7462E-01 3.6662E-01 3.5773E-01 3.5013E-01 3.4030E-01 3.2466E-01 3.0593E-01 2.8552E-01 2.7393E-01 2.5688E-01 2.3659E-01 2.2757E-01 2.2615E-01 2.2548E-01 2.2590E-01
3.4632E-02 4.4001E-02 5.3168E-02 6.1033E-02 5.6563E-02 5.2438E-02 5.3360E-02 5.8044E-02 6.2162E-02 6.5637E-02 6.8373E-02 7.0411E-02 7.3096E-02 7.9398E-02 9.3573E-02 9.9043E-02 9.9986E-02 1.0062E-01 1.0251E-01 1.0564E-01 1.2312E-01 1.4408E-01 1.7204E-01 2.0849E-01 2.5076E-01 2.9410E-01 3.2492E-01 3.3661E-01 3.3681E-01 3.4086E-01 3.5196E-01 3.5794E-01 3.4795E-01 3.4242E-01 3.5800E-01 3.7388E-01 3.8418E-01 3.7942E-01 3.6697E-01 3.6148E-01 3.6330E-01 3.5447E-01 3.6139E-01 3.5354E-01 3.4514E-01 3.3778E-01 3.2630E-01 3.1072E-01 2.9628E-01 2.7669E-01 2.6498E-01 2.4892E-01 2.2962E-01 2.1956E-01 2.1891E-01 2.1875E-01 2.1961E-01
3.6357E-02 4.7042E-02 5.5087E-02 5.0226E-02 4.6929E-02 5.1349E-02 5.6237E-02 6.0408E-02 6.3857E-02 6.5779E-02 6.6744E-02 6.9659E-02 7.1206E-02 8.2283E-02 9.2356E-02 9.3472E-02 9.4198E-02 9.4488E-02 9.4660E-02 1.0446E-01 1.2275E-01 1.4497E-01 1.7429E-01 2.1044E-01 2.4958E-01 2.8622E-01 3.1040E-01 3.2009E-01 3.2243E-01 3.2961E-01 3.4163E-01 3.3934E-01 3.3132E-01 3.2790E-01 3.4194E-01 3.5768E-01 3.6680E-01 3.6031E-01 3.5054E-01 3.5132E-01 3.5220E-01 3.3947E-01 3.4742E-01 3.4218E-01 3.3388E-01 3.2347E-01 3.1037E-01 2.9586E-01 2.8696E-01 2.6910E-01 2.5676E-01 2.4175E-01 2.2352E-01 2.1119E-01 2.1133E-01 2.1176E-01 2.1306E-01
3.9170E-02 4.5111E-02 4.4584E-02 4.3113E-02 4.8794E-02 5.4055E-02 5.8519E-02 6.0755E-02 6.1584E-02 6.2530E-02 6.5047E-02 6.8203E-02 7.3813E-02 8.5647E-02 8.7370E-02 8.8396E-02 8.8927E-02 8.8885E-02 8.8588E-02 1.0480E-01 1.2309E-01 1.4660E-01 1.7663E-01 2.1131E-01 2.4644E-01 2.7671E-01 2.9567E-01 3.0445E-01 3.0891E-01 3.1791E-01 3.2958E-01 3.2294E-01 3.1697E-01 3.1600E-01 3.2657E-01 3.4170E-01 3.5045E-01 3.4218E-01 3.3989E-01 3.4080E-01 3.3944E-01 3.2766E-01 3.1899E-01 3.2931E-01 3.2035E-01 3.0918E-01 2.9596E-01 2.8219E-01 2.7326E-01 2.6101E-01 2.4890E-01 2.3488E-01 2.1779E-01 2.0253E-01 2.0364E-01 2.0475E-01 2.0647E-01
2.9674E-02 3.5516E-02 3.8960E-02 4.5441E-02 5.1192E-02 5.5419E-02 5.7166E-02 5.8216E-02 5.9154E-02 6.0115E-02 6.5156E-02 6.6840E-02 7.7332E-02 8.1321E-02 8.2713E-02 8.3591E-02 8.3876E-02 8.3506E-02 9.1449E-02 1.0587E-01 1.2436E-01 1.4905E-01 1.7967E-01 2.1313E-01 2.4466E-01 2.6591E-01 2.8204E-01 2.8935E-01 2.9570E-01 3.0618E-01 3.1739E-01 3.0938E-01 3.0447E-01 3.0380E-01 3.1293E-01 3.2763E-01 3.3279E-01 3.2520E-01 3.2745E-01 3.2816E-01 3.2725E-01 3.1670E-01 3.0638E-01 3.1274E-01 3.0743E-01 2.9626E-01 2.8317E-01 2.6961E-01 2.5783E-01 2.5224E-01 2.4089E-01 2.2781E-01 2.1194E-01 1.9462E-01 1.9562E-01 1.9755E-01 1.9976E-01
2.7928E-02 3.3980E-02 4.1118E-02 4.7243E-02 5.0041E-02 5.2618E-02 5.4599E-02 5.5841E-02 5.6871E-02 5.9718E-02 6.4420E-02 6.9016E-02 7.5526E-02 7.7095E-02 7.8290E-02 7.8917E-02 7.8893E-02 8.1572E-02 9.3979E-02 1.0727E-01 1.2625E-01 1.5203E-01 1.8324E-01 2.1522E-01 2.3606E-01 2.5478E-01 2.7173E-01 2.7829E-01 2.8552E-01 2.9601E-01 3.0183E-01 2.9884E-01 2.9369E-01 2.9078E-01 3.0054E-01 3.1504E-01 3.1447E-01 3.0983E-01 3.1197E-01 3.1236E-01 3.1115E-01 3.0548E-01 2.9629E-01 2.8790E-01 2.9386E-01 2.8357E-01 2.7073E-01 2.5730E-01 2.4665E-01 2.4272E-01 2.3232E-01 2.2010E-01 2.0534E-01 1.8908E-01 1.8721E-01 1.8991E-01 1.9260E-01
2.8028E-02 3.5739E-02 4.2210E-02 4.5280E-02 4.7888E-02 5.0136E-02 5.1850E-02 5.3257E-02 5.6534E-02 5.9895E-02 6.2799E-02 7.0556E-02 7.1799E-02 7.3040E-02 7.3871E-02 7.4146E-02 7.3796E-02 8.3720E-02 9.4911E-02 1.0834E-01 1.2825E-01 1.5517E-01 1.8676E-01 2.1163E-01 2.2584E-01 2.4217E-01 2.5754E-01 2.6898E-01 2.7697E-01 2.8651E-01 2.8509E-01 2.8886E-01 2.8329E-01 2.7698E-01 2.8841E-01 3.0267E-01 2.9629E-01 2.9484E-01 2.9558E-01 2.9530E-01 2.9397E-01 2.9155E-01 2.8470E-01 2.7470E-01 2.7786E-01 2.7046E-01 2.5798E-01 2.4492E-01 2.3715E-01 2.3134E-01 2.2251E-01 2.1088E-01 1.9707E-01 1.8183E-01 1.7838E-01 1.8182E-01 1.8491E-01
2.9267E-02 3.6462E-02 4.0896E-02 4.3984E-02 4.6219E-02 4.8703E-02 5.0807E-02 5.3171E-02 5.6471E-02 5.9334E-02 6.3421E-02 6.7275E-02 6.8210E-02 6.9063E-02 6.9490E-02 6.9411E-02 7.4034E-02 8.5078E-02 9.4678E-02 1.0953E-01 1.3058E-01 1.5801E-01 1.8832E-01 2.0177E-01 2.1370E-01 2.2772E-01 2.4113E-01 2.5421E-01 2.6364E-01 2.6783E-01 2.7459E-01 2.7774E-01 2.7227E-01 2.6400E-01 2.7498E-01 2.8595E-01 2.7907E-01 2.8040E-01 2.8005E-01 2.7902E-01 2.7754E-01 2.7547E-01 2.7199E-01 2.6250E-01 2.5912E-01 2.5524E-01 2.4431E-01 2.3180E-01 2.2583E-01 2.1975E-01 2.1098E-01 1.9988E-01 1.8696E-01 1.7278E-01 1.6926E-01 1.7335E-01 1.7677E-01
2.9731E-02 3.5542E-02 3.9855E-02 4.2730E-02 4.4883E-02 4.7585E-02 4.9610E-02 5.2695E-02 5.5530E-02 5.7827E-02 6.1930E-02 6.3943E-02 6.4556E-02 6.5041E-02 6.5105E-02 6.5133E-02 7.6675E-02 8.5765E-02 9.3718E-02 1.1079E-01 1.3266E-01 1.5952E-01 1.8244E-01 1.9051E-01 2.0032E-01 2.1204E-01 2.2343E-01 2.3473E-01 2.4293E-01 2.4912E-01 2.6208E-01 2.6486E-01 2.5999E-01 2.5258E-01 2.6050E-01 2.6800E-01 2.6370E-01 2.6616E-01 2.6567E-01 2.6399E-01 2.6189E-01 2.5951E-01 2.5615E-01 2.4854E-01 2.3739E-01 2.3842E-01 2.2940E-01 2.1752E-01 2.1222E-01 2.0617E-01 1.9771E-01 1.8738E-01 1.7630E-01 1.6469E-01 1.5958E-01 1.6421E-01 1.6805E-01
