20231023_webinar_progetto_murano/refs/data_input_report_tx_finale/lapost_grid/pct24h98.grd
ncols        81
nrows        81
xllcorner      7.602250000E+05
yllcorner      5.036725000E+06
cellsize      5.000000000E+01
nodata_value         -9
[rows 25 to 49 of 81, columns 0 to 56 of 81]
2.8391E-02 3.5944E-02 4.1243E-02 4.6090E-02 5.0219E-02 5.4176E-02 5.7102E-02 5.9654E-02 6.2072E-02 6.4619E-02 6.8111E-02 7.1364E-02 7.6082E-02 8.7113E-02 9.9734E-02 1.1658E-01 1.3853E-01 1.6425E-01 1.8721E-01 2.0592E-01 2.3419E-01 2.4101E-01 2.5173E-01 2.7482E-01 2.9207E-01 3.2397E-01 3.8335E-01 3.9455E-01 4.3735E-01 5.9114E-01 9.5934E-01 1.2426E+00 9.2834E-01 1.1328E+00 7.9141E-01 7.3367E-01 5.6846E-01 5.0158E-01 6.6980E-01 1.0530E+00 2.6822E+00 3.3317E+00 1.0301E+00 9.2550E-01 1.4768E+00 2.9814E+00 4.1794E+00 2.1625E+00 3.0114E+00 1.7454E+00 1.2285E+00 1.0350E+00 6.9162E-01 5.8107E-01 3.8441E-01 3.4811E-01 3.6245E-01
3.1192E-02 3.7346E-02 4.2243E-02 4.7091E-02 5.1771E-02 5.6166E-02 5.8892E-02 5.9456E-02 6.2087E-02 6.4905E-02 6.8169E-02 7.4092E-02 7.6785E-02 8.2559E-02 9.1716E-02 1.0698E-01 1.2854E-01 1.5394E-01 1.7974E-01 2.0431E-01 2.2948E-01 2.5989E-01 2.7279E-01 3.0347E-01 3.2225E-01 3.4373E-01 4.0235E-01 3.8564E-01 4.2285E-01 5.6910E-01 8.6780E-01 1.5843E+00 1.4168E+00 1.8006E+00 1.3647E+00 1.0810E+00 6.4944E-01 5.0598E-01 5.7308E-01 1.0386E+00 3.1457E+00 2.0044E+00 8.6953E-01 1.2940E+00 1.6497E+00 3.1322E+00 8.6244E+00 4.1234E+00 2.4235E+00 2.7794E+00 1.3941E+00 1.2601E+00 8.3953E-01 5.9942E-01 7.4827E-01 6.3514E-01 5.2248E-01
2.9222E-02 3.5111E-02 4.2649E-02 4.8036E-02 5.2985E-02 5.7695E-02 6.2117E-02 6.6202E-02 6.8203E-02 6.8921E-02 6.9867E-02 7.2133E-02 8.0525E-02 8.2727E-02 8.9842E-02 9.8753E-02 1.1444E-01 1.3781E-01 1.6377E-01 1.9421E-01 2.2057E-01 2.4903E-01 2.8640E-01 3.3418E-01 3.6517E-01 3.8492E-01 4.2856E-01 4.3273E-01 4.6013E-01 5.8096E-01 7.5610E-01 1.2682E+00 5.1624E+00 2.0379E+00 3.1543E+00 1.0956E+00 6.6267E-01 6.4477E-01 6.3531E-01 8.4342E-01 1.5296E+00 1.3083E+00 7.7506E-01 9.2081E-01 1.7390E+00 3.2575E+00 9.1623E+00 8.3555E+00 3.7741E+00 3.7089E+00 3.3679E+00 1.5939E+00 1.8367E+00 1.4528E+00 1.0713E+00 8.8307E-01 7.3221E-01
3.1231E-02 3.7615E-02 4.3352E-02 4.8597E-02 5.3404E-02 5.8759E-02 6.3525E-02 6.8017E-02 7.2200E-02 7.6047E-02 7.9535E-02 8.2497E-02 8.5314E-02 8.7532E-02 9.0377E-02 9.7794E-02 1.0818E-01 1.2176E-01 1.4357E-01 1.6963E-01 2.0210E-01 2.4498E-01 2.7459E-01 3.2085E-01 3.6996E-01 4.2784E-01 4.5205E-01 4.4764E-01 4.6495E-01 4.9928E-01 7.4234E-01 1.1593E+00 3.1010E+00 1.7652E+00 3.4778E+00 1.4638E+00 8.2487E-01 6.7818E-01 6.7278E-01 9.1031E-01 1.0250E+00 1.0224E+00 7.3592E-01 8.3663E-01 1.5576E+00 3.7339E+00 1.1094E+01 5.1207E+00 3.0506E+00 2.5509E+00 1.5995E+01 3.2458E+00 1.8861E+00 1.2248E+00 8.8463E-01 7.5113E-01 6.1274E-01
3.2992E-02 3.8115E-02 4.3396E-02 4.8761E-02 5.4104E-02 5.9320E-02 6.4382E-02 6.9241E-02 7.3873E-02 7.8252E-02 8.2357E-02 8.6160E-02 8.9580E-02 9.4265E-02 1.0333E-01 1.0961E-01 1.2212E-01 1.4455E-01 1.6049E-01 1.7586E-01 1.9236E-01 2.3704E-01 2.6689E-01 2.9910E-01 3.4914E-01 4.2489E-01 5.0648E-01 4.9507E-01 5.2105E-01 4.3939E-01 6.3120E-01 1.1957E+00 2.1972E+00 2.0965E+00 4.8776E+00 2.2122E+00 1.1838E+00 8.6421E-01 9.5251E-01 8.4803E-01 1.0884E+00 9.3546E-01 7.9403E-01 7.6893E-01 1.3632E+00 2.9369E+00 6.7672E+00 4.3179E+00 3.4510E+00 5.1061E+00 4.7519E+00 2.2227E+00 1.3856E+00 1.0315E+00 9.1665E-01 8.6510E-01 6.9980E-01
3.2675E-02 3.7791E-02 4.3091E-02 4.8513E-02 5.3958E-02 5.9334E-02 6.4625E-02 6.9785E-02 7.4682E-02 8.0087E-02 8.5671E-02 9.1953E-02 9.9251E-02 1.0761E-01 1.1569E-01 1.2132E-01 1.2918E-01 1.3818E-01 1.5767E-01 1.7993E-01 1.8974E-01 2.2216E-01 2.5184E-01 2.8861E-01 3.2009E-01 4.1464E-01 5.3027E-01 5.7284E-01 5.6407E-01 5.6059E-01 7.6962E-01 1.0982E+00 1.4605E+00 2.4360E+00 3.8317E+00 1.9662E+00 1.4903E+00 9.2790E-01 9.3506E-01 1.2120E+00 1.1741E+00 8.7898E-01 7.9754E-01 7.5154E-01 1.1318E+00 2.2544E+00 3.9584E+00 3.0981E+00 2.8253E+00 3.6299E+00 3.5535E+00 1.9392E+00 1.4432E+00 9.2360E-01 8.8045E-01 7.5262E-01 6.4085E-01
3.2127E-02 3.8656E-02 4.5556E-02 5.1977E-02 5.7990E-02 6.3718E-02 6.9237E-02 7.4715E-02 7.8607E-02 8.0861E-02 8.5409E-02 9.4836E-02 1.0335E-01 1.1108E-01 1.1998E-01 1.2879E-01 1.3475E-01 1.4637E-01 1.5992E-01 1.7820E-01 1.9206E-01 2.1596E-01 2.5669E-01 2.7710E-01 2.9383E-01 4.0401E-01 5.9871E-01 7.0417E-01 6.3430E-01 6.6454E-01 7.7554E-01 8.8011E-01 1.1763E+00 1.9764E+00 4.3112E+00 2.6120E+00 1.3574E+00 9.2792E-01 9.0405E-01 1.9516E+00 1.2613E+00 8.9781E-01 8.4396E-01 8.0064E-01 9.3128E-01 1.4602E+00 3.0696E+00 2.7595E+00 2.2118E+00 2.3749E+00 2.8051E+00 2.0919E+00 1.3993E+00 9.3176E-01 6.8138E-01 5.8833E-01 6.6242E-01
3.2642E-02 3.9939E-02 4.7069E-02 5.3675E-02 5.9780E-02 6.5470E-02 7.0788E-02 7.5867E-02 8.0661E-02 8.4613E-02 8.6928E-02 9.1096E-02 9.6802E-02 1.0659E-01 1.1385E-01 1.2146E-01 1.2886E-01 1.3843E-01 1.5477E-01 1.7535E-01 1.9971E-01 2.2489E-01 2.6448E-01 2.9671E-01 3.2693E-01 3.9800E-01 6.9302E-01 7.7330E-01 7.7607E-01 7.6778E-01 7.8526E-01 8.8281E-01 1.1460E+00 1.5754E+00 5.1817E+00 4.5014E+00 1.8304E+00 1.0883E+00 9.9348E-01 1.4428E+00 1.4033E+00 1.0258E+00 9.3145E-01 8.6436E-01 1.0487E+00 1.6146E+00 2.9648E+00 2.2391E+00 1.9540E+00 2.2342E+00 2.2746E+00 1.6038E+00 1.4049E+00 8.7768E-01 7.3550E-01 6.0364E-01 5.6271E-01
3.2620E-02 3.9877E-02 4.6953E-02 5.3466E-02 5.9382E-02 6.4752E-02 6.9582E-02 7.3978E-02 7.7922E-02 8.1495E-02 8.5000E-02 9.0460E-02 9.6422E-02 9.9754E-02 1.0977E-01 1.1666E-01 1.2750E-01 1.4069E-01 1.5810E-01 1.8037E-01 2.0584E-01 2.3106E-01 2.6576E-01 2.9427E-01 3.5067E-01 4.2032E-01 4.4548E-01 7.9624E-01 2.0404E+00 1.1575E+00 9.3592E-01 1.0818E+00 1.1499E+00 1.6784E+00 2.9458E+00 2.9867E+00 1.9943E+00 1.2352E+00 1.1629E+00 1.6702E+00 1.6868E+00 1.2879E+00 1.0940E+00 9.8173E-01 1.2257E+00 2.0835E+00 2.3572E+00 1.8120E+00 1.8012E+00 2.0722E+00 2.1618E+00 1.5502E+00 1.1700E+00 9.7263E-01 7.2209E-01 5.9528E-01 5.4454E-01
3.3779E-02 4.3397E-02 5.2090E-02 5.9225E-02 6.4280E-02 6.7881E-02 7.0704E-02 7.3307E-02 7.6427E-02 7.9234E-02 8.2353E-02 8.8654E-02 9.5347E-02 1.0242E-01 1.0857E-01 1.1747E-01 1.3035E-01 1.4453E-01 1.6259E-01 1.8487E-01 2.0957E-01 2.3420E-01 2.6061E-01 2.8801E-01 3.6173E-01 4.5503E-01 5.9332E-01 7.9170E-01 1.6083E+00 2.2312E+00 1.1588E+00 9.1743E-01 1.2182E+00 2.3675E+00 2.3557E+00 3.9873E+00 1.9585E+00 1.4297E+00 1.4346E+00 1.7161E+00 2.0151E+00 1.6269E+00 1.2781E+00 1.2476E+00 1.3513E+00 2.5271E+00 3.4839E+00 1.9057E+00 1.5856E+00 1.7841E+00 1.8247E+00 1.4408E+00 1.1164E+00 1.0102E+00 6.6625E-01 6.5773E-01 5.0093E-01
3.7529E-02 4.6126E-02 5.4521E-02 6.2333E-02 6.9540E-02 7.6086E-02 8.0409E-02 8.2749E-02 8.5960E-02 8.9561E-02 9.2642E-02 9.5798E-02 1.0110E-01 1.0756E-01 1.1224E-01 1.1839E-01 1.2557E-01 1.3559E-01 1.6252E-01 1.9088E-01 2.1462E-01 2.3993E-01 2.6932E-01 2.9393E-01 3.7626E-01 4.5128E-01 6.2763E-01 9.1765E-01 2.2194E+00 5.6077E+00 1.8060E+00 1.2786E+00 1.4324E+00 1.6683E+00 2.5085E+00 3.7988E+00 3.4702E+00 1.6001E+00 1.7459E+00 2.1938E+00 2.5468E+00 1.9750E+00 1.7321E+00 1.3241E+00 1.5565E+00 3.3646E+00 7.2976E+00 2.5440E+00 1.4314E+00 1.7362E+00 1.8040E+00 1.3006E+00 1.0305E+00 8.8072E-01 7.0381E-01 5.6646E-01 5.9672E-01
3.5523E-02 4.3736E-02 5.1808E-02 5.9439E-02 6.6611E-02 7.3317E-02 7.9519E-02 8.5246E-02 9.0503E-02 9.5496E-02 1.0077E-01 1.0639E-01 1.1251E-01 1.1828E-01 1.2385E-01 1.2953E-01 1.3518E-01 1.4023E-01 1.4720E-01 1.6317E-01 1.9683E-01 2.5303E-01 2.9414E-01 3.5380E-01 4.1748E-01 5.0807E-01 6.7588E-01 8.1175E-01 1.8559E+00 3.6121E+00 1.5979E+00 1.3982E+00 1.8099E+00 3.4611E+00 3.1525E+00 3.2771E+00 3.3697E+00 1.7419E+00 1.6688E+00 2.7670E+00 4.3002E+00 2.7732E+00 1.8559E+00 1.2978E+00 2.0244E+00 3.6530E+00 4.6663E+00 2.1094E+00 1.6199E+00 1.6425E+00 1.5111E+00 1.2224E+00 9.6376E-01 8.3212E-01 7.2252E-01 5.3842E-01 5.4335E-01
3.3500E-02 4.1057E-02 4.8187E-02 5.4977E-02 6.1771E-02 6.8233E-02 7.4382E-02 8.0293E-02 8.6024E-02 9.1702E-02 9.7808E-02 1.0464E-01 1.1233E-01 1.2035E-01 1.2951E-01 1.4000E-01 1.5019E-01 1.5654E-01 1.6889E-01 1.9976E-01 2.0795E-01 2.3066E-01 2.5156E-01 3.4207E-01 4.5440E-01 5.2873E-01 6.3283E-01 8.2268E-01 1.3669E+00 2.3477E+00 1.6872E+00 1.4898E+00 2.1797E+00 3.0682E+00 3.3995E+00 2.6657E+00 2.4802E+00 1.5590E+00 1.2987E+00 2.0687E+00 6.3466E+00 4.8711E+00 2.2252E+00 1.4934E+00 1.6839E+00 9.7764E+00 3.6947E+00 2.2348E+00 1.6925E+00 1.5381E+00 1.4096E+00 1.1221E+00 9.6292E-01 8.5356E-01 7.0894E-01 5.2998E-01 5.1713E-01
3.5920E-02 4.4189E-02 5.1949E-02 5.8833E-02 6.4641E-02 6.9669E-02 7.4119E-02 7.8345E-02 8.2456E-02 8.6734E-02 9.1372E-02 9.6769E-02 1.0486E-01 1.1397E-01 1.2537E-01 1.3900E-01 1.5294E-01 1.6729E-01 1.8359E-01 1.8924E-01 2.0535E-01 2.2250E-01 2.4621E-01 2.9665E-01 3.6723E-01 4.6502E-01 6.6754E-01 8.9395E-01 1.1033E+00 1.7019E+00 1.6552E+00 1.6179E+00 2.4177E+00 2.6823E+00 3.3907E+00 3.6887E+00 2.0114E+00 1.3951E+00 1.4438E+00 2.4356E+00 7.7037E+00 4.4094E+00 2.5524E+00 1.9471E+00 1.7080E+00 3.1800E+00 2.5827E+00 2.0575E+00 2.0209E+00 1.4757E+00 1.2482E+00 1.0547E+00 9.1678E-01 8.4401E-01 6.9800E-01 5.2417E-01 4.9185E-01
3.9062E-02 4.8252E-02 5.6860E-02 6.4486E-02 7.0926E-02 7.6543E-02 8.1635E-02 8.6631E-02 9.1711E-02 9.7201E-02 1.0327E-01 1.1014E-01 1.1751E-01 1.2567E-01 1.3545E-01 1.4798E-01 1.6490E-01 1.8175E-01 1.9581E-01 2.2537E-01 2.5068E-01 2.8132E-01 3.1704E-01 3.5479E-01 4.0325E-01 5.2351E-01 6.3409E-01 7.6830E-01 9.4000E-01 1.5499E+00 1.6112E+00 1.8357E+00 2.8315E+00 2.8197E+00 3.8520E+00 5.9606E+00 3.2879E+00 1.8040E+00 1.5672E+00 2.7449E+00 4.1281E+00 3.1783E+00 2.3411E+00 1.9424E+00 1.6257E+00 2.3694E+00 2.2236E+00 1.5783E+00 1.6480E+00 1.3218E+00 1.2205E+00 9.1185E-01 8.2027E-01 7.8351E-01 6.5308E-01 4.9615E-01 4.6489E-01
4.2344E-02 5.2484E-02 6.1965E-02 7.0354E-02 7.7464E-02 8.3704E-02 8.9479E-02 9.5238E-02 1.0128E-01 1.0797E-01 1.1549E-01 1.2402E-01 1.3152E-01 1.3694E-01 1.4423E-01 1.6174E-01 1.7046E-01 1.8453E-01 2.0056E-01 2.2289E-01 2.5891E-01 2.9806E-01 3.4057E-01 3.9701E-01 4.3495E-01 4.7003E-01 6.2165E-01 7.0603E-01 8.1966E-01 1.3437E+00 1.8624E+00 2.1443E+00 3.8190E+00 4.1451E+00 4.9813E+00 4.1857E+00 2.5365E+00 1.7139E+00 1.7265E+00 1.9358E+00 3.2599E+00 2.6985E+00 2.1515E+00 1.6152E+00 1.4613E+00 1.9817E+00 1.8325E+00 1.5230E+00 1.6038E+00 1.2322E+00 1.1106E+00 8.8781E-01 8.0138E-01 7.6853E-01 5.7474E-01 4.7644E-01 4.4089E-01
4.1874E-02 5.4570E-02 6.6250E-02 7.5301E-02 8.3002E-02 8.8667E-02 9.3001E-02 9.6611E-02 1.0020E-01 1.0374E-01 1.0793E-01 1.1303E-01 1.1891E-01 1.3452E-01 1.4728E-01 1.5550E-01 1.7184E-01 1.9336E-01 2.2020E-01 2.4974E-01 2.8611E-01 3.1584E-01 3.4268E-01 3.6225E-01 3.6087E-01 4.2233E-01 5.3004E-01 5.6585E-01 7.9317E-01 1.1531E+00 1.6065E+00 2.4477E+00 4.0155E+00 8.5694E+00 5.3056E+00 3.7336E+00 2.3051E+00 1.9203E+00 1.7531E+00 1.9924E+00 2.5219E+00 2.3820E+00 1.7857E+00 1.3574E+00 1.3962E+00 1.4472E+00 1.5086E+00 1.4316E+00 1.4913E+00 1.2511E+00 1.0073E+00 8.6865E-01 7.4906E-01 7.0742E-01 5.2609E-01 4.7204E-01 4.2765E-01
3.9872E-02 5.1696E-02 6.2769E-02 7.1883E-02 7.8998E-02 8.4356E-02 8.8601E-02 9.2106E-02 9.5606E-02 9.8839E-02 1.0325E-01 1.1445E-01 1.2162E-01 1.3774E-01 1.5944E-01 1.8475E-01 2.1073E-01 2.3684E-01 2.6362E-01 2.8988E-01 3.1422E-01 3.4179E-01 3.6014E-01 3.5428E-01 3.8103E-01 4.5200E-01 5.0760E-01 5.9104E-01 7.6889E-01 1.1219E+00 1.5576E+00 2.3985E+00 3.4258E+00 1.1266E+01 6.3129E+00 3.7906E+00 2.3585E+00 2.0007E+00 1.9137E+00 2.1398E+00 2.3937E+00 2.0322E+00 1.5760E+00 1.4572E+00 1.3627E+00 1.4419E+00 1.3543E+00 1.3946E+00 1.2743E+00 1.1727E+00 1.0190E+00 8.7466E-01 7.6968E-01 6.4607E-01 5.5118E-01 4.8102E-01 4.2777E-01
3.7889E-02 4.8779E-02 5.9148E-02 6.7834E-02 7.4727E-02 8.0000E-02 8.5876E-02 9.1253E-02 9.5194E-02 1.0575E-01 1.1696E-01 1.2944E-01 1.4433E-01 1.6295E-01 1.8117E-01 1.9678E-01 2.1382E-01 2.3523E-01 2.6319E-01 2.9275E-01 3.2277E-01 3.5702E-01 3.6608E-01 4.3216E-01 4.5660E-01 5.1602E-01 6.1152E-01 7.2765E-01 8.8701E-01 1.2114E+00 1.7420E+00 4.3062E+00 4.3901E+00 7.2024E+00 5.5847E+00 3.1494E+00 2.2982E+00 1.9419E+00 2.0729E+00 2.3107E+00 2.3116E+00 1.7509E+00 1.5256E+00 1.2650E+00 1.2709E+00 1.3247E+00 1.3264E+00 1.1875E+00 1.2024E+00 1.1525E+00 1.0359E+00 8.9131E-01 7.7259E-01 6.7758E-01 5.8190E-01 5.0278E-01 4.4261E-01
3.8844E-02 5.1086E-02 6.1346E-02 6.8583E-02 7.2919E-02 7.6276E-02 8.6298E-02 9.6703E-02 1.0697E-01 1.1340E-01 1.2152E-01 1.3172E-01 1.4254E-01 1.5328E-01 1.6483E-01 1.7739E-01 1.9154E-01 2.0815E-01 2.2788E-01 2.4737E-01 2.6569E-01 2.8309E-01 3.4427E-01 4.2073E-01 5.1347E-01 5.9263E-01 6.6713E-01 7.2088E-01 9.6882E-01 1.2307E+00 1.7866E+00 2.8901E+00 3.3727E+00 4.6450E+00 3.9810E+00 3.0574E+00 2.1999E+00 1.9011E+00 1.9468E+00 2.3108E+00 2.0191E+00 1.6494E+00 1.5108E+00 1.2031E+00 1.1688E+00 1.1739E+00 1.2263E+00 1.1308E+00 1.1004E+00 1.0310E+00 1.0262E+00 8.7103E-01 7.6588E-01 6.7816E-01 5.9632E-01 5.2548E-01 4.6606E-01
3.7674E-02 4.6487E-02 5.6185E-02 6.6291E-02 7.6388E-02 8.3273E-02 8.8421E-02 9.2852E-02 9.7077E-02 1.0204E-01 1.0856E-01 1.1666E-01 1.2471E-01 1.3154E-01 1.3764E-01 1.4415E-01 1.5496E-01 1.7591E-01 2.0189E-01 2.3508E-01 2.7667E-01 3.2928E-01 3.9316E-01 4.6942E-01 5.3559E-01 5.9275E-01 6.0905E-01 7.3680E-01 9.0108E-01 1.1724E+00 1.5636E+00 2.3987E+00 2.5750E+00 3.7754E+00 3.3688E+00 2.7246E+00 2.1063E+00 1.9259E+00 1.7733E+00 2.1704E+00 1.9326E+00 1.6587E+00 1.3540E+00 1.2566E+00 1.1853E+00 1.2115E+00 1.1503E+00 1.0369E+00 1.0196E+00 9.9582E-01 9.5951E-01 8.5683E-01 7.5376E-01 6.7243E-01 6.0252E-01 5.4335E-01 4.8898E-01
3.9039E-02 4.8083E-02 5.6339E-02 6.3430E-02 6.9429E-02 7.4417E-02 7.9421E-02 8.4697E-02 8.9971E-02 9.5396E-02 1.0143E-01 1.0793E-01 1.1393E-01 1.1981E-01 1.3212E-01 1.4905E-01 1.6904E-01 1.9472E-01 2.2712E-01 2.6576E-01 3.1287E-01 3.7035E-01 4.3436E-01 4.5884E-01 5.0889E-01 5.7029E-01 6.6107E-01 7.0975E-01 8.8833E-01 1.0770E+00 1.3630E+00 1.7929E+00 2.3101E+00 2.9341E+00 2.9816E+00 2.4785E+00 1.9575E+00 1.8845E+00 1.8405E+00 1.9023E+00 1.7399E+00 1.5752E+00 1.3375E+00 1.1794E+00 1.1291E+00 1.1735E+00 1.1125E+00 9.6781E-01 9.9305E-01 8.8171E-01 8.9142E-01 8.3185E-01 7.4117E-01 6.6839E-01 6.0345E-01 5.4991E-01 5.0163E-01
3.8383E-02 4.7384E-02 5.5633E-02 6.2935E-02 6.9072E-02 7.4410E-02 7.9837E-02 8.6128E-02 9.3018E-02 1.0039E-01 1.0703E-01 1.1192E-01 1.1689E-01 1.2836E-01 1.4579E-01 1.6505E-01 1.8801E-01 2.1817E-01 2.5543E-01 2.9803E-01 3.4767E-01 3.7773E-01 3.8058E-01 3.7302E-01 4.8349E-01 5.8420E-01 6.2489E-01 7.0389E-01 7.5213E-01 9.4950E-01 1.1862E+00 1.6933E+00 1.8947E+00 2.4956E+00 2.8141E+00 2.0886E+00 1.7520E+00 1.7321E+00 1.6995E+00 1.6812E+00 1.5870E+00 1.4765E+00 1.2908E+00 1.1012E+00 1.0468E+00 1.0698E+00 1.0249E+00 9.1857E-01 8.9259E-01 8.6527E-01 7.6906E-01 7.5111E-01 7.1519E-01 6.6148E-01 5.8384E-01 5.4640E-01 5.0481E-01
3.7788E-02 4.6884E-02 5.5534E-02 6.3132E-02 6.9798E-02 7.6007E-02 8.2412E-02 8.9524E-02 9.7222E-02 1.0502E-01 1.1176E-01 1.1702E-01 1.2500E-01 1.4158E-01 1.6157E-01 1.8449E-01 2.1201E-01 2.4682E-01 2.8748E-01 3.1113E-01 3.0707E-01 3.0131E-01 3.0397E-01 4.0140E-01 4.9844E-01 5.3091E-01 5.4685E-01 5.9000E-01 6.8080E-01 8.3787E-01 1.1756E+00 1.4096E+00 1.6125E+00 2.1835E+00 2.2357E+00 2.0315E+00 1.7001E+00 1.5957E+00 1.5676E+00 1.5175E+00 1.4606E+00 1.3705E+00 1.1294E+00 1.0014E+00 9.9591E-01 9.8813E-01 9.5304E-01 8.7134E-01 8.0285E-01 7.6859E-01 7.1599E-01 6.5950E-01 6.1710E-01 6.1109E-01 5.5990E-01 5.2771E-01 4.7636E-01
3.8254E-02 4.7701E-02 5.6708E-02 6.4714E-02 7.1751E-02 7.8247E-02 8.4968E-02 9.2380E-02 1.0025E-01 1.0804E-01 1.1470E-01 1.2343E-01 1.3791E-01 1.5574E-01 1.7776E-01 2.0442E-01 2.3643E-01 2.5651E-01 2.6376E-01 2.5995E-01 2.4807E-01 2.6451E-01 3.3687E-01 4.3602E-01 4.2312E-01 4.5003E-01 4.9074E-01 5.6831E-01 6.4691E-01 7.8558E-01 1.0697E+00 1.3802E+00 1.4903E+00 1.8755E+00 1.8926E+00 1.7435E+00 1.5019E+00 1.4944E+00 1.4552E+00 1.3959E+00 1.3271E+00 1.2452E+00 9.9645E-01 9.5686E-01 9.5003E-01 9.1494E-01 8.6462E-01 8.0020E-01 7.3543E-01 6.8127E-01 6.3187E-01 5.8087E-01 5.5647E-01 5.4546E-01 5.1667E-01 4.9978E-01 4.7868E-01
