20231023_webinar_progetto_murano/refs/data_input_report_tx_finale/lapost_grid/pct24h98.grd
ncols        81
nrows        81
xllcorner      7.602250000E+05
yllcorner      5.036725000E+06
cellsize      5.000000000E+01
nodata_value         -9
[rows 0 to 24 of 81, columns 0 to 56 of 81]
2.1444E-02 2.5923E-02 3.0357E-02 3.4496E-02 3.8192E-02 4.1280E-02 4.3760E-02 4.5648E-02 4.6895E-02 4.7588E-02 4.7724E-02 4.7376E-02 4.6491E-02 4.5595E-02 4.6193E-02 5.1622E-02 5.0707E-02 6.1211E-02 7.2414E-02 7.6453E-02 7.9773E-02 8.2441E-02 8.4647E-02 8.5562E-02 8.3795E-02 8.3857E-02 8.4014E-02 7.9171E-02 7.2650E-02 6.8012E-02 6.6062E-02 6.5016E-02 6.8388E-02 7.1975E-02 7.5316E-02 7.5249E-02 7.3810E-02 7.5012E-02 8.3803E-02 8.6878E-02 8.2145E-02 8.6421E-02 9.0584E-02 9.2506E-02 9.1802E-02 9.0115E-02 8.8042E-02 8.6138E-02 8.4864E-02 7.4599E-02 6.3090E-02 5.4358E-02 4.5770E-02 4.4092E-02 4.6991E-02 4.9412E-02 5.3593E-02
2.5265E-02 3.0638E-02 3.6005E-02 4.1070E-02 4.5652E-02 4.9543E-02 5.2743E-02 5.5275E-02 5.7073E-02 5.8220E-02 5.8701E-02 5.8613E-02 5.7865E-02 5.6565E-02 5.4880E-02 6.4692E-02 6.2114E-02 7.3498E-02 8.7876E-02 9.3109E-02 9.7509E-02 1.0118E-01 1.0430E-01 1.0678E-01 1.0651E-01 1.0607E-01 1.0530E-01 9.9669E-02 9.1746E-02 8.5577E-02 8.2421E-02 8.0560E-02 8.3685E-02 8.8242E-02 9.6439E-02 9.2519E-02 9.1633E-02 9.7625E-02 1.0636E-01 1.1269E-01 1.0613E-01 1.1259E-01 1.1876E-01 1.2101E-01 1.1949E-01 1.1673E-01 1.1358E-01 1.1101E-01 1.0965E-01 9.7754E-02 8.1988E-02 6.9964E-02 5.7870E-02 5.9339E-02 6.1993E-02 6.3350E-02 6.6358E-02
2.8699E-02 3.4857E-02 4.1042E-02 4.6928E-02 5.2327E-02 5.7001E-02 6.0947E-02 6.4185E-02 6.6632E-02 6.8342E-02 6.9289E-02 6.9581E-02 6.9075E-02 6.7865E-02 6.5946E-02 7.3663E-02 7.4801E-02 8.3820E-02 1.0187E-01 1.0827E-01 1.1370E-01 1.1836E-01 1.2245E-01 1.2582E-01 1.2809E-01 1.2839E-01 1.2580E-01 1.1974E-01 1.1073E-01 1.0217E-01 9.7441E-02 9.4450E-02 9.8476E-02 1.0398E-01 1.1276E-01 1.0930E-01 1.0828E-01 1.1599E-01 1.2660E-01 1.3226E-01 1.2748E-01 1.3464E-01 1.4255E-01 1.4532E-01 1.4389E-01 1.4036E-01 1.3575E-01 1.3210E-01 1.3059E-01 1.1987E-01 9.9978E-02 8.0668E-02 7.0540E-02 7.3366E-02 7.5710E-02 7.6942E-02 7.9040E-02
3.1536E-02 3.8321E-02 4.5161E-02 5.1724E-02 5.7831E-02 6.3231E-02 6.7913E-02 7.1885E-02 7.5042E-02 7.7385E-02 7.8888E-02 7.9650E-02 7.9476E-02 7.8434E-02 7.6494E-02 8.0271E-02 8.6592E-02 9.1446E-02 1.1182E-01 1.2118E-01 1.2752E-01 1.3307E-01 1.3812E-01 1.4242E-01 1.4559E-01 1.4666E-01 1.4454E-01 1.3850E-01 1.2883E-01 1.1690E-01 1.1036E-01 1.0605E-01 1.1203E-01 1.1846E-01 1.2680E-01 1.2679E-01 1.2323E-01 1.3127E-01 1.4334E-01 1.4587E-01 1.4435E-01 1.5073E-01 1.6051E-01 1.6520E-01 1.6521E-01 1.6129E-01 1.5495E-01 1.5013E-01 1.4871E-01 1.3341E-01 1.1026E-01 8.8141E-02 8.4979E-02 8.5884E-02 8.7771E-02 8.8892E-02 9.3393E-02
3.3705E-02 4.0933E-02 4.8235E-02 5.5292E-02 6.1947E-02 6.7963E-02 7.3331E-02 7.8041E-02 8.1972E-02 8.5047E-02 8.7225E-02 8.8559E-02 8.8787E-02 8.7942E-02 8.5990E-02 8.4227E-02 9.7513E-02 9.6137E-02 1.1809E-01 1.3146E-01 1.3859E-01 1.4487E-01 1.5077E-01 1.5602E-01 1.6019E-01 1.6224E-01 1.6093E-01 1.5539E-01 1.4559E-01 1.3260E-01 1.2147E-01 1.1582E-01 1.2433E-01 1.3164E-01 1.3905E-01 1.4072E-01 1.3492E-01 1.4307E-01 1.5626E-01 1.5634E-01 1.5627E-01 1.6236E-01 1.7471E-01 1.8243E-01 1.8362E-01 1.7946E-01 1.7120E-01 1.6537E-01 1.6500E-01 1.4429E-01 1.1791E-01 9.4341E-02 9.6374E-02 9.8035E-02 9.9138E-02 1.0034E-01 1.0480E-01
3.5186E-02 4.2689E-02 5.0276E-02 5.7655E-02 6.4695E-02 7.1200E-02 7.7176E-02 8.2608E-02 8.7368E-02 9.1279E-02 9.4268E-02 9.6283E-02 9.6998E-02 9.6404E-02 9.4493E-02 9.1552E-02 1.0202E-01 1.0386E-01 1.2101E-01 1.3920E-01 1.4711E-01 1.5400E-01 1.6060E-01 1.6674E-01 1.7193E-01 1.7507E-01 1.7481E-01 1.7020E-01 1.6088E-01 1.4745E-01 1.3231E-01 1.2565E-01 1.3527E-01 1.4334E-01 1.5045E-01 1.5203E-01 1.4650E-01 1.5090E-01 1.6510E-01 1.6459E-01 1.6464E-01 1.7069E-01 1.8575E-01 1.9734E-01 2.0005E-01 1.9518E-01 1.8522E-01 1.7869E-01 1.7960E-01 1.5459E-01 1.2442E-01 1.0826E-01 1.0920E-01 1.0968E-01 1.0969E-01 1.1017E-01 1.1139E-01
3.6055E-02 4.3689E-02 5.1403E-02 5.8947E-02 6.6213E-02 7.3077E-02 7.9573E-02 8.5692E-02 9.1320E-02 9.6175E-02 1.0013E-01 1.0299E-01 1.0438E-01 1.0423E-01 1.0251E-01 9.9632E-02 1.0239E-01 1.1359E-01 1.2112E-01 1.4472E-01 1.5361E-01 1.6113E-01 1.6832E-01 1.7521E-01 1.8133E-01 1.8550E-01 1.8628E-01 1.8288E-01 1.7466E-01 1.6155E-01 1.4549E-01 1.3481E-01 1.4507E-01 1.5425E-01 1.6240E-01 1.6375E-01 1.5735E-01 1.6148E-01 1.6970E-01 1.7047E-01 1.7034E-01 1.7939E-01 1.9307E-01 2.0804E-01 2.1438E-01 2.0969E-01 1.9880E-01 1.9210E-01 1.9379E-01 1.6378E-01 1.3001E-01 1.2246E-01 1.2181E-01 1.2077E-01 1.2125E-01 1.1861E-01 1.1700E-01
3.6404E-02 4.4055E-02 5.1770E-02 5.9351E-02 6.6702E-02 7.3795E-02 8.0698E-02 8.7421E-02 9.3880E-02 9.9723E-02 1.0476E-01 1.0867E-01 1.1104E-01 1.1168E-01 1.1044E-01 1.0776E-01 1.0400E-01 1.1911E-01 1.1914E-01 1.4838E-01 1.5856E-01 1.6685E-01 1.7456E-01 1.8198E-01 1.8878E-01 1.9381E-01 1.9556E-01 1.9348E-01 1.8679E-01 1.7485E-01 1.5868E-01 1.4335E-01 1.5407E-01 1.6700E-01 1.7529E-01 1.7456E-01 1.6808E-01 1.7401E-01 1.7112E-01 1.7456E-01 1.7474E-01 1.8914E-01 2.0222E-01 2.2035E-01 2.2901E-01 2.2476E-01 2.1324E-01 2.0685E-01 2.0981E-01 1.7172E-01 1.3806E-01 1.3654E-01 1.3388E-01 1.3102E-01 1.3163E-01 1.2627E-01 1.2294E-01
3.6355E-02 4.3948E-02 5.1577E-02 5.9102E-02 6.6433E-02 7.3647E-02 8.0852E-02 8.8059E-02 9.5233E-02 1.0199E-01 1.0811E-01 1.1320E-01 1.1682E-01 1.1859E-01 1.1818E-01 1.1592E-01 1.1232E-01 1.1671E-01 1.2850E-01 1.4542E-01 1.6219E-01 1.7147E-01 1.7974E-01 1.8756E-01 1.9490E-01 2.0072E-01 2.0336E-01 2.0237E-01 1.9723E-01 1.8713E-01 1.7176E-01 1.5306E-01 1.6401E-01 1.8031E-01 1.8855E-01 1.8432E-01 1.7834E-01 1.8601E-01 1.8405E-01 1.8262E-01 1.8293E-01 1.9920E-01 2.1147E-01 2.3131E-01 2.4286E-01 2.3992E-01 2.2743E-01 2.2122E-01 2.2326E-01 1.8078E-01 1.5379E-01 1.4968E-01 1.4475E-01 1.4110E-01 1.3976E-01 1.3419E-01 1.3328E-01
3.5934E-02 4.3931E-02 5.0926E-02 5.8349E-02 6.5601E-02 7.2850E-02 8.0234E-02 8.7759E-02 9.5444E-02 1.0292E-01 1.1002E-01 1.1627E-01 1.2125E-01 1.2437E-01 1.2517E-01 1.2375E-01 1.2063E-01 1.1698E-01 1.3314E-01 1.4051E-01 1.6430E-01 1.7473E-01 1.8351E-01 1.9152E-01 1.9907E-01 2.0527E-01 2.0859E-01 2.0864E-01 2.0544E-01 1.9798E-01 1.8458E-01 1.6581E-01 1.7579E-01 1.9369E-01 2.0237E-01 1.9457E-01 1.8867E-01 1.9764E-01 1.9728E-01 1.8356E-01 1.9914E-01 2.0849E-01 2.2005E-01 2.4326E-01 2.6087E-01 2.6127E-01 2.4674E-01 2.3993E-01 2.3795E-01 1.9060E-01 1.6815E-01 1.6105E-01 1.5389E-01 1.5481E-01 1.4943E-01 1.5419E-01 1.4225E-01
3.5170E-02 4.2524E-02 5.0477E-02 5.8839E-02 6.4368E-02 7.1604E-02 7.9064E-02 8.6738E-02 9.4708E-02 1.0267E-01 1.1052E-01 1.1778E-01 1.2407E-01 1.2865E-01 1.3103E-01 1.3107E-01 1.2900E-01 1.2577E-01 1.2958E-01 1.4446E-01 1.6557E-01 1.7733E-01 1.8638E-01 1.9403E-01 2.0112E-01 2.0701E-01 2.1064E-01 2.1203E-01 2.1100E-01 2.0655E-01 1.9617E-01 1.7852E-01 1.8825E-01 2.0821E-01 2.1364E-01 2.0187E-01 1.9804E-01 2.0960E-01 2.1119E-01 1.7799E-01 2.0919E-01 2.2272E-01 2.3541E-01 2.5861E-01 2.8739E-01 2.9477E-01 2.7731E-01 2.6676E-01 2.5109E-01 1.9859E-01 1.8852E-01 1.7009E-01 1.6464E-01 1.6657E-01 1.7343E-01 1.5565E-01 1.5247E-01
3.4061E-02 4.1247E-02 4.8491E-02 5.6461E-02 6.4818E-02 6.9996E-02 7.7467E-02 8.5168E-02 9.3224E-02 1.0141E-01 1.0972E-01 1.1772E-01 1.2510E-01 1.3116E-01 1.3541E-01 1.3742E-01 1.3706E-01 1.3486E-01 1.3069E-01 1.4760E-01 1.6627E-01 1.7969E-01 1.8894E-01 1.9589E-01 2.0231E-01 2.0762E-01 2.1128E-01 2.1354E-01 2.1834E-01 2.1232E-01 2.0450E-01 1.8970E-01 2.0181E-01 2.2403E-01 2.1069E-01 2.1165E-01 2.0362E-01 2.2302E-01 2.2661E-01 1.8057E-01 2.0389E-01 2.4357E-01 2.4883E-01 2.7331E-01 3.1220E-01 3.2767E-01 3.1042E-01 2.9595E-01 2.6419E-01 2.0765E-01 2.0712E-01 1.7751E-01 1.8069E-01 1.8358E-01 1.8717E-01 1.6775E-01 1.6462E-01
3.2656E-02 3.9646E-02 4.6766E-02 5.4061E-02 6.2298E-02 7.1013E-02 7.7023E-02 8.3295E-02 9.1325E-02 9.9543E-02 1.0801E-01 1.1643E-01 1.2463E-01 1.3205E-01 1.3823E-01 1.4239E-01 1.4425E-01 1.4419E-01 1.4129E-01 1.4539E-01 1.6239E-01 1.8309E-01 1.9277E-01 1.9903E-01 2.0447E-01 2.0913E-01 2.1230E-01 2.1563E-01 2.2147E-01 2.1907E-01 2.0965E-01 2.0020E-01 2.1793E-01 2.4251E-01 2.1406E-01 2.2357E-01 2.1297E-01 2.3949E-01 2.3125E-01 2.0551E-01 2.0158E-01 2.3866E-01 2.7551E-01 2.8153E-01 3.2229E-01 3.4531E-01 3.3584E-01 3.2117E-01 2.8510E-01 2.2192E-01 2.1825E-01 1.9414E-01 1.9325E-01 1.9978E-01 2.0177E-01 1.8090E-01 1.7322E-01
3.0987E-02 3.7741E-02 4.4720E-02 5.1771E-02 5.9684E-02 6.8286E-02 7.7571E-02 8.4777E-02 8.9220E-02 9.7419E-02 1.0588E-01 1.1446E-01 1.2313E-01 1.3154E-01 1.3933E-01 1.4561E-01 1.5007E-01 1.5282E-01 1.5215E-01 1.4784E-01 1.6917E-01 1.8800E-01 1.9898E-01 2.0460E-01 2.0834E-01 2.1346E-01 2.1750E-01 2.2256E-01 2.2697E-01 2.2825E-01 2.1627E-01 2.1813E-01 2.4247E-01 2.6330E-01 2.2896E-01 2.4352E-01 2.3684E-01 2.6458E-01 2.3408E-01 2.2611E-01 2.1831E-01 2.3570E-01 2.8810E-01 3.0465E-01 3.2348E-01 3.5705E-01 3.6348E-01 3.5557E-01 3.1195E-01 2.3655E-01 2.2727E-01 2.1204E-01 2.1466E-01 2.1724E-01 2.0586E-01 1.8879E-01 1.7610E-01
2.9113E-02 3.5580E-02 4.2374E-02 4.9319E-02 5.6892E-02 6.5311E-02 7.4431E-02 8.4265E-02 9.2557E-02 9.5202E-02 1.0366E-01 1.1227E-01 1.2110E-01 1.2998E-01 1.3882E-01 1.4696E-01 1.5409E-01 1.5981E-01 1.6234E-01 1.6066E-01 1.7000E-01 1.8573E-01 2.0680E-01 2.1211E-01 2.1480E-01 2.2403E-01 2.3493E-01 2.5329E-01 2.5728E-01 2.6324E-01 2.6005E-01 2.5282E-01 2.7931E-01 2.8547E-01 2.5724E-01 2.7298E-01 2.7931E-01 3.0365E-01 2.6076E-01 2.4349E-01 2.5241E-01 2.5122E-01 2.9480E-01 3.5316E-01 3.3596E-01 3.7401E-01 3.9716E-01 3.9831E-01 3.3810E-01 2.4844E-01 2.3469E-01 2.3124E-01 2.3410E-01 2.3643E-01 2.0460E-01 1.9380E-01 1.7985E-01
2.7157E-02 3.3284E-02 3.9825E-02 4.6609E-02 5.3855E-02 6.1982E-02 7.0882E-02 8.0538E-02 9.0824E-02 1.0055E-01 1.0165E-01 1.1031E-01 1.1912E-01 1.2800E-01 1.3719E-01 1.4637E-01 1.5526E-01 1.6320E-01 1.6904E-01 1.7157E-01 1.6827E-01 1.8781E-01 2.1349E-01 2.1964E-01 2.3201E-01 2.3725E-01 2.5752E-01 2.8442E-01 2.8521E-01 2.7857E-01 2.9117E-01 2.7335E-01 2.9588E-01 3.0629E-01 2.8847E-01 3.0325E-01 3.0978E-01 3.2939E-01 2.9443E-01 2.6615E-01 2.7487E-01 2.8230E-01 2.9500E-01 3.9618E-01 3.7029E-01 4.0115E-01 4.3566E-01 4.3612E-01 3.6203E-01 2.5833E-01 2.5270E-01 2.5432E-01 2.5858E-01 2.5926E-01 2.2059E-01 1.9957E-01 1.8683E-01
2.5510E-02 3.1194E-02 3.7263E-02 4.3726E-02 5.0686E-02 5.8435E-02 6.7093E-02 7.6609E-02 8.6807E-02 9.7505E-02 1.0844E-01 1.0810E-01 1.1677E-01 1.2538E-01 1.3432E-01 1.4346E-01 1.5267E-01 1.6160E-01 1.7017E-01 1.7749E-01 1.7969E-01 1.9286E-01 2.1334E-01 2.2549E-01 2.6511E-01 2.8530E-01 2.7515E-01 2.7766E-01 2.7488E-01 2.5738E-01 2.6899E-01 2.9242E-01 3.0268E-01 3.1506E-01 3.1332E-01 3.2366E-01 3.2013E-01 3.4698E-01 2.8371E-01 3.0197E-01 2.9000E-01 3.2114E-01 3.2124E-01 3.8954E-01 3.7850E-01 4.4541E-01 4.9361E-01 4.7489E-01 3.9356E-01 2.7687E-01 2.7258E-01 2.7464E-01 2.8095E-01 2.8124E-01 2.4026E-01 2.3883E-01 1.9702E-01
2.4161E-02 2.9445E-02 3.5063E-02 4.1030E-02 4.7488E-02 5.4772E-02 6.3101E-02 7.2425E-02 8.2495E-02 9.3040E-02 1.0392E-01 1.1509E-01 1.1465E-01 1.2237E-01 1.3074E-01 1.3925E-01 1.4797E-01 1.5721E-01 1.6761E-01 1.7850E-01 1.8634E-01 1.8804E-01 2.0556E-01 2.3145E-01 2.7075E-01 3.4100E-01 3.2842E-01 2.5627E-01 2.6064E-01 2.4552E-01 2.6126E-01 3.0690E-01 3.2598E-01 3.2968E-01 3.5275E-01 3.4957E-01 3.2960E-01 3.4734E-01 2.4159E-01 3.0340E-01 3.2505E-01 3.5494E-01 3.8212E-01 3.8696E-01 4.1988E-01 4.8188E-01 5.5822E-01 5.4733E-01 4.3425E-01 3.0612E-01 3.4934E-01 2.9885E-01 3.0562E-01 2.7593E-01 2.6679E-01 2.4724E-01 2.2798E-01
2.3844E-02 2.9611E-02 3.5470E-02 3.8828E-02 4.4411E-02 5.1173E-02 5.9042E-02 6.8034E-02 7.7935E-02 8.8409E-02 9.9349E-02 1.1079E-01 1.2241E-01 1.2354E-01 1.2720E-01 1.3510E-01 1.4320E-01 1.5226E-01 1.6289E-01 1.7520E-01 1.8829E-01 2.0014E-01 2.1530E-01 2.3973E-01 2.4469E-01 3.4848E-01 4.0078E-01 3.1056E-01 2.8550E-01 2.5855E-01 2.7103E-01 3.2325E-01 3.7744E-01 2.9869E-01 3.6888E-01 3.7725E-01 3.6668E-01 3.4853E-01 3.2287E-01 2.8063E-01 3.4501E-01 3.8803E-01 4.1669E-01 4.8774E-01 4.7449E-01 5.2047E-01 6.7762E-01 6.8230E-01 5.0494E-01 3.5263E-01 4.2586E-01 3.4662E-01 3.1245E-01 2.9551E-01 3.0155E-01 2.5933E-01 2.4629E-01
2.5041E-02 3.0219E-02 3.5146E-02 4.0008E-02 4.3555E-02 4.7804E-02 5.5072E-02 6.3507E-02 7.3070E-02 8.3529E-02 9.4778E-02 1.0672E-01 1.1859E-01 1.3144E-01 1.3320E-01 1.3164E-01 1.3919E-01 1.4761E-01 1.5761E-01 1.7023E-01 1.8544E-01 2.0225E-01 2.1571E-01 2.3083E-01 2.5617E-01 2.9914E-01 4.2483E-01 3.9005E-01 2.7949E-01 2.7430E-01 2.8155E-01 3.4426E-01 4.1185E-01 3.1826E-01 3.6718E-01 3.9777E-01 4.0877E-01 3.4767E-01 3.2855E-01 3.4059E-01 3.6474E-01 4.1593E-01 4.5515E-01 5.2442E-01 5.6021E-01 5.9829E-01 7.7124E-01 7.5199E-01 5.5989E-01 4.0812E-01 5.1662E-01 3.9943E-01 3.6334E-01 3.3676E-01 3.1461E-01 2.7475E-01 2.7316E-01
2.5659E-02 3.1075E-02 3.6198E-02 4.0803E-02 4.3768E-02 4.8201E-02 5.1321E-02 5.8929E-02 6.7742E-02 7.7770E-02 8.8925E-02 1.0103E-01 1.1340E-01 1.2684E-01 1.4247E-01 1.4486E-01 1.4005E-01 1.4417E-01 1.5326E-01 1.6532E-01 1.8013E-01 1.9563E-01 2.1083E-01 2.2680E-01 2.6566E-01 2.8854E-01 3.7623E-01 4.7665E-01 3.5274E-01 2.8796E-01 2.9296E-01 3.7427E-01 4.6433E-01 3.3673E-01 3.5748E-01 4.1164E-01 4.4857E-01 3.3592E-01 3.2574E-01 3.7909E-01 4.0600E-01 4.3644E-01 4.7259E-01 5.4629E-01 6.3794E-01 8.3164E-01 8.0020E-01 8.9100E-01 5.8834E-01 5.8742E-01 5.6445E-01 4.3932E-01 4.1250E-01 3.6119E-01 3.2859E-01 3.1321E-01 3.3196E-01
2.6395E-02 3.2111E-02 3.7492E-02 4.1863E-02 4.3578E-02 4.7306E-02 5.2608E-02 5.5312E-02 6.2424E-02 7.1568E-02 8.1988E-02 9.3652E-02 1.0634E-01 1.2059E-01 1.3654E-01 1.5308E-01 1.5951E-01 1.5489E-01 1.5031E-01 1.6071E-01 1.7335E-01 1.8699E-01 2.0281E-01 2.3419E-01 2.7181E-01 3.0051E-01 3.2793E-01 4.4786E-01 4.7890E-01 3.2217E-01 2.9996E-01 4.0399E-01 5.2033E-01 3.7126E-01 3.8309E-01 4.7520E-01 4.9116E-01 3.3513E-01 3.8760E-01 4.3138E-01 4.6235E-01 4.4421E-01 4.9159E-01 5.9564E-01 7.3474E-01 9.9785E-01 1.0095E+00 1.0371E+00 6.6316E-01 7.8805E-01 5.8849E-01 4.9309E-01 4.5717E-01 4.1694E-01 3.5174E-01 4.0492E-01 3.9978E-01
2.7112E-02 3.2997E-02 3.8034E-02 4.1243E-02 4.4091E-02 4.7157E-02 5.0481E-02 5.6649E-02 5.9151E-02 6.5500E-02 7.4763E-02 8.5816E-02 9.8440E-02 1.1295E-01 1.2908E-01 1.4506E-01 1.6133E-01 1.7616E-01 1.7157E-01 1.6641E-01 1.8282E-01 1.9697E-01 2.0464E-01 2.1881E-01 2.4677E-01 3.1280E-01 3.3979E-01 3.2393E-01 5.6575E-01 4.7253E-01 3.2867E-01 4.4715E-01 5.6113E-01 4.5041E-01 4.3982E-01 4.9383E-01 4.5693E-01 3.7956E-01 4.5083E-01 4.4641E-01 5.1010E-01 6.2982E-01 6.5462E-01 6.4983E-01 8.4971E-01 1.1438E+00 1.7037E+00 1.1269E+00 8.0938E-01 9.4211E-01 6.7344E-01 5.6395E-01 5.2704E-01 4.5682E-01 4.7478E-01 5.4884E-01 4.3068E-01
2.7689E-02 3.4032E-02 3.8534E-02 4.2557E-02 4.6306E-02 4.9691E-02 5.2646E-02 5.5144E-02 6.0331E-02 6.2800E-02 6.8750E-02 7.8597E-02 9.0179E-02 1.0369E-01 1.1910E-01 1.3512E-01 1.5185E-01 1.7255E-01 1.9393E-01 1.9044E-01 1.8849E-01 2.1057E-01 2.3279E-01 2.4588E-01 2.5981E-01 3.2421E-01 3.5258E-01 3.9668E-01 4.3267E-01 5.8755E-01 4.5045E-01 4.8144E-01 6.1048E-01 6.1299E-01 5.1374E-01 5.3577E-01 4.9040E-01 4.6868E-01 4.4998E-01 5.7434E-01 8.3788E-01 8.8755E-01 8.0692E-01 7.7347E-01 1.0568E+00 1.4244E+00 1.9299E+00 1.4096E+00 1.3027E+00 1.0736E+00 8.2451E-01 6.7793E-01 6.7291E-01 5.0642E-01 5.8047E-01 4.3604E-01 3.9648E-01
2.7953E-02 3.4519E-02 3.9985E-02 4.4299E-02 4.8368E-02 5.2089E-02 5.5394E-02 5.8251E-02 6.0616E-02 6.3812E-02 6.6738E-02 7.2065E-02 8.2718E-02 9.4297E-02 1.0792E-01 1.2498E-01 1.4479E-01 1.6885E-01 1.9204E-01 2.1322E-01 2.1324E-01 2.1560E-01 2.4244E-01 2.6441E-01 2.7622E-01 3.3182E-01 3.7267E-01 3.9831E-01 4.9177E-01 6.0561E-01 6.3707E-01 5.8831E-01 6.8869E-01 8.3715E-01 6.1679E-01 5.7057E-01 5.9560E-01 5.1006E-01 5.5902E-01 7.7575E-01 1.5196E+00 1.5065E+00 9.1541E-01 8.3136E-01 1.4077E+00 2.0872E+00 2.2847E+00 2.0051E+00 1.8222E+00 1.4926E+00 1.1677E+00 8.2854E-01 7.8825E-01 6.8060E-01 4.9705E-01 3.5425E-01 2.9861E-01
