20231023_webinar_progetto_murano/refs/data_input_report_tx_finale/calpost_grid/rank(1)_cd_24hr_conc_cd.grd
DSAA
          81          81
     760.250     764.250
    5036.750    5040.750
  0.9446E-01  0.1001E+02
[rows 50 to 74 of 81, columns 0 to 56 of 81]
1.5168E-01 1.6090E-01 1.6948E-01 1.7717E-01 1.8408E-01 1.9030E-01 2.0457E-01 2.2191E-01 2.3791E-01 2.5221E-01 2.6407E-01 2.7268E-01 2.7793E-01 2.8003E-01 2.8590E-01 3.0276E-01 3.1979E-01 3.3564E-01 3.4965E-01 3.5555E-01 3.5378E-01 4.1274E-01 4.3997E-01 4.2285E-01 4.3274E-01 4.5248E-01 4.7946E-01 4.4627E-01 4.2549E-01 4.3611E-01 5.7548E-01 7.8933E-01 1.1142E+00 1.1143E+00 1.5479E+00 5.0512E-01 4.6792E-01 5.1082E-01 6.1793E-01 6.7540E-01 7.4323E-01 8.5838E-01 8.4563E-01 9.9897E-01 1.1801E+00 1.8148E+00 2.2800E+00 1.6754E+00 1.1880E+00 9.8419E-01 1.3229E+00 9.4256E-01 1.2834E+00 1.1422E+00 9.1572E-01 7.6688E-01 6.9313E-01
1.5588E-01 1.6298E-01 1.6925E-01 1.7465E-01 1.9021E-01 2.0576E-01 2.2009E-01 2.3282E-01 2.4309E-01 2.5085E-01 2.5618E-01 2.5938E-01 2.6100E-01 2.6463E-01 2.7953E-01 2.9333E-01 3.0303E-01 3.0687E-01 3.0374E-01 3.5324E-01 3.9095E-01 3.9480E-01 3.7242E-01 3.9360E-01 4.0651E-01 4.3531E-01 4.2214E-01 3.7684E-01 4.1893E-01 4.8605E-01 6.6509E-01 1.0739E+00 1.0711E+00 2.1765E+00 1.0514E+00 6.0790E-01 6.7785E-01 6.4003E-01 5.8868E-01 6.3603E-01 7.3962E-01 9.4351E-01 1.0530E+00 1.0786E+00 1.2430E+00 2.4617E+00 2.4108E+00 1.5690E+00 1.2249E+00 1.0695E+00 1.0494E+00 9.5362E-01 8.8347E-01 7.8661E-01 7.1653E-01 6.5953E-01 8.7635E-01
1.5476E-01 1.6133E-01 1.7604E-01 1.9018E-01 2.0350E-01 2.1513E-01 2.2460E-01 2.3159E-01 2.3637E-01 2.3983E-01 2.4228E-01 2.4421E-01 2.4564E-01 2.4711E-01 2.5070E-01 2.5442E-01 2.5683E-01 2.9991E-01 3.3923E-01 3.6173E-01 3.6130E-01 3.4801E-01 3.6355E-01 3.7490E-01 4.0338E-01 4.0289E-01 3.6934E-01 3.7167E-01 4.1406E-01 4.6766E-01 7.4150E-01 1.3566E+00 1.2473E+00 2.0589E+00 7.6006E-01 7.0799E-01 6.6511E-01 5.3828E-01 5.8244E-01 7.2873E-01 8.6602E-01 9.5091E-01 9.9320E-01 1.2944E+00 2.0570E+00 3.2835E+00 3.0269E+00 1.0109E+00 7.9600E-01 8.4369E-01 8.7856E-01 8.8425E-01 1.0093E+00 1.1839E+00 1.4477E+00 1.5874E+00 1.5831E+00
1.6209E-01 1.7549E-01 1.8784E-01 1.9855E-01 2.0735E-01 2.1411E-01 2.1910E-01 2.2226E-01 2.2479E-01 2.2705E-01 2.2966E-01 2.3252E-01 2.3563E-01 2.3846E-01 2.4260E-01 2.5270E-01 2.8838E-01 3.1728E-01 3.3372E-01 3.3614E-01 3.3237E-01 3.3378E-01 3.5146E-01 3.8613E-01 3.9045E-01 3.6355E-01 3.2953E-01 3.3824E-01 4.0445E-01 5.3516E-01 7.7711E-01 1.0524E+00 9.0194E-01 1.2280E+00 7.3144E-01 8.3732E-01 4.4251E-01 4.5603E-01 6.0757E-01 1.1116E+00 1.3577E+00 1.1318E+00 9.4795E-01 1.3283E+00 2.1166E+00 3.4023E+00 8.1443E+00 1.0957E+00 1.1868E+00 1.8553E+00 2.3206E+00 2.1935E+00 1.9131E+00 1.6370E+00 1.4295E+00 1.2788E+00 1.1404E+00
1.7265E-01 1.8302E-01 1.9147E-01 1.9789E-01 2.0276E-01 2.0603E-01 2.0909E-01 2.1159E-01 2.1436E-01 2.1754E-01 2.2171E-01 2.2592E-01 2.3032E-01 2.3540E-01 2.4289E-01 2.7129E-01 2.9381E-01 3.0732E-01 3.1417E-01 3.1814E-01 3.2172E-01 3.4031E-01 3.7732E-01 3.8684E-01 3.6330E-01 3.2506E-01 3.5180E-01 4.1984E-01 5.3217E-01 7.1775E-01 1.0159E+00 1.3552E+00 1.1733E+00 1.1713E+00 5.9954E-01 6.2190E-01 4.9922E-01 6.5740E-01 8.4005E-01 1.2074E+00 2.5337E+00 1.4482E+00 1.1808E+00 1.3918E+00 1.4931E+00 1.7316E+00 3.7334E+00 1.0373E+00 1.1674E+00 8.0570E-01 8.0128E-01 6.8052E-01 6.8954E-01 6.7721E-01 6.5616E-01 6.4550E-01 6.3943E-01
1.7628E-01 1.8286E-01 1.8792E-01 1.9148E-01 1.9438E-01 1.9696E-01 2.0010E-01 2.0370E-01 2.0798E-01 2.1268E-01 2.1761E-01 2.2327E-01 2.3129E-01 2.4801E-01 2.6481E-01 2.7976E-01 2.9078E-01 2.9656E-01 3.0271E-01 3.1064E-01 3.2665E-01 3.6716E-01 3.8423E-01 3.6741E-01 3.2942E-01 3.3970E-01 3.7211E-01 4.0393E-01 4.3990E-01 4.8651E-01 7.5633E-01 1.0505E+00 9.3592E-01 6.2102E-01 5.8066E-01 4.3527E-01 4.4859E-01 6.0936E-01 9.0419E-01 1.4737E+00 1.8943E+00 7.1328E-01 7.9445E-01 9.1224E-01 1.0421E+00 1.6980E+00 2.0612E+00 1.2992E+00 2.1351E+00 1.9984E+00 9.9458E-01 8.0300E-01 5.5256E-01 5.6763E-01 5.8913E-01 5.8156E-01 5.4683E-01
1.7363E-01 1.7780E-01 1.8103E-01 1.8391E-01 1.8699E-01 1.9055E-01 1.9500E-01 2.0003E-01 2.0545E-01 2.1119E-01 2.1773E-01 2.3276E-01 2.4810E-01 2.6242E-01 2.7417E-01 2.8211E-01 2.8645E-01 2.8760E-01 2.9771E-01 3.1098E-01 3.5280E-01 3.7651E-01 3.6982E-01 3.3607E-01 3.2501E-01 3.5070E-01 3.4543E-01 3.2563E-01 3.7288E-01 5.0151E-01 6.4756E-01 6.5353E-01 6.1562E-01 5.1536E-01 4.6304E-01 3.2741E-01 3.8076E-01 5.0589E-01 7.7391E-01 1.0433E+00 1.5775E+00 7.2222E-01 8.1688E-01 8.1897E-01 1.0603E+00 1.6219E+00 1.8060E+00 1.2469E+00 8.0182E-01 2.3543E+00 1.7375E+00 1.1120E+00 7.1313E-01 5.3324E-01 5.4055E-01 5.6503E-01 5.2641E-01
1.6793E-01 1.7140E-01 1.7487E-01 1.7881E-01 1.8330E-01 1.8826E-01 1.9382E-01 1.9973E-01 2.0570E-01 2.1487E-01 2.2794E-01 2.4146E-01 2.5314E-01 2.6241E-01 2.6862E-01 2.7123E-01 2.7380E-01 2.8483E-01 2.9325E-01 3.3608E-01 3.6482E-01 3.6719E-01 3.4099E-01 3.0107E-01 3.2818E-01 3.4601E-01 3.4167E-01 3.2985E-01 3.8875E-01 4.5944E-01 4.9642E-01 4.8176E-01 4.3978E-01 4.1516E-01 3.7404E-01 4.2160E-01 5.0038E-01 5.5030E-01 5.2377E-01 7.0607E-01 9.2111E-01 5.9320E-01 7.1732E-01 7.1399E-01 1.0265E+00 1.5179E+00 1.5210E+00 1.1159E+00 7.5878E-01 8.2298E-01 1.8468E+00 1.3550E+00 9.5209E-01 6.9488E-01 5.3715E-01 5.6953E-01 5.7262E-01
1.6267E-01 1.6706E-01 1.7208E-01 1.7747E-01 1.8334E-01 1.8926E-01 1.9495E-01 2.0073E-01 2.0839E-01 2.1942E-01 2.3006E-01 2.3933E-01 2.4708E-01 2.5178E-01 2.5372E-01 2.6150E-01 2.7315E-01 2.8107E-01 3.1719E-01 3.4940E-01 3.5986E-01 3.4324E-01 3.0774E-01 3.0417E-01 3.2211E-01 3.3558E-01 3.3427E-01 3.3784E-01 3.6828E-01 3.9245E-01 3.8679E-01 3.6376E-01 3.3876E-01 3.6157E-01 3.8888E-01 3.8875E-01 3.5900E-01 3.1844E-01 4.2527E-01 5.4607E-01 5.0405E-01 4.8463E-01 5.8248E-01 7.2016E-01 9.8825E-01 1.3441E+00 1.2781E+00 1.1037E+00 6.8349E-01 7.3612E-01 8.1111E-01 1.3953E+00 1.0593E+00 7.8152E-01 6.1794E-01 4.9859E-01 5.6966E-01
1.6035E-01 1.6640E-01 1.7292E-01 1.7937E-01 1.8549E-01 1.9121E-01 1.9634E-01 2.0123E-01 2.0841E-01 2.1684E-01 2.2417E-01 2.2987E-01 2.3329E-01 2.3644E-01 2.4987E-01 2.6141E-01 2.6990E-01 2.9836E-01 3.3263E-01 3.4931E-01 3.4131E-01 3.1370E-01 3.1720E-01 3.2222E-01 3.2502E-01 3.2607E-01 3.3175E-01 3.3691E-01 3.4841E-01 3.5682E-01 3.4355E-01 3.0245E-01 3.1835E-01 3.1159E-01 2.8921E-01 2.6208E-01 2.8743E-01 3.0765E-01 3.7716E-01 3.8910E-01 3.9191E-01 4.1001E-01 5.1624E-01 8.0693E-01 9.8234E-01 1.2288E+00 1.0702E+00 9.8734E-01 7.1693E-01 7.1303E-01 6.7065E-01 7.8264E-01 1.0736E+00 8.4275E-01 6.2171E-01 4.9902E-01 4.9934E-01
1.6164E-01 1.6871E-01 1.7561E-01 1.8181E-01 1.8752E-01 1.9238E-01 1.9655E-01 1.9985E-01 2.0273E-01 2.0850E-01 2.1278E-01 2.1589E-01 2.2539E-01 2.3872E-01 2.5017E-01 2.5865E-01 2.7908E-01 3.1488E-01 3.3717E-01 3.3788E-01 3.1719E-01 3.2164E-01 3.3188E-01 3.4000E-01 3.4311E-01 3.3801E-01 3.3362E-01 3.5014E-01 3.6027E-01 3.5191E-01 3.2796E-01 2.8855E-01 2.7401E-01 2.6471E-01 2.4123E-01 2.5146E-01 2.8510E-01 2.9318E-01 3.1550E-01 3.0783E-01 3.4973E-01 4.1058E-01 5.0345E-01 6.8014E-01 1.0834E+00 9.8786E-01 9.2862E-01 9.1733E-01 7.1259E-01 6.7470E-01 6.1737E-01 5.9940E-01 6.8916E-01 8.0917E-01 6.3805E-01 4.8828E-01 4.5334E-01
1.6472E-01 1.7179E-01 1.7792E-01 1.8333E-01 1.8763E-01 1.9089E-01 1.9305E-01 1.9402E-01 1.9408E-01 1.9800E-01 2.0160E-01 2.1506E-01 2.2800E-01 2.3891E-01 2.4745E-01 2.6058E-01 2.9664E-01 3.2276E-01 3.3132E-01 3.1958E-01 3.1901E-01 3.3319E-01 3.4706E-01 3.5637E-01 3.5666E-01 3.4607E-01 3.3071E-01 3.4929E-01 3.5881E-01 3.4908E-01 3.2076E-01 2.8500E-01 2.5830E-01 2.4956E-01 2.2708E-01 2.3989E-01 2.7228E-01 2.7740E-01 2.7613E-01 3.1790E-01 3.6412E-01 4.1855E-01 4.9650E-01 6.1371E-01 7.3171E-01 8.4924E-01 8.7037E-01 8.4040E-01 6.6747E-01 6.0546E-01 5.7701E-01 5.6108E-01 5.9335E-01 6.3272E-01 6.0948E-01 5.1859E-01 4.5314E-01
1.6777E-01 1.7343E-01 1.7837E-01 1.8191E-01 1.8428E-01 1.8523E-01 1.8508E-01 1.8381E-01 1.8634E-01 1.9211E-01 2.0524E-01 2.1768E-01 2.2819E-01 2.3666E-01 2.4253E-01 2.7831E-01 3.0720E-01 3.2215E-01 3.1892E-01 3.1071E-01 3.2656E-01 3.4464E-01 3.6086E-01 3.6968E-01 3.6558E-01 3.5070E-01 3.3013E-01 3.3710E-01 3.4100E-01 3.2913E-01 3.0521E-01 2.7743E-01 2.5441E-01 2.4735E-01 2.3023E-01 2.3183E-01 2.5998E-01 2.6387E-01 2.9727E-01 3.4187E-01 3.8690E-01 4.3443E-01 5.0162E-01 5.8904E-01 6.6096E-01 8.1366E-01 7.9710E-01 7.6305E-01 6.1381E-01 5.3514E-01 5.5194E-01 5.1865E-01 5.0812E-01 5.6407E-01 5.7008E-01 5.3099E-01 4.7162E-01
1.6838E-01 1.7240E-01 1.7514E-01 1.7644E-01 1.7650E-01 1.7543E-01 1.7342E-01 1.7794E-01 1.8326E-01 1.9594E-01 2.0796E-01 2.1816E-01 2.2604E-01 2.3035E-01 2.6018E-01 2.9084E-01 3.1080E-01 3.1536E-01 3.0502E-01 3.1526E-01 3.3457E-01 3.5505E-01 3.7188E-01 3.7786E-01 3.7023E-01 3.5309E-01 3.3305E-01 3.1965E-01 3.1818E-01 3.0508E-01 2.8539E-01 2.6488E-01 2.6005E-01 2.5550E-01 2.4240E-01 2.3124E-01 2.4898E-01 2.7579E-01 3.1812E-01 3.6636E-01 4.1141E-01 4.5473E-01 5.0940E-01 5.6845E-01 6.3636E-01 7.7030E-01 7.2944E-01 6.9815E-01 5.7039E-01 5.4992E-01 5.2197E-01 5.0207E-01 4.6802E-01 4.9648E-01 5.2172E-01 5.1058E-01 4.7526E-01
1.6570E-01 1.6746E-01 1.6794E-01 1.6709E-01 1.6515E-01 1.6708E-01 1.7210E-01 1.7713E-01 1.8706E-01 1.9850E-01 2.0830E-01 2.1599E-01 2.2036E-01 2.4238E-01 2.7379E-01 2.9755E-01 3.0844E-01 3.0544E-01 3.0241E-01 3.2090E-01 3.4277E-01 3.6419E-01 3.7877E-01 3.8073E-01 3.7060E-01 3.5311E-01 3.3371E-01 3.1147E-01 2.9583E-01 2.8302E-01 2.6835E-01 2.6681E-01 2.6598E-01 2.6376E-01 2.5357E-01 2.4157E-01 2.5704E-01 2.9051E-01 3.3723E-01 3.8803E-01 4.3236E-01 4.7095E-01 5.1104E-01 5.4529E-01 6.3364E-01 7.2418E-01 6.7411E-01 6.3675E-01 5.3498E-01 5.5000E-01 5.3667E-01 4.8382E-01 4.5435E-01 4.4738E-01 4.7230E-01 4.7902E-01 4.6023E-01
1.5913E-01 1.5875E-01 1.5727E-01 1.5685E-01 1.6238E-01 1.6763E-01 1.7304E-01 1.7888E-01 1.8950E-01 1.9879E-01 2.0611E-01 2.1310E-01 2.2558E-01 2.5699E-01 2.8302E-01 2.9881E-01 3.0210E-01 2.9455E-01 3.0669E-01 3.2789E-01 3.5065E-01 3.7037E-01 3.8093E-01 3.7894E-01 3.6684E-01 3.5054E-01 3.3000E-01 3.0587E-01 2.8447E-01 2.7450E-01 2.7547E-01 2.7950E-01 2.7708E-01 2.6646E-01 2.5898E-01 2.5725E-01 2.6814E-01 3.0390E-01 3.5509E-01 4.0715E-01 4.5024E-01 4.8164E-01 5.0447E-01 5.1773E-01 6.1989E-01 6.7560E-01 6.2233E-01 5.8509E-01 5.0443E-01 5.2544E-01 5.3404E-01 4.7544E-01 4.4225E-01 4.1909E-01 4.3109E-01 4.4445E-01 4.3903E-01
1.4927E-01 1.4742E-01 1.5253E-01 1.5824E-01 1.6390E-01 1.6936E-01 1.7511E-01 1.8135E-01 1.8988E-01 1.9686E-01 2.0510E-01 2.1283E-01 2.4083E-01 2.6821E-01 2.8762E-01 2.9596E-01 2.9318E-01 2.9316E-01 3.1299E-01 3.3535E-01 3.5764E-01 3.7361E-01 3.7927E-01 3.7412E-01 3.6197E-01 3.4547E-01 3.2366E-01 2.9865E-01 2.8047E-01 2.7604E-01 2.8243E-01 2.9064E-01 2.9068E-01 2.7777E-01 2.6947E-01 2.7558E-01 2.8503E-01 3.1899E-01 3.7155E-01 4.2644E-01 4.6672E-01 4.8862E-01 4.9440E-01 4.9798E-01 6.0026E-01 6.2787E-01 5.7541E-01 5.4344E-01 4.7916E-01 4.8154E-01 5.0668E-01 4.6798E-01 4.2663E-01 4.0404E-01 3.9945E-01 4.1002E-01 4.1361E-01
1.4144E-01 1.4818E-01 1.5411E-01 1.5992E-01 1.6499E-01 1.7013E-01 1.7575E-01 1.8161E-01 1.8808E-01 1.9449E-01 1.9953E-01 2.2552E-01 2.5360E-01 2.7543E-01 2.8771E-01 2.8900E-01 2.8231E-01 2.9858E-01 3.2052E-01 3.4354E-01 3.6310E-01 3.7462E-01 3.7591E-01 3.6895E-01 3.5708E-01 3.3986E-01 3.1654E-01 2.9304E-01 2.7929E-01 2.8064E-01 2.9249E-01 3.0438E-01 3.0609E-01 2.9308E-01 2.7889E-01 2.8815E-01 2.9940E-01 3.3875E-01 3.9454E-01 4.4956E-01 4.8537E-01 4.9516E-01 4.8523E-01 4.9782E-01 5.7412E-01 5.8287E-01 5.3223E-01 5.0774E-01 4.5561E-01 4.2876E-01 4.6355E-01 4.4634E-01 4.0602E-01 3.9090E-01 3.7355E-01 3.7824E-01 3.8488E-01
1.4311E-01 1.4936E-01 1.5477E-01 1.5950E-01 1.6392E-01 1.6831E-01 1.7346E-01 1.7974E-01 1.8397E-01 1.8581E-01 2.1116E-01 2.3937E-01 2.6285E-01 2.7802E-01 2.8293E-01 2.7907E-01 2.8450E-01 3.0529E-01 3.2813E-01 3.5036E-01 3.6626E-01 3.7383E-01 3.7201E-01 3.6460E-01 3.5315E-01 3.3541E-01 3.1167E-01 2.9031E-01 2.8185E-01 2.8900E-01 3.0591E-01 3.2002E-01 3.2136E-01 3.0589E-01 2.8812E-01 3.0025E-01 3.1955E-01 3.5860E-01 4.1497E-01 4.6878E-01 4.9919E-01 4.9762E-01 4.7487E-01 4.9147E-01 5.4345E-01 5.3787E-01 4.9172E-01 4.7367E-01 4.3195E-01 3.7391E-01 4.1201E-01 4.1344E-01 3.8417E-01 3.7428E-01 3.5753E-01 3.5027E-01 3.5592E-01
1.4317E-01 1.4847E-01 1.5270E-01 1.5626E-01 1.5981E-01 1.6586E-01 1.7188E-01 1.7601E-01 1.7805E-01 1.9778E-01 2.2567E-01 2.5020E-01 2.6763E-01 2.7535E-01 2.7416E-01 2.7041E-01 2.9013E-01 3.1221E-01 3.3519E-01 3.5441E-01 3.6748E-01 3.7112E-01 3.6764E-01 3.6112E-01 3.5029E-01 3.3229E-01 3.0893E-01 2.9083E-01 2.8765E-01 3.0013E-01 3.1941E-01 3.3283E-01 3.3099E-01 3.1199E-01 3.0322E-01 3.1660E-01 3.3435E-01 3.7028E-01 4.2455E-01 4.7612E-01 5.0114E-01 4.9101E-01 4.6000E-01 4.7824E-01 5.0974E-01 4.9474E-01 4.5330E-01 4.4239E-01 4.0760E-01 3.3246E-01 3.5812E-01 3.7207E-01 3.5607E-01 3.5319E-01 3.4329E-01 3.2753E-01 3.2875E-01
1.4069E-01 1.4460E-01 1.4760E-01 1.5135E-01 1.5857E-01 1.6441E-01 1.6845E-01 1.7073E-01 1.8523E-01 2.1259E-01 2.3778E-01 2.5673E-01 2.6677E-01 2.6812E-01 2.6262E-01 2.7521E-01 2.9640E-01 3.1878E-01 3.4002E-01 3.5635E-01 3.6529E-01 3.6649E-01 3.6283E-01 3.5735E-01 3.4653E-01 3.2858E-01 3.0724E-01 2.9347E-01 2.9518E-01 3.1069E-01 3.2914E-01 3.3859E-01 3.3173E-01 3.0981E-01 3.0923E-01 3.2399E-01 3.4117E-01 3.7435E-01 4.2352E-01 4.6951E-01 4.9089E-01 4.7660E-01 4.4206E-01 4.5951E-01 4.7483E-01 4.5467E-01 4.1755E-01 4.1252E-01 3.8363E-01 3.1865E-01 3.0797E-01 3.2779E-01 3.2324E-01 3.2928E-01 3.2635E-01 3.1508E-01 3.0206E-01
1.3518E-01 1.3815E-01 1.4464E-01 1.5157E-01 1.5724E-01 1.6130E-01 1.6377E-01 1.7351E-01 2.0025E-01 2.2537E-01 2.4556E-01 2.5776E-01 2.6111E-01 2.5747E-01 2.6095E-01 2.8063E-01 3.0204E-01 3.2376E-01 3.4232E-01 3.5555E-01 3.6084E-01 3.6016E-01 3.5714E-01 3.5173E-01 3.4086E-01 3.2355E-01 3.0576E-01 2.9716E-01 3.0310E-01 3.1923E-01 3.3399E-01 3.3713E-01 3.2522E-01 3.0179E-01 3.0718E-01 3.2327E-01 3.4033E-01 3.7087E-01 4.1496E-01 4.5539E-01 4.7217E-01 4.5636E-01 4.2002E-01 4.3749E-01 4.4080E-01 4.1848E-01 3.8623E-01 3.8484E-01 3.6035E-01 3.0425E-01 2.6416E-01 2.8571E-01 2.8929E-01 3.0364E-01 3.0707E-01 3.0105E-01 2.8995E-01
1.3016E-01 1.3796E-01 1.4480E-01 1.5040E-01 1.5454E-01 1.5714E-01 1.6252E-01 1.8840E-01 2.1337E-01 2.3424E-01 2.4802E-01 2.5325E-01 2.5136E-01 2.4715E-01 2.6545E-01 2.8571E-01 3.0669E-01 3.2652E-01 3.4239E-01 3.5170E-01 3.5420E-01 3.5277E-01 3.4973E-01 3.4378E-01 3.3260E-01 3.1673E-01 3.0347E-01 2.9997E-01 3.0845E-01 3.2269E-01 3.3197E-01 3.2904E-01 3.1398E-01 2.9144E-01 3.0104E-01 3.1747E-01 3.3463E-01 3.6259E-01 4.0167E-01 4.3676E-01 4.5012E-01 4.3338E-01 3.9893E-01 4.1328E-01 4.0954E-01 3.8655E-01 3.5824E-01 3.5954E-01 3.3877E-01 2.9007E-01 2.4738E-01 2.4804E-01 2.6052E-01 2.7778E-01 2.8616E-01 2.8523E-01 2.7781E-01
1.3116E-01 1.3808E-01 1.4376E-01 1.4797E-01 1.5075E-01 1.5232E-01 1.7713E-01 2.0143E-01 2.2289E-01 2.3788E-01 2.4492E-01 2.4459E-01 2.3956E-01 2.5101E-01 2.6978E-01 2.8984E-01 3.0972E-01 3.2700E-01 3.3933E-01 3.4505E-01 3.4592E-01 3.4409E-01 3.4050E-01 3.3380E-01 3.2234E-01 3.0869E-01 2.9973E-01 3.0036E-01 3.0969E-01 3.2010E-01 3.2332E-01 3.1701E-01 3.0112E-01 2.8217E-01 2.9311E-01 3.0968E-01 3.2647E-01 3.5184E-01 3.8583E-01 4.1584E-01 4.2599E-01 4.0953E-01 3.7772E-01 3.8799E-01 3.7965E-01 3.5830E-01 3.3567E-01 3.3702E-01 3.1922E-01 2.7659E-01 2.3339E-01 2.1704E-01 2.3410E-01 2.5280E-01 2.6438E-01 2.6820E-01 2.6477E-01
1.3119E-01 1.3703E-01 1.4152E-01 1.4456E-01 1.4631E-01 1.6638E-01 1.9017E-01 2.1146E-01 2.2728E-01 2.3582E-01 2.3724E-01 2.3347E-01 2.3735E-01 2.5474E-01 2.7338E-01 2.9258E-01 3.1019E-01 3.2451E-01 3.3340E-01 3.3669E-01 3.3609E-01 3.3384E-01 3.2959E-01 3.2202E-01 3.1072E-01 2.9955E-01 2.9392E-01 2.9694E-01 3.0494E-01 3.1146E-01 3.1068E-01 3.0245E-01 2.8791E-01 2.7544E-01 2.8440E-01 3.0109E-01 3.1720E-01 3.3967E-01 3.6861E-01 3.9381E-01 4.0144E-01 3.8627E-01 3.5757E-01 3.6238E-01 3.5182E-01 3.3234E-01 3.1810E-01 3.1616E-01 3.0118E-01 2.6386E-01 2.2058E-01 2.0844E-01 2.1031E-01 2.2893E-01 2.4286E-01 2.5016E-01 2.5045E-01
