20231023_webinar_progetto_murano/refs/data_input_report_tx_finale/calpost_grid/rank(1)_cd_1hr_conc_cd.grd
DSAA
          81          81
     760.250     764.250
    5036.750    5040.750
  0.7420E+00  0.2249E+02
[rows 25 to 49 of 81, columns 0 to 56 of 81]
1.3510E+00 1.4502E+00 1.5481E+00 1.6225E+00 1.6620E+00 1.6647E+00 1.6221E+00 1.7381E+00 1.8760E+00 2.0277E+00 2.1981E+00 2.3872E+00 2.5825E+00 2.7773E+00 2.9595E+00 3.1146E+00 3.2237E+00 3.2648E+00 3.2204E+00 4.1542E+00 4.7407E+00 4.6831E+00 4.0930E+00 3.9913E+00 3.8298E+00 4.0127E+00 4.8467E+00 4.4530E+00 4.9251E+00 5.3377E+00 5.6576E+00 5.8583E+00 5.9267E+00 5.8640E+00 5.6861E+00 5.4184E+00 5.0891E+00 4.7266E+00 4.7107E+00 4.6733E+00 4.7104E+00 4.6708E+00 4.5674E+00 4.4108E+00 4.2253E+00 4.0026E+00 3.7492E+00 3.4729E+00 3.1811E+00 2.8825E+00 2.5995E+00 2.5204E+00 2.5608E+00 2.6127E+00 2.6446E+00 2.6635E+00 2.6683E+00
1.2614E+00 1.3348E+00 1.4557E+00 1.5718E+00 1.6817E+00 1.7678E+00 1.8183E+00 1.8232E+00 1.7748E+00 1.8822E+00 2.0551E+00 2.2507E+00 2.4613E+00 2.6835E+00 2.9096E+00 3.1242E+00 3.3046E+00 3.4272E+00 3.4680E+00 3.4799E+00 4.5744E+00 5.2178E+00 5.0635E+00 4.2332E+00 4.4377E+00 4.0263E+00 4.7488E+00 4.8910E+00 5.0498E+00 5.5268E+00 5.9004E+00 6.1362E+00 6.2161E+00 6.1429E+00 5.9375E+00 5.6329E+00 5.2671E+00 5.0106E+00 5.0226E+00 4.9496E+00 4.8820E+00 4.8026E+00 4.6652E+00 4.4907E+00 4.2703E+00 4.0256E+00 3.7498E+00 3.4508E+00 3.1374E+00 2.8188E+00 2.6524E+00 2.6415E+00 2.6963E+00 2.7362E+00 2.7577E+00 2.7654E+00 2.7626E+00
1.2231E+00 1.2989E+00 1.3591E+00 1.4010E+00 1.5352E+00 1.6799E+00 1.8117E+00 1.9167E+00 1.9793E+00 1.9865E+00 1.9300E+00 2.0752E+00 2.2872E+00 2.5220E+00 2.7741E+00 3.0291E+00 3.2670E+00 3.4630E+00 3.5951E+00 3.6428E+00 3.7880E+00 5.0626E+00 5.7462E+00 5.4428E+00 4.4702E+00 4.7224E+00 4.7476E+00 5.1810E+00 5.1748E+00 5.6938E+00 6.1293E+00 6.4064E+00 6.5019E+00 6.4157E+00 6.1753E+00 5.8273E+00 5.4184E+00 5.3526E+00 5.3362E+00 5.2233E+00 5.0410E+00 4.8996E+00 4.7324E+00 4.5368E+00 4.2945E+00 4.0325E+00 3.7366E+00 3.4163E+00 3.0816E+00 2.7441E+00 2.7120E+00 2.7562E+00 2.8016E+00 2.8352E+00 2.8508E+00 2.8506E+00 2.8361E+00
1.1633E+00 1.2354E+00 1.3035E+00 1.3712E+00 1.4402E+00 1.5065E+00 1.6152E+00 1.7861E+00 1.9421E+00 2.0661E+00 2.1456E+00 2.1656E+00 2.1092E+00 2.3111E+00 2.5681E+00 2.8410E+00 3.1132E+00 3.3675E+00 3.5811E+00 3.7284E+00 3.7708E+00 4.1583E+00 5.6366E+00 6.3233E+00 5.7788E+00 5.1143E+00 4.8213E+00 5.5314E+00 5.7509E+00 5.8290E+00 6.3407E+00 6.6677E+00 6.7749E+00 6.6652E+00 6.3783E+00 5.9769E+00 5.5838E+00 5.6666E+00 5.6113E+00 5.4560E+00 5.2343E+00 4.9673E+00 4.7706E+00 4.5519E+00 4.2925E+00 4.0164E+00 3.7032E+00 3.3631E+00 3.0890E+00 2.7966E+00 2.7981E+00 2.8471E+00 2.8847E+00 2.9109E+00 2.9218E+00 2.9152E+00 2.8884E+00
1.1578E+00 1.2320E+00 1.3071E+00 1.3779E+00 1.4467E+00 1.5130E+00 1.5767E+00 1.6378E+00 1.6959E+00 1.8879E+00 2.0726E+00 2.2291E+00 2.3324E+00 2.3621E+00 2.3340E+00 2.5836E+00 2.8655E+00 3.1519E+00 3.4249E+00 3.6513E+00 3.7974E+00 3.8228E+00 4.5796E+00 6.2627E+00 6.8856E+00 6.0097E+00 5.5969E+00 5.6660E+00 6.1537E+00 5.9067E+00 6.5011E+00 6.8783E+00 6.9902E+00 6.8423E+00 6.4933E+00 6.0317E+00 5.8462E+00 5.9023E+00 5.8052E+00 5.6046E+00 5.3428E+00 5.0473E+00 4.7351E+00 4.5199E+00 4.2517E+00 3.9660E+00 3.8032E+00 3.6822E+00 3.3426E+00 2.9006E+00 2.8547E+00 2.8930E+00 2.9345E+00 2.9622E+00 2.9728E+00 2.9568E+00 2.9210E+00
1.1392E+00 1.2139E+00 1.2922E+00 1.3666E+00 1.4410E+00 1.5147E+00 1.5876E+00 1.6595E+00 1.7319E+00 1.8048E+00 1.8717E+00 1.9911E+00 2.2109E+00 2.3993E+00 2.5308E+00 2.5799E+00 2.7782E+00 3.0033E+00 3.3818E+00 3.5928E+00 3.6448E+00 3.9366E+00 4.3441E+00 5.0067E+00 6.8830E+00 7.3076E+00 6.1257E+00 5.6634E+00 6.1686E+00 6.0460E+00 6.5382E+00 6.9594E+00 7.0625E+00 6.8601E+00 6.5493E+00 5.9940E+00 5.9304E+00 5.9715E+00 5.8445E+00 5.6138E+00 5.3308E+00 5.0249E+00 4.7049E+00 4.4010E+00 4.1449E+00 4.1878E+00 4.3059E+00 4.1345E+00 3.6649E+00 3.0272E+00 2.9430E+00 2.8946E+00 2.9510E+00 2.9851E+00 2.9967E+00 2.9781E+00 2.9258E+00
1.1307E+00 1.1834E+00 1.2615E+00 1.3381E+00 1.4172E+00 1.4959E+00 1.5761E+00 1.6573E+00 1.7413E+00 1.8258E+00 1.9063E+00 1.9774E+00 2.0373E+00 2.0885E+00 2.3498E+00 2.5900E+00 2.7802E+00 3.0196E+00 3.2304E+00 3.6008E+00 3.8479E+00 4.0816E+00 4.7183E+00 5.2849E+00 5.5958E+00 7.3045E+00 7.3042E+00 6.8347E+00 5.8462E+00 6.4931E+00 6.8365E+00 6.8016E+00 6.8756E+00 6.6013E+00 7.1507E+00 5.9831E+00 5.9056E+00 5.7453E+00 6.1781E+00 5.6865E+00 5.1474E+00 4.8636E+00 4.5634E+00 4.2527E+00 4.3352E+00 4.7934E+00 4.9866E+00 4.7218E+00 4.0656E+00 3.3427E+00 3.0410E+00 2.9421E+00 2.9417E+00 2.9908E+00 3.0013E+00 2.9730E+00 2.9015E+00
1.0970E+00 1.1686E+00 1.2319E+00 1.2936E+00 1.3752E+00 1.4572E+00 1.5421E+00 1.6306E+00 1.7227E+00 1.8164E+00 1.9041E+00 1.9858E+00 2.0584E+00 2.1860E+00 2.2991E+00 2.3925E+00 2.6537E+00 2.9212E+00 3.1765E+00 3.3802E+00 3.6230E+00 3.9621E+00 4.7613E+00 5.5577E+00 6.0776E+00 6.4113E+00 7.7871E+00 7.5490E+00 6.3705E+00 6.1070E+00 6.7597E+00 7.3029E+00 7.4789E+00 7.0877E+00 7.7398E+00 5.8802E+00 6.4190E+00 5.2988E+00 5.4405E+00 5.0843E+00 4.7239E+00 4.5134E+00 4.2778E+00 4.0962E+00 4.8305E+00 5.6001E+00 5.8699E+00 5.4388E+00 4.4856E+00 3.6057E+00 3.1330E+00 3.0166E+00 2.8943E+00 2.9597E+00 2.9717E+00 2.9325E+00 2.8481E+00
1.0421E+00 1.1006E+00 1.1827E+00 1.2607E+00 1.3312E+00 1.3998E+00 1.4872E+00 1.5793E+00 1.6772E+00 1.7735E+00 1.8664E+00 1.9585E+00 2.1100E+00 2.2565E+00 2.3910E+00 2.5072E+00 2.5996E+00 2.6907E+00 2.9513E+00 3.1745E+00 3.3517E+00 3.5823E+00 4.4170E+00 5.2829E+00 5.7646E+00 5.4255E+00 6.8634E+00 7.2509E+00 6.6900E+00 6.2594E+00 7.0513E+00 8.8179E+00 7.9175E+00 7.6119E+00 8.1703E+00 6.4285E+00 6.3215E+00 5.7769E+00 5.3591E+00 4.3997E+00 4.2254E+00 3.9845E+00 4.0770E+00 4.1937E+00 5.4779E+00 6.6626E+00 6.9754E+00 6.2400E+00 4.8776E+00 3.7942E+00 3.2158E+00 3.0823E+00 2.8509E+00 2.8997E+00 2.9125E+00 2.8577E+00 2.7481E+00
9.5373E-01 1.0150E+00 1.0877E+00 1.1731E+00 1.2674E+00 1.3570E+00 1.4352E+00 1.5072E+00 1.6056E+00 1.7306E+00 1.8670E+00 2.0150E+00 2.1710E+00 2.3335E+00 2.5047E+00 2.6832E+00 2.8689E+00 3.0671E+00 3.2664E+00 3.4541E+00 3.8271E+00 4.1506E+00 4.3181E+00 4.4487E+00 4.7231E+00 4.5713E+00 5.1747E+00 6.7244E+00 7.0150E+00 7.0156E+00 7.2258E+00 9.0835E+00 8.7594E+00 9.0652E+00 8.3932E+00 6.9075E+00 5.8306E+00 5.4462E+00 4.7831E+00 4.9210E+00 4.8264E+00 4.6536E+00 4.4315E+00 4.2431E+00 6.1347E+00 7.8800E+00 8.1843E+00 7.0108E+00 5.1202E+00 3.8618E+00 3.3337E+00 3.1229E+00 2.8763E+00 2.8132E+00 2.8170E+00 2.7396E+00 2.6061E+00
1.0144E+00 1.0479E+00 1.0834E+00 1.1216E+00 1.1630E+00 1.2470E+00 1.3532E+00 1.4518E+00 1.5389E+00 1.6506E+00 1.7999E+00 1.9673E+00 2.1525E+00 2.3567E+00 2.5839E+00 2.8349E+00 3.1202E+00 3.4346E+00 3.7893E+00 4.1793E+00 4.5842E+00 4.9365E+00 5.0904E+00 4.7547E+00 4.5644E+00 4.9224E+00 5.0362E+00 5.7675E+00 6.9578E+00 7.0383E+00 8.0866E+00 9.2758E+00 1.1466E+01 1.0069E+01 8.5817E+00 6.3967E+00 5.7447E+00 4.2430E+00 5.1808E+00 5.0312E+00 4.8434E+00 4.9959E+00 4.9331E+00 4.6970E+00 5.7404E+00 8.0184E+00 8.5133E+00 7.0761E+00 4.8926E+00 3.7752E+00 3.3664E+00 3.1329E+00 3.1040E+00 2.9490E+00 2.8184E+00 2.6736E+00 2.5355E+00
1.1137E+00 1.1532E+00 1.1939E+00 1.2380E+00 1.2865E+00 1.3382E+00 1.3893E+00 1.4403E+00 1.4867E+00 1.5500E+00 1.7000E+00 1.8688E+00 2.0432E+00 2.2394E+00 2.4852E+00 2.7702E+00 3.0993E+00 3.4847E+00 3.9266E+00 4.4514E+00 5.0396E+00 5.6341E+00 6.0573E+00 5.8958E+00 4.3207E+00 4.0678E+00 5.1535E+00 6.3275E+00 6.8487E+00 7.9435E+00 7.8143E+00 9.5852E+00 1.0608E+01 9.0238E+00 8.8266E+00 6.4579E+00 4.1981E+00 4.1948E+00 4.5683E+00 4.8137E+00 5.2262E+00 5.3864E+00 5.2579E+00 4.9004E+00 5.3069E+00 5.5820E+00 6.3093E+00 5.4009E+00 5.1515E+00 3.7051E+00 3.2983E+00 3.3762E+00 3.3782E+00 3.2817E+00 3.1259E+00 2.9382E+00 2.7891E+00
1.1190E+00 1.1577E+00 1.2106E+00 1.2710E+00 1.3349E+00 1.4068E+00 1.4907E+00 1.5957E+00 1.7176E+00 1.8501E+00 1.9837E+00 2.1182E+00 2.2527E+00 2.3873E+00 2.5026E+00 2.5958E+00 2.8648E+00 3.2469E+00 3.7026E+00 4.2407E+00 4.8685E+00 5.5388E+00 6.0803E+00 6.0299E+00 4.8384E+00 5.0886E+00 5.5299E+00 5.9389E+00 6.1905E+00 8.5531E+00 9.5629E+00 7.9042E+00 7.2549E+00 7.8335E+00 7.4692E+00 5.2313E+00 4.4959E+00 4.1326E+00 4.1293E+00 4.8320E+00 5.3178E+00 5.4474E+00 5.2199E+00 4.7492E+00 4.5658E+00 4.7389E+00 5.1549E+00 5.3868E+00 5.1312E+00 4.0791E+00 3.3984E+00 3.6648E+00 3.6889E+00 3.6082E+00 3.4102E+00 3.2424E+00 3.2301E+00
1.1913E+00 1.2529E+00 1.3156E+00 1.3819E+00 1.4539E+00 1.5322E+00 1.6245E+00 1.7321E+00 1.8628E+00 2.0080E+00 2.1615E+00 2.3201E+00 2.4856E+00 2.6527E+00 2.8057E+00 2.9418E+00 3.0608E+00 3.1932E+00 3.3290E+00 3.7200E+00 4.2743E+00 4.8573E+00 5.3659E+00 5.3877E+00 4.6728E+00 4.2094E+00 4.5691E+00 5.0376E+00 5.6225E+00 6.3745E+00 6.6508E+00 6.9296E+00 8.8066E+00 6.9192E+00 6.1404E+00 5.3213E+00 4.9475E+00 4.3818E+00 4.8191E+00 5.6761E+00 5.5597E+00 5.1862E+00 4.8513E+00 4.3228E+00 4.6500E+00 5.3700E+00 5.8686E+00 5.7725E+00 4.9284E+00 4.0075E+00 3.4556E+00 3.7677E+00 3.9815E+00 3.8873E+00 3.7749E+00 3.7596E+00 3.6824E+00
1.2307E+00 1.2907E+00 1.3526E+00 1.4194E+00 1.4905E+00 1.5665E+00 1.6475E+00 1.7515E+00 1.8690E+00 2.0020E+00 2.1428E+00 2.2910E+00 2.4490E+00 2.6110E+00 2.7625E+00 2.8990E+00 3.0234E+00 3.1479E+00 3.2448E+00 3.2986E+00 3.5414E+00 4.0021E+00 4.4109E+00 4.5284E+00 4.3529E+00 3.9516E+00 3.6668E+00 3.9932E+00 5.1308E+00 6.1842E+00 6.9263E+00 6.6044E+00 8.5527E+00 6.4711E+00 6.3084E+00 8.8576E+00 7.0539E+00 5.2148E+00 5.1460E+00 4.6560E+00 4.6648E+00 4.7154E+00 4.2928E+00 4.2900E+00 4.9575E+00 6.5786E+00 6.6737E+00 5.6838E+00 5.6621E+00 4.0964E+00 3.4699E+00 3.9945E+00 4.2087E+00 4.3620E+00 4.3562E+00 4.2115E+00 4.0113E+00
1.2433E+00 1.2999E+00 1.3573E+00 1.4208E+00 1.4902E+00 1.5621E+00 1.6421E+00 1.7314E+00 1.8309E+00 1.9439E+00 2.0650E+00 2.1976E+00 2.3366E+00 2.4916E+00 2.6524E+00 2.8485E+00 3.0161E+00 3.2028E+00 3.3750E+00 3.4574E+00 3.3673E+00 3.4769E+00 3.5080E+00 3.6735E+00 3.6707E+00 3.4692E+00 3.6751E+00 4.5142E+00 5.3472E+00 6.2483E+00 6.2176E+00 6.7942E+00 7.9613E+00 7.4245E+00 6.4523E+00 1.0766E+01 8.0783E+00 5.9278E+00 4.3192E+00 3.3880E+00 3.8282E+00 3.6993E+00 3.4103E+00 4.5090E+00 5.2509E+00 7.7122E+00 7.6088E+00 5.4998E+00 5.7988E+00 4.1146E+00 4.1005E+00 4.8182E+00 4.8806E+00 4.9161E+00 4.6936E+00 4.3810E+00 4.0727E+00
1.2715E+00 1.3264E+00 1.3863E+00 1.4534E+00 1.5205E+00 1.5894E+00 1.6597E+00 1.7598E+00 1.9436E+00 2.1447E+00 2.3697E+00 2.6185E+00 2.8871E+00 3.1635E+00 3.4160E+00 3.5940E+00 3.6983E+00 3.7783E+00 3.8374E+00 3.7888E+00 3.5679E+00 3.4298E+00 3.8728E+00 4.3370E+00 4.0640E+00 2.6756E+00 3.5105E+00 4.6928E+00 5.0943E+00 5.8034E+00 5.4203E+00 5.5815E+00 5.8505E+00 6.2471E+00 6.2765E+00 7.0277E+00 8.4715E+00 6.3651E+00 4.4891E+00 4.3954E+00 4.6681E+00 3.9794E+00 3.6822E+00 4.7338E+00 7.1112E+00 7.7590E+00 8.8276E+00 5.8956E+00 6.3215E+00 4.3927E+00 5.7099E+00 5.1602E+00 5.1530E+00 4.8459E+00 4.5061E+00 4.1803E+00 3.8755E+00
1.3258E+00 1.3851E+00 1.4503E+00 1.5216E+00 1.6238E+00 1.7581E+00 1.9060E+00 2.0749E+00 2.2613E+00 2.4586E+00 2.6729E+00 2.9005E+00 3.1343E+00 3.3610E+00 3.5475E+00 3.6478E+00 3.6482E+00 3.5959E+00 3.5268E+00 3.3811E+00 3.3785E+00 3.8051E+00 4.2679E+00 4.7602E+00 4.6635E+00 3.6572E+00 3.5795E+00 4.2577E+00 5.0596E+00 5.1387E+00 5.0027E+00 5.0392E+00 5.0576E+00 5.8375E+00 8.1022E+00 8.3086E+00 7.1334E+00 5.3785E+00 4.1645E+00 6.4172E+00 9.2027E+00 5.8604E+00 4.1966E+00 5.1572E+00 6.1909E+00 9.4611E+00 1.0217E+01 8.5333E+00 4.8892E+00 6.6183E+00 5.0201E+00 4.8933E+00 4.9679E+00 4.8475E+00 4.5750E+00 4.2057E+00 3.9535E+00
1.3796E+00 1.4416E+00 1.5385E+00 1.6448E+00 1.7611E+00 1.8813E+00 2.0110E+00 2.1474E+00 2.3018E+00 2.4644E+00 2.6258E+00 2.7936E+00 2.9566E+00 3.1082E+00 3.2206E+00 3.2651E+00 3.2265E+00 3.1375E+00 3.0405E+00 3.1298E+00 3.5268E+00 3.9238E+00 4.3944E+00 5.2098E+00 5.6883E+00 5.0545E+00 3.7091E+00 3.6073E+00 4.6674E+00 4.4433E+00 4.5071E+00 4.7704E+00 4.8571E+00 5.4756E+00 8.2688E+00 8.9874E+00 7.1804E+00 5.2019E+00 4.0253E+00 6.8560E+00 4.7818E+00 4.9869E+00 4.8518E+00 4.6154E+00 6.7214E+00 2.2493E+01 1.0579E+01 5.4843E+00 7.0185E+00 5.3342E+00 5.6242E+00 6.0485E+00 6.1150E+00 5.8608E+00 5.3918E+00 4.7871E+00 4.1801E+00
1.4079E+00 1.4878E+00 1.5698E+00 1.6556E+00 1.7490E+00 1.8458E+00 1.9453E+00 2.0514E+00 2.1657E+00 2.2819E+00 2.3995E+00 2.5166E+00 2.6728E+00 2.8928E+00 3.0866E+00 3.2688E+00 3.4447E+00 3.6011E+00 3.6877E+00 3.6771E+00 3.4929E+00 3.9201E+00 4.6593E+00 5.3782E+00 5.8841E+00 5.6318E+00 4.5199E+00 3.5877E+00 4.7827E+00 4.4431E+00 4.0538E+00 4.3797E+00 4.6286E+00 5.8437E+00 7.5449E+00 8.2802E+00 1.0496E+01 4.8517E+00 3.9133E+00 4.7347E+00 8.5306E+00 5.9801E+00 8.1243E+00 5.5614E+00 7.0411E+00 8.5368E+00 7.7955E+00 5.7299E+00 5.7821E+00 6.4028E+00 7.0372E+00 7.5208E+00 7.4351E+00 6.9546E+00 6.1839E+00 5.2762E+00 4.4301E+00
1.3939E+00 1.4582E+00 1.5269E+00 1.5946E+00 1.6683E+00 1.7465E+00 1.8246E+00 1.9095E+00 2.0008E+00 2.0943E+00 2.1944E+00 2.2890E+00 2.4184E+00 2.5964E+00 2.7716E+00 2.9414E+00 3.1282E+00 3.3362E+00 3.5508E+00 3.7206E+00 3.7400E+00 3.9357E+00 4.5269E+00 5.0719E+00 5.4622E+00 5.3667E+00 4.4716E+00 3.3581E+00 3.8495E+00 3.6482E+00 4.3020E+00 3.9516E+00 4.9117E+00 5.0404E+00 6.4658E+00 9.8880E+00 1.7734E+01 4.1973E+00 3.5654E+00 3.1881E+00 4.0310E+00 3.8299E+00 8.0502E+00 3.5936E+00 8.1059E+00 1.1302E+01 5.7382E+00 5.4438E+00 5.4581E+00 5.4113E+00 6.8883E+00 7.8596E+00 7.9138E+00 7.3721E+00 6.4327E+00 5.3449E+00 4.3921E+00
1.3559E+00 1.4129E+00 1.4724E+00 1.5360E+00 1.6042E+00 1.6786E+00 1.7558E+00 1.8449E+00 1.9372E+00 2.0462E+00 2.1670E+00 2.2871E+00 2.4180E+00 2.5517E+00 2.6860E+00 2.8405E+00 3.0057E+00 3.1697E+00 3.3137E+00 3.4065E+00 3.3053E+00 3.6819E+00 4.0977E+00 4.4613E+00 4.7013E+00 4.7251E+00 4.4017E+00 3.2009E+00 5.1162E+00 3.1844E+00 3.0601E+00 3.4728E+00 4.3305E+00 7.2678E+00 7.3870E+00 5.8384E+00 5.0471E+00 3.4530E+00 2.7366E+00 2.8759E+00 2.9654E+00 5.0130E+00 3.7454E+00 4.3340E+00 5.9685E+00 7.1594E+00 7.0399E+00 6.2491E+00 6.2131E+00 5.1786E+00 5.6397E+00 6.8432E+00 7.0851E+00 6.5996E+00 5.7502E+00 4.7865E+00 4.3451E+00
1.3192E+00 1.3771E+00 1.4373E+00 1.5031E+00 1.5751E+00 1.6589E+00 1.7476E+00 1.8473E+00 1.9578E+00 2.0844E+00 2.2286E+00 2.3751E+00 2.5305E+00 2.6860E+00 2.8535E+00 3.0182E+00 3.1981E+00 3.3558E+00 3.4553E+00 3.4253E+00 3.1345E+00 3.2583E+00 3.6741E+00 4.1395E+00 4.3683E+00 4.3772E+00 4.7491E+00 3.8449E+00 4.8511E+00 2.9217E+00 2.6692E+00 3.1227E+00 4.3717E+00 4.6876E+00 5.2789E+00 5.1293E+00 4.9257E+00 3.2781E+00 2.8751E+00 3.0944E+00 2.8539E+00 3.7601E+00 4.4975E+00 4.3119E+00 6.3924E+00 7.8161E+00 7.7919E+00 9.6334E+00 7.2248E+00 5.1359E+00 5.2531E+00 5.6372E+00 6.6068E+00 5.1194E+00 4.4440E+00 4.6038E+00 4.7663E+00
1.3397E+00 1.3875E+00 1.4336E+00 1.4827E+00 1.5372E+00 1.6139E+00 1.7008E+00 1.7929E+00 1.8895E+00 1.9978E+00 2.1121E+00 2.2183E+00 2.3193E+00 2.4139E+00 2.5394E+00 2.6499E+00 2.7356E+00 2.8118E+00 2.8842E+00 2.9265E+00 2.9156E+00 3.0555E+00 3.5333E+00 3.6345E+00 4.7724E+00 4.0078E+00 3.8126E+00 3.9834E+00 3.4713E+00 2.9650E+00 2.4944E+00 2.9350E+00 3.4860E+00 4.1205E+00 6.9345E+00 5.3555E+00 4.2628E+00 3.5480E+00 2.5340E+00 4.7316E+00 3.7301E+00 4.1892E+00 4.6377E+00 5.2448E+00 6.2366E+00 7.7738E+00 8.7991E+00 8.0407E+00 6.5509E+00 6.1484E+00 5.7205E+00 8.5549E+00 7.0105E+00 4.7114E+00 4.7605E+00 4.2915E+00 4.7872E+00
1.3757E+00 1.4270E+00 1.4773E+00 1.5284E+00 1.5889E+00 1.6535E+00 1.7349E+00 1.8291E+00 1.9366E+00 2.0511E+00 2.1738E+00 2.2978E+00 2.4215E+00 2.5601E+00 2.7014E+00 2.8368E+00 2.9567E+00 3.0727E+00 3.1841E+00 3.2692E+00 3.3004E+00 3.2499E+00 3.6260E+00 4.1661E+00 3.5246E+00 3.8091E+00 3.8763E+00 3.5570E+00 2.9712E+00 2.7592E+00 2.6790E+00 2.8894E+00 3.5221E+00 4.5922E+00 5.3044E+00 3.9826E+00 3.4495E+00 3.1757E+00 3.3410E+00 3.4423E+00 3.3022E+00 4.0886E+00 4.6922E+00 5.0610E+00 5.6355E+00 8.7661E+00 9.1324E+00 7.9661E+00 7.0577E+00 6.1551E+00 7.5189E+00 9.3293E+00 5.0963E+00 4.8589E+00 4.5422E+00 5.2007E+00 4.0477E+00
