20231023_webinar_progetto_murano/refs/data_input_report_tx_finale/calpost_grid/rank(60)_cd_1hr_conc_cd.grd
DSAA
          81          81
     760.250     764.250
    5036.750    5040.750
  0.1392E+00  0.9816E+01
[rows 25 to 49 of 81, columns 0 to 56 of 81]
3.8173E-01 4.0874E-01 4.2852E-01 4.5626E-01 4.7514E-01 4.8516E-01 5.0317E-01 5.3511E-01 5.4843E-01 5.8822E-01 6.0274E-01 6.5096E-01 6.5680E-01 6.8803E-01 7.5358E-01 8.2761E-01 9.1238E-01 9.7162E-01 1.0937E+00 1.2108E+00 1.3994E+00 1.5674E+00 1.6380E+00 1.7147E+00 1.7729E+00 1.8773E+00 1.9915E+00 2.2590E+00 2.3285E+00 2.4300E+00 2.5064E+00 2.6292E+00 2.7265E+00 2.6471E+00 2.6196E+00 2.4479E+00 2.3655E+00 2.2782E+00 2.1434E+00 2.0454E+00 1.9216E+00 1.8265E+00 1.8060E+00 1.7693E+00 1.6817E+00 1.6419E+00 1.5830E+00 1.5204E+00 1.4323E+00 1.3706E+00 1.3153E+00 1.2992E+00 1.2120E+00 1.1823E+00 1.1055E+00 1.0514E+00 1.0245E+00
3.6924E-01 4.0888E-01 4.2820E-01 4.5750E-01 4.8154E-01 5.0250E-01 5.2211E-01 5.3889E-01 5.5877E-01 6.0954E-01 6.1796E-01 6.6150E-01 6.9856E-01 7.3165E-01 7.4829E-01 8.2173E-01 8.9869E-01 1.0095E+00 1.0623E+00 1.1859E+00 1.2883E+00 1.5201E+00 1.6840E+00 1.7557E+00 1.8753E+00 1.9290E+00 2.0467E+00 2.2357E+00 2.5242E+00 2.5760E+00 2.7169E+00 2.7975E+00 2.8778E+00 2.8088E+00 2.7710E+00 2.6269E+00 2.5177E+00 2.4149E+00 2.2343E+00 2.1311E+00 1.9743E+00 1.9581E+00 1.9079E+00 1.8454E+00 1.7647E+00 1.7353E+00 1.6081E+00 1.5646E+00 1.5075E+00 1.4187E+00 1.4037E+00 1.3571E+00 1.2527E+00 1.2039E+00 1.1502E+00 1.0813E+00 1.0521E+00
3.8174E-01 3.9529E-01 4.2319E-01 4.4909E-01 4.9003E-01 5.1650E-01 5.3636E-01 5.6236E-01 6.0259E-01 5.9154E-01 6.2920E-01 6.8248E-01 7.1872E-01 7.5383E-01 7.7597E-01 8.3428E-01 9.1175E-01 9.7717E-01 1.0618E+00 1.1475E+00 1.2576E+00 1.4126E+00 1.6305E+00 1.7960E+00 1.9212E+00 2.0520E+00 2.1466E+00 2.3445E+00 2.6885E+00 2.7483E+00 2.8946E+00 3.0095E+00 3.0901E+00 3.0179E+00 2.9707E+00 2.8350E+00 2.6404E+00 2.4892E+00 2.3192E+00 2.2151E+00 2.1121E+00 2.0495E+00 1.9832E+00 1.8781E+00 1.8206E+00 1.7630E+00 1.7128E+00 1.6456E+00 1.5876E+00 1.5021E+00 1.4621E+00 1.4135E+00 1.2951E+00 1.2688E+00 1.1862E+00 1.1064E+00 1.0936E+00
3.8577E-01 4.0198E-01 4.2818E-01 4.4947E-01 4.6985E-01 5.1145E-01 5.6020E-01 5.8235E-01 6.0935E-01 6.3362E-01 6.6088E-01 6.8153E-01 7.1580E-01 7.6836E-01 8.1057E-01 8.4815E-01 9.0812E-01 9.6975E-01 1.0392E+00 1.1339E+00 1.2505E+00 1.3411E+00 1.5564E+00 1.7592E+00 1.9473E+00 2.1270E+00 2.3041E+00 2.4470E+00 2.7235E+00 2.9053E+00 3.0412E+00 3.2107E+00 3.3405E+00 3.3031E+00 3.1725E+00 2.9428E+00 2.8328E+00 2.6163E+00 2.4378E+00 2.3642E+00 2.2525E+00 2.1196E+00 2.0124E+00 1.9544E+00 1.9204E+00 1.8503E+00 1.8050E+00 1.7049E+00 1.6429E+00 1.5607E+00 1.4853E+00 1.4158E+00 1.3567E+00 1.2814E+00 1.1996E+00 1.1543E+00 1.1185E+00
4.1313E-01 4.3827E-01 4.5751E-01 4.5680E-01 4.8931E-01 5.0245E-01 5.3289E-01 5.7801E-01 6.1614E-01 6.4959E-01 6.7493E-01 6.9114E-01 7.1123E-01 7.7139E-01 8.2516E-01 8.6023E-01 9.1581E-01 1.0012E+00 1.0489E+00 1.1292E+00 1.2467E+00 1.3635E+00 1.4657E+00 1.6332E+00 1.9427E+00 2.1595E+00 2.3463E+00 2.5994E+00 2.8515E+00 3.2218E+00 3.2410E+00 3.4594E+00 3.5718E+00 3.5715E+00 3.3273E+00 3.0760E+00 2.9685E+00 2.6964E+00 2.4991E+00 2.4323E+00 2.3581E+00 2.2353E+00 2.1433E+00 2.0460E+00 2.0558E+00 1.9526E+00 1.8437E+00 1.7403E+00 1.7036E+00 1.6060E+00 1.5378E+00 1.4914E+00 1.3862E+00 1.3016E+00 1.2184E+00 1.2185E+00 1.1550E+00
4.3578E-01 4.4663E-01 4.6295E-01 4.8740E-01 5.0790E-01 5.1859E-01 5.5014E-01 5.6817E-01 5.8074E-01 6.1749E-01 6.8322E-01 7.0572E-01 7.1098E-01 7.6206E-01 8.2207E-01 8.9666E-01 9.2070E-01 9.9515E-01 1.0450E+00 1.1184E+00 1.2281E+00 1.3251E+00 1.4587E+00 1.6009E+00 1.7538E+00 2.2565E+00 2.4011E+00 2.7346E+00 3.0702E+00 3.3658E+00 3.5052E+00 3.6597E+00 3.7484E+00 3.7320E+00 3.4797E+00 3.2123E+00 2.9806E+00 2.7856E+00 2.5782E+00 2.4716E+00 2.4451E+00 2.2846E+00 2.1675E+00 2.1300E+00 2.1175E+00 1.9772E+00 1.9037E+00 1.8473E+00 1.7780E+00 1.7124E+00 1.5869E+00 1.5585E+00 1.4238E+00 1.3248E+00 1.3039E+00 1.2863E+00 1.2055E+00
4.3178E-01 4.5546E-01 4.7933E-01 4.9286E-01 5.1273E-01 5.3193E-01 5.4752E-01 5.7307E-01 5.9134E-01 6.1155E-01 6.7094E-01 7.0170E-01 7.3608E-01 7.7847E-01 8.1893E-01 8.6601E-01 9.5600E-01 9.9308E-01 1.0346E+00 1.1148E+00 1.1723E+00 1.2638E+00 1.4047E+00 1.5540E+00 1.6958E+00 1.9626E+00 2.5544E+00 2.7885E+00 3.2888E+00 3.5195E+00 3.6900E+00 3.8387E+00 4.1279E+00 3.9316E+00 3.6992E+00 3.3054E+00 2.9944E+00 2.6597E+00 2.5082E+00 2.5134E+00 2.3911E+00 2.3391E+00 2.1851E+00 2.1770E+00 2.2056E+00 2.0678E+00 2.0453E+00 1.9132E+00 1.8546E+00 1.7428E+00 1.6489E+00 1.6343E+00 1.5016E+00 1.4067E+00 1.3696E+00 1.3447E+00 1.2739E+00
4.3174E-01 4.5645E-01 4.7539E-01 4.9983E-01 5.0909E-01 5.1839E-01 5.5237E-01 5.8929E-01 5.9898E-01 6.2759E-01 6.4272E-01 6.7055E-01 7.3130E-01 7.8822E-01 8.1991E-01 8.5268E-01 9.0602E-01 9.8629E-01 1.0617E+00 1.0924E+00 1.1945E+00 1.2163E+00 1.3014E+00 1.4684E+00 1.6923E+00 1.7457E+00 2.1985E+00 2.9189E+00 3.3281E+00 3.8168E+00 3.9679E+00 4.1917E+00 4.3744E+00 4.2513E+00 3.8833E+00 3.2558E+00 2.9114E+00 2.6277E+00 2.4200E+00 2.4026E+00 2.3899E+00 2.2830E+00 2.2621E+00 2.2085E+00 2.2476E+00 2.2053E+00 2.1379E+00 2.0310E+00 1.9266E+00 1.8779E+00 1.8331E+00 1.7094E+00 1.5616E+00 1.5157E+00 1.4579E+00 1.4072E+00 1.3421E+00
4.0832E-01 4.3967E-01 4.5699E-01 4.8466E-01 4.9764E-01 5.1640E-01 5.5007E-01 5.7663E-01 6.0719E-01 6.2245E-01 6.5889E-01 6.8150E-01 7.1410E-01 7.6392E-01 8.0823E-01 8.7077E-01 9.1127E-01 9.5306E-01 1.0349E+00 1.0913E+00 1.1524E+00 1.1942E+00 1.2699E+00 1.3272E+00 1.4855E+00 1.7841E+00 1.9803E+00 2.5051E+00 3.4188E+00 3.8112E+00 4.2081E+00 4.5166E+00 4.5643E+00 4.5390E+00 3.9393E+00 3.3522E+00 2.8267E+00 2.5416E+00 2.2835E+00 2.1462E+00 2.1575E+00 2.1691E+00 2.2392E+00 2.2512E+00 2.2414E+00 2.2339E+00 2.1511E+00 2.0734E+00 2.0152E+00 1.9364E+00 1.8494E+00 1.7787E+00 1.6325E+00 1.5669E+00 1.4999E+00 1.4272E+00 1.3072E+00
4.1120E-01 4.3381E-01 4.5630E-01 4.7559E-01 4.9458E-01 5.1543E-01 5.2822E-01 5.5642E-01 5.9371E-01 6.1245E-01 6.4314E-01 6.8550E-01 7.1707E-01 7.3285E-01 7.7164E-01 8.2210E-01 8.9111E-01 9.5554E-01 1.0061E+00 1.0783E+00 1.1622E+00 1.1997E+00 1.2131E+00 1.2635E+00 1.4159E+00 1.5112E+00 1.8580E+00 2.2505E+00 2.8937E+00 3.7566E+00 4.3475E+00 4.4351E+00 4.5254E+00 4.5419E+00 3.9210E+00 3.1710E+00 2.5880E+00 2.2295E+00 1.9813E+00 1.9836E+00 2.0317E+00 2.1275E+00 2.0884E+00 2.1584E+00 2.1516E+00 2.3197E+00 2.1759E+00 2.1029E+00 2.0507E+00 2.0094E+00 1.8856E+00 1.7545E+00 1.6886E+00 1.6244E+00 1.5732E+00 1.4431E+00 1.3450E+00
3.9084E-01 4.1936E-01 4.5226E-01 4.7250E-01 4.9104E-01 5.0968E-01 5.2250E-01 5.5528E-01 5.8024E-01 6.2415E-01 6.5164E-01 6.7999E-01 7.2612E-01 7.1916E-01 7.4505E-01 7.7940E-01 8.2634E-01 9.0138E-01 9.5827E-01 1.0343E+00 1.1071E+00 1.1679E+00 1.2115E+00 1.2717E+00 1.3414E+00 1.4316E+00 1.5707E+00 1.9781E+00 2.5111E+00 3.4891E+00 4.1881E+00 4.6849E+00 4.5900E+00 4.2780E+00 3.5965E+00 2.7853E+00 2.3449E+00 2.0750E+00 1.9624E+00 1.9038E+00 1.9107E+00 1.9978E+00 2.0746E+00 2.0230E+00 2.1673E+00 2.2838E+00 2.2023E+00 2.1226E+00 2.0660E+00 2.0326E+00 1.9061E+00 1.8459E+00 1.7472E+00 1.6891E+00 1.6044E+00 1.4946E+00 1.3788E+00
3.7666E-01 3.9677E-01 4.1776E-01 4.4949E-01 4.7082E-01 5.1425E-01 5.2950E-01 5.4969E-01 5.7257E-01 6.0253E-01 6.4882E-01 6.7233E-01 6.9218E-01 7.3795E-01 7.5570E-01 7.8002E-01 8.1056E-01 8.4507E-01 9.1082E-01 9.5417E-01 1.0268E+00 1.0882E+00 1.1435E+00 1.2125E+00 1.2984E+00 1.4232E+00 1.5095E+00 1.8032E+00 2.2383E+00 2.9852E+00 3.3369E+00 4.1539E+00 3.9203E+00 3.4765E+00 3.1754E+00 2.4336E+00 2.1729E+00 2.0438E+00 1.8947E+00 1.8460E+00 1.8381E+00 1.8442E+00 1.9166E+00 1.9896E+00 2.0705E+00 2.3728E+00 2.3344E+00 2.1461E+00 2.1254E+00 2.0132E+00 1.9725E+00 1.9368E+00 1.8051E+00 1.7022E+00 1.6367E+00 1.4889E+00 1.3726E+00
3.5870E-01 3.8608E-01 4.0655E-01 4.3287E-01 4.5414E-01 4.9539E-01 5.2420E-01 5.5176E-01 5.9301E-01 6.0868E-01 6.4447E-01 6.9582E-01 7.2080E-01 7.5663E-01 7.9486E-01 8.2308E-01 8.4212E-01 8.5425E-01 8.8296E-01 9.1289E-01 9.3811E-01 9.8349E-01 1.0689E+00 1.1348E+00 1.1914E+00 1.2853E+00 1.4402E+00 1.7154E+00 2.1693E+00 2.8432E+00 3.7283E+00 3.7665E+00 3.7467E+00 2.8654E+00 2.7097E+00 2.4509E+00 2.1807E+00 1.9735E+00 1.8874E+00 1.8799E+00 1.8697E+00 1.8629E+00 1.8650E+00 1.9374E+00 2.0699E+00 2.4729E+00 2.4873E+00 2.1827E+00 2.1486E+00 2.0022E+00 2.0433E+00 1.9511E+00 1.8328E+00 1.7867E+00 1.6675E+00 1.5483E+00 1.4091E+00
3.5649E-01 3.7246E-01 4.0493E-01 4.2126E-01 4.4364E-01 4.7945E-01 5.0170E-01 5.2268E-01 5.6068E-01 5.9672E-01 6.2704E-01 6.5964E-01 7.1403E-01 7.5762E-01 7.8477E-01 8.3718E-01 8.7020E-01 8.9437E-01 9.3952E-01 9.7303E-01 9.8086E-01 9.9243E-01 1.0364E+00 1.1001E+00 1.1442E+00 1.2335E+00 1.3935E+00 1.6048E+00 1.9423E+00 2.6892E+00 3.8006E+00 4.0190E+00 5.4246E+00 3.0113E+00 2.8483E+00 2.5348E+00 2.1381E+00 1.9702E+00 1.9740E+00 2.0316E+00 1.9851E+00 1.8886E+00 1.8261E+00 1.9262E+00 2.0518E+00 2.6361E+00 2.6011E+00 2.3084E+00 2.0764E+00 2.0249E+00 2.0458E+00 1.9510E+00 1.8465E+00 1.8421E+00 1.5977E+00 1.5057E+00 1.4364E+00
3.6023E-01 3.8744E-01 4.0136E-01 4.1501E-01 4.3828E-01 4.5074E-01 4.7460E-01 5.0146E-01 5.3116E-01 5.5935E-01 5.8430E-01 6.3602E-01 6.6341E-01 7.2066E-01 7.5874E-01 8.4017E-01 8.9344E-01 9.4206E-01 9.7952E-01 9.9158E-01 9.8200E-01 1.0084E+00 1.0434E+00 1.1074E+00 1.0904E+00 1.1770E+00 1.2972E+00 1.4715E+00 1.7881E+00 2.2244E+00 2.8099E+00 3.1718E+00 4.2833E+00 3.5148E+00 3.1741E+00 2.7948E+00 2.2046E+00 2.0920E+00 2.1442E+00 2.1709E+00 2.1498E+00 2.0134E+00 1.8348E+00 1.9547E+00 2.1556E+00 2.6756E+00 2.5239E+00 2.3104E+00 2.0538E+00 2.0426E+00 2.1049E+00 2.0072E+00 1.9245E+00 1.8148E+00 1.6389E+00 1.5086E+00 1.4402E+00
3.6717E-01 3.8088E-01 3.9642E-01 4.1383E-01 4.2584E-01 4.4125E-01 4.4863E-01 4.6510E-01 4.9622E-01 5.2641E-01 5.6263E-01 5.8456E-01 6.4992E-01 6.8704E-01 6.9766E-01 7.6926E-01 8.2307E-01 9.1341E-01 9.3807E-01 1.0130E+00 1.0387E+00 1.0418E+00 1.0333E+00 1.0511E+00 1.1195E+00 1.1767E+00 1.3078E+00 1.4768E+00 1.6641E+00 1.9382E+00 2.4825E+00 2.8263E+00 3.4678E+00 3.6578E+00 3.2131E+00 2.8446E+00 2.1308E+00 2.2570E+00 2.3670E+00 2.5280E+00 2.3881E+00 2.0412E+00 1.8583E+00 2.0275E+00 2.2405E+00 2.7580E+00 2.4743E+00 2.2673E+00 2.0527E+00 2.0892E+00 2.1849E+00 2.1738E+00 1.9357E+00 1.8510E+00 1.6741E+00 1.5494E+00 1.4301E+00
3.5357E-01 3.7098E-01 3.9548E-01 4.2124E-01 4.3959E-01 4.5386E-01 4.6170E-01 4.7668E-01 5.0184E-01 5.2440E-01 5.4468E-01 5.6778E-01 6.1153E-01 6.4170E-01 6.7264E-01 7.0879E-01 7.8345E-01 8.3340E-01 9.2523E-01 1.0074E+00 1.0756E+00 1.2102E+00 1.2241E+00 1.1189E+00 1.1384E+00 1.2600E+00 1.3444E+00 1.4836E+00 1.6395E+00 1.8466E+00 2.3159E+00 2.7567E+00 3.0070E+00 3.1268E+00 3.5957E+00 2.2173E+00 2.0268E+00 2.2415E+00 2.6865E+00 2.9664E+00 2.7463E+00 1.9055E+00 1.7859E+00 2.1460E+00 2.4548E+00 2.7924E+00 2.5772E+00 2.2770E+00 2.1385E+00 2.1485E+00 2.2366E+00 2.1127E+00 1.9622E+00 1.8174E+00 1.6430E+00 1.5287E+00 1.3102E+00
3.4661E-01 3.6990E-01 3.8916E-01 4.0741E-01 4.2601E-01 4.4866E-01 4.6767E-01 4.8637E-01 4.9815E-01 5.2050E-01 5.4190E-01 5.7372E-01 6.1071E-01 6.4604E-01 6.7535E-01 7.1410E-01 7.4766E-01 8.0763E-01 8.9631E-01 9.6485E-01 1.0480E+00 1.1664E+00 1.2025E+00 1.2290E+00 1.1759E+00 1.2540E+00 1.4477E+00 1.6211E+00 1.7929E+00 1.9193E+00 2.0783E+00 2.4499E+00 2.6660E+00 2.9607E+00 3.0924E+00 2.3376E+00 2.0950E+00 2.2202E+00 2.4715E+00 3.9908E+00 4.0857E+00 1.7585E+00 1.6821E+00 1.8799E+00 2.7320E+00 3.1141E+00 2.5590E+00 2.3842E+00 2.2131E+00 2.2245E+00 2.3232E+00 2.1077E+00 1.9484E+00 1.7770E+00 1.6525E+00 1.4913E+00 1.4527E+00
3.2593E-01 3.4327E-01 3.6320E-01 3.8806E-01 4.1044E-01 4.3105E-01 4.4646E-01 4.6216E-01 4.8983E-01 5.1842E-01 5.4750E-01 5.7120E-01 6.0898E-01 6.3540E-01 6.6527E-01 6.8497E-01 7.4178E-01 7.7131E-01 8.3509E-01 8.9848E-01 9.5568E-01 9.9588E-01 1.0677E+00 1.1887E+00 1.2199E+00 1.3252E+00 1.4030E+00 1.8664E+00 2.0037E+00 1.9337E+00 1.9630E+00 2.2420E+00 2.4434E+00 2.8841E+00 3.2275E+00 2.6958E+00 2.2727E+00 1.9366E+00 1.9842E+00 2.2816E+00 1.5638E+00 1.8213E+00 1.8704E+00 2.0066E+00 2.5593E+00 4.2681E+00 2.8053E+00 2.5494E+00 2.3628E+00 2.4927E+00 2.3721E+00 2.1538E+00 1.9841E+00 1.8771E+00 1.7229E+00 1.5252E+00 1.5225E+00
3.2795E-01 3.5248E-01 3.7555E-01 3.9497E-01 4.1818E-01 4.3674E-01 4.5464E-01 4.7115E-01 4.9416E-01 5.1682E-01 5.4679E-01 5.8059E-01 5.9767E-01 6.3576E-01 6.4703E-01 6.8134E-01 7.0453E-01 7.2913E-01 8.0070E-01 8.5570E-01 9.0165E-01 9.4164E-01 9.7458E-01 1.0229E+00 1.0871E+00 1.2233E+00 1.3756E+00 1.6791E+00 2.7319E+00 1.9605E+00 1.8671E+00 2.0379E+00 2.3610E+00 3.1411E+00 2.9568E+00 3.1511E+00 2.1677E+00 1.8075E+00 1.8812E+00 2.7988E+00 4.4436E+00 2.2063E+00 2.2992E+00 2.2285E+00 2.8193E+00 3.9339E+00 2.8768E+00 2.7463E+00 2.4257E+00 2.5219E+00 2.3724E+00 2.3298E+00 2.0823E+00 1.8944E+00 1.6871E+00 1.6844E+00 1.5256E+00
3.3390E-01 3.5341E-01 3.7413E-01 3.9162E-01 4.1429E-01 4.2839E-01 4.4314E-01 4.7496E-01 4.8742E-01 5.2621E-01 5.4759E-01 5.7086E-01 5.9479E-01 6.1950E-01 6.4845E-01 6.9001E-01 7.4039E-01 7.8211E-01 8.3636E-01 8.6346E-01 9.2903E-01 9.4943E-01 9.7011E-01 9.6999E-01 9.6037E-01 9.9746E-01 1.0700E+00 1.1447E+00 1.4418E+00 1.4358E+00 1.6262E+00 1.8363E+00 2.1976E+00 2.2802E+00 2.6382E+00 2.1803E+00 1.5797E+00 1.5998E+00 1.8403E+00 2.3377E+00 2.2928E+00 1.9853E+00 1.9873E+00 2.2129E+00 2.7792E+00 4.1003E+00 2.9787E+00 2.9910E+00 2.6551E+00 2.5426E+00 2.4566E+00 2.0870E+00 1.9012E+00 1.7204E+00 1.7857E+00 1.6469E+00 1.4583E+00
3.3456E-01 3.5795E-01 3.8901E-01 4.1054E-01 4.2482E-01 4.3039E-01 4.3618E-01 4.6706E-01 4.8207E-01 5.0406E-01 5.2160E-01 5.6522E-01 5.9425E-01 6.0620E-01 6.4855E-01 6.8543E-01 7.2011E-01 7.4551E-01 7.9458E-01 8.6994E-01 8.9450E-01 9.1726E-01 9.4147E-01 9.4502E-01 9.8052E-01 1.0289E+00 1.0681E+00 1.2055E+00 1.5102E+00 1.5171E+00 1.5451E+00 1.7968E+00 2.3559E+00 2.7948E+00 2.5397E+00 2.1758E+00 1.4655E+00 1.4556E+00 1.6800E+00 1.8884E+00 1.8852E+00 1.8049E+00 1.8823E+00 2.0380E+00 2.8342E+00 3.6967E+00 3.4955E+00 3.1790E+00 2.9965E+00 2.6537E+00 2.4005E+00 2.0541E+00 1.9079E+00 1.9041E+00 1.7473E+00 1.5248E+00 1.5003E+00
3.5437E-01 3.7237E-01 3.9354E-01 4.0561E-01 4.1666E-01 4.3484E-01 4.4304E-01 4.5126E-01 4.6151E-01 4.8314E-01 5.1245E-01 5.3381E-01 5.6584E-01 5.9152E-01 6.1324E-01 6.6358E-01 7.0286E-01 7.4792E-01 7.6656E-01 8.1579E-01 8.3237E-01 9.3423E-01 9.2238E-01 9.8112E-01 9.7933E-01 1.0207E+00 1.2444E+00 1.4318E+00 1.7426E+00 1.5345E+00 1.4547E+00 1.6773E+00 2.0277E+00 2.5922E+00 2.6807E+00 1.9611E+00 1.2865E+00 1.3792E+00 1.5499E+00 1.6035E+00 1.5698E+00 1.6143E+00 1.7408E+00 1.9565E+00 2.5719E+00 4.1192E+00 3.7506E+00 3.6578E+00 3.4052E+00 2.9680E+00 2.3910E+00 1.9904E+00 2.0011E+00 1.9054E+00 1.6858E+00 1.6626E+00 1.5041E+00
3.4504E-01 3.7047E-01 3.9350E-01 4.0198E-01 4.1072E-01 4.3066E-01 4.4042E-01 4.5890E-01 4.7066E-01 5.0020E-01 5.3090E-01 5.4736E-01 5.7501E-01 6.0388E-01 6.3516E-01 6.3867E-01 6.7501E-01 6.9573E-01 7.2517E-01 7.7542E-01 8.0920E-01 8.6827E-01 9.0138E-01 9.5272E-01 1.0160E+00 1.1405E+00 1.2940E+00 1.5964E+00 1.6694E+00 1.4505E+00 1.4357E+00 1.5525E+00 1.7039E+00 2.2360E+00 4.3173E+00 1.5584E+00 1.2040E+00 1.2827E+00 1.3628E+00 1.5318E+00 1.3819E+00 1.4708E+00 1.5821E+00 1.9011E+00 2.4372E+00 4.2440E+00 4.5795E+00 4.1122E+00 3.6413E+00 2.9198E+00 2.4582E+00 2.2332E+00 2.0162E+00 1.8812E+00 1.8194E+00 1.5165E+00 1.3573E+00
3.4604E-01 3.5897E-01 3.7500E-01 3.9231E-01 4.1565E-01 4.3293E-01 4.3207E-01 4.5274E-01 4.8425E-01 5.1577E-01 5.2811E-01 5.4761E-01 5.6180E-01 5.7993E-01 6.0669E-01 6.2751E-01 6.4303E-01 6.9103E-01 7.2016E-01 7.6597E-01 7.8550E-01 8.1593E-01 8.8687E-01 9.6361E-01 1.0564E+00 1.1980E+00 1.3021E+00 1.4063E+00 1.3871E+00 1.3712E+00 1.4286E+00 1.5049E+00 1.7018E+00 2.0270E+00 2.0111E+00 1.3456E+00 1.1315E+00 1.1438E+00 1.2213E+00 1.7557E+00 1.2582E+00 1.3820E+00 1.5440E+00 1.8393E+00 2.3935E+00 4.1425E+00 5.3498E+00 4.4885E+00 3.4887E+00 2.7257E+00 2.4600E+00 2.2565E+00 2.1236E+00 1.9414E+00 1.7175E+00 1.5557E+00 1.4618E+00
