20231023_webinar_progetto_murano/refs/data_input_report_tx_finale/calpost_grid/rank(1)_cd_1hr_conc_cd.grd
DSAA
          81          81
     760.250     764.250
    5036.750    5040.750
  0.7420E+00  0.2249E+02
[rows 50 to 74 of 81, columns 0 to 56 of 81]
1.3908E+00 1.4451E+00 1.5010E+00 1.5580E+00 1.6216E+00 1.6949E+00 1.7788E+00 1.8736E+00 1.9790E+00 2.0939E+00 2.2158E+00 2.3409E+00 2.4741E+00 2.6174E+00 2.7685E+00 2.9268E+00 3.0863E+00 3.2506E+00 3.4170E+00 3.5632E+00 3.6838E+00 3.7579E+00 3.7377E+00 3.5666E+00 3.3567E+00 3.5451E+00 3.5560E+00 3.3383E+00 2.8123E+00 2.6878E+00 2.8973E+00 3.0146E+00 3.2518E+00 4.6284E+00 6.9750E+00 4.8336E+00 3.7726E+00 3.0116E+00 3.6306E+00 4.2922E+00 4.9214E+00 5.5257E+00 5.8450E+00 6.3997E+00 6.7030E+00 7.9478E+00 9.7851E+00 7.8114E+00 7.7082E+00 7.1651E+00 8.2797E+00 5.9526E+00 5.4625E+00 4.3515E+00 4.3371E+00 3.4003E+00 4.4456E+00
1.3629E+00 1.4159E+00 1.4690E+00 1.5265E+00 1.5913E+00 1.6634E+00 1.7443E+00 1.8346E+00 1.9357E+00 2.0461E+00 2.1639E+00 2.2899E+00 2.4235E+00 2.5751E+00 2.7388E+00 2.9179E+00 3.1122E+00 3.3218E+00 3.5443E+00 3.7690E+00 3.9955E+00 4.2087E+00 4.3628E+00 4.3902E+00 4.1974E+00 3.8060E+00 3.3124E+00 2.8548E+00 2.5799E+00 2.9399E+00 3.6674E+00 4.1421E+00 4.4357E+00 5.1914E+00 7.2799E+00 3.5421E+00 2.6430E+00 2.6537E+00 2.4849E+00 3.1116E+00 3.8320E+00 4.7655E+00 5.7596E+00 6.0533E+00 7.5052E+00 8.8840E+00 1.0533E+01 6.8571E+00 6.0915E+00 7.7960E+00 7.2923E+00 6.1771E+00 5.5265E+00 3.8714E+00 3.5839E+00 3.3305E+00 3.8705E+00
1.2656E+00 1.3120E+00 1.3585E+00 1.4073E+00 1.4957E+00 1.5915E+00 1.6949E+00 1.8004E+00 1.9121E+00 2.0331E+00 2.1634E+00 2.3160E+00 2.4760E+00 2.6540E+00 2.8457E+00 3.0606E+00 3.2812E+00 3.4967E+00 3.6927E+00 3.8457E+00 3.9303E+00 4.0798E+00 4.3066E+00 4.4185E+00 4.3428E+00 4.1245E+00 3.8605E+00 3.6632E+00 3.3837E+00 3.0324E+00 4.1161E+00 4.6695E+00 6.6467E+00 5.7297E+00 5.0529E+00 3.3153E+00 2.8094E+00 3.1896E+00 3.6875E+00 4.2336E+00 4.7706E+00 5.3940E+00 5.9709E+00 6.6290E+00 8.0464E+00 1.2463E+01 7.3824E+00 7.9457E+00 5.6364E+00 7.8863E+00 6.1005E+00 5.6399E+00 6.3971E+00 6.3345E+00 7.1679E+00 7.4129E+00 7.0572E+00
1.2159E+00 1.3071E+00 1.3994E+00 1.4969E+00 1.5941E+00 1.6966E+00 1.8036E+00 1.9161E+00 2.0316E+00 2.1548E+00 2.2866E+00 2.4395E+00 2.5976E+00 2.7721E+00 2.9569E+00 3.1605E+00 3.3686E+00 3.5688E+00 3.7502E+00 3.8921E+00 3.9736E+00 3.9692E+00 3.8438E+00 3.5855E+00 3.4956E+00 3.2909E+00 3.0596E+00 2.9124E+00 2.7995E+00 3.6572E+00 5.5634E+00 7.5092E+00 4.8902E+00 6.5084E+00 4.9084E+00 2.9421E+00 2.7827E+00 3.1398E+00 3.5942E+00 4.0782E+00 4.5371E+00 5.3148E+00 6.4361E+00 6.9543E+00 8.2990E+00 1.1254E+01 1.2525E+01 5.9473E+00 6.1077E+00 6.3447E+00 7.8273E+00 7.3079E+00 6.7752E+00 6.1423E+00 5.7411E+00 5.5678E+00 5.6140E+00
1.2630E+00 1.3591E+00 1.4542E+00 1.5554E+00 1.6561E+00 1.7613E+00 1.8707E+00 1.9829E+00 2.0971E+00 2.2172E+00 2.3442E+00 2.4909E+00 2.6393E+00 2.8013E+00 2.9729E+00 3.1541E+00 3.3434E+00 3.5209E+00 3.6801E+00 3.8050E+00 3.8777E+00 3.8785E+00 3.7748E+00 3.5465E+00 3.1857E+00 2.7062E+00 2.1531E+00 2.5611E+00 3.1849E+00 3.7015E+00 3.8056E+00 7.1394E+00 5.5945E+00 5.6589E+00 6.6494E+00 3.3847E+00 2.7483E+00 2.6919E+00 2.7718E+00 3.5197E+00 4.9043E+00 5.7030E+00 6.6171E+00 7.3374E+00 8.2498E+00 8.8196E+00 1.2750E+01 5.4799E+00 5.2626E+00 8.1645E+00 5.3434E+00 5.5456E+00 5.6476E+00 5.3569E+00 4.8895E+00 4.4108E+00 3.9701E+00
1.2826E+00 1.3797E+00 1.4754E+00 1.5772E+00 1.6772E+00 1.7811E+00 1.8854E+00 1.9957E+00 2.1042E+00 2.2163E+00 2.3327E+00 2.4667E+00 2.6000E+00 2.7417E+00 2.8936E+00 3.0496E+00 3.2097E+00 3.3619E+00 3.4925E+00 3.5937E+00 3.6490E+00 3.6452E+00 3.5511E+00 3.3464E+00 3.0158E+00 2.8311E+00 2.5042E+00 2.2380E+00 2.4712E+00 3.3333E+00 4.6874E+00 5.8921E+00 5.0073E+00 5.0179E+00 5.7019E+00 3.4338E+00 2.6107E+00 2.8050E+00 3.5800E+00 5.0440E+00 7.2735E+00 4.5174E+00 6.1034E+00 6.4633E+00 6.6549E+00 6.4328E+00 7.8619E+00 5.1700E+00 8.0790E+00 8.3301E+00 7.1598E+00 5.6932E+00 4.5385E+00 4.3997E+00 4.2669E+00 4.0135E+00 4.5185E+00
1.2736E+00 1.3684E+00 1.4615E+00 1.5601E+00 1.6560E+00 1.7547E+00 1.8521E+00 1.9545E+00 2.0536E+00 2.1532E+00 2.2550E+00 2.3712E+00 2.4854E+00 2.6034E+00 2.7293E+00 2.8590E+00 2.9863E+00 3.1059E+00 3.2069E+00 3.2787E+00 3.3111E+00 3.2912E+00 3.1940E+00 3.3405E+00 3.2947E+00 2.8279E+00 2.4605E+00 2.7177E+00 2.8832E+00 3.1591E+00 4.0193E+00 3.7263E+00 4.0000E+00 4.4370E+00 4.7372E+00 2.9595E+00 2.5651E+00 2.8859E+00 3.3355E+00 4.9049E+00 6.7194E+00 5.5580E+00 4.6172E+00 5.7525E+00 5.2810E+00 7.2084E+00 7.4307E+00 7.5648E+00 7.2305E+00 9.0749E+00 7.1612E+00 5.8714E+00 6.1705E+00 4.6531E+00 3.6824E+00 4.4955E+00 4.0613E+00
1.2366E+00 1.3241E+00 1.4139E+00 1.5060E+00 1.5947E+00 1.6849E+00 1.7729E+00 1.8596E+00 1.9501E+00 2.0347E+00 2.1194E+00 2.2127E+00 2.3072E+00 2.4008E+00 2.4990E+00 2.5982E+00 2.6954E+00 2.7808E+00 2.8476E+00 2.8869E+00 2.8951E+00 2.9137E+00 3.3847E+00 3.7042E+00 3.6060E+00 2.8808E+00 2.7153E+00 2.4466E+00 2.3078E+00 2.8404E+00 2.8911E+00 3.7106E+00 3.5279E+00 3.6552E+00 3.8064E+00 3.1337E+00 3.3300E+00 2.9487E+00 2.7983E+00 3.5081E+00 3.2160E+00 3.4471E+00 4.9749E+00 5.3107E+00 6.3793E+00 6.6331E+00 7.5002E+00 9.5951E+00 7.6200E+00 7.9004E+00 8.4804E+00 6.7547E+00 5.5266E+00 4.9992E+00 4.5938E+00 3.8458E+00 4.5661E+00
1.1741E+00 1.2547E+00 1.3361E+00 1.4192E+00 1.4981E+00 1.5751E+00 1.6537E+00 1.7268E+00 1.8001E+00 1.8714E+00 1.9378E+00 2.0089E+00 2.0816E+00 2.1512E+00 2.2219E+00 2.2927E+00 2.3582E+00 2.4107E+00 2.4477E+00 2.4599E+00 2.6162E+00 3.0000E+00 3.3339E+00 3.4726E+00 3.2411E+00 2.7833E+00 2.7274E+00 2.3903E+00 2.2418E+00 2.3508E+00 3.1380E+00 2.9402E+00 3.0975E+00 3.0224E+00 3.1126E+00 2.9514E+00 2.9947E+00 2.9006E+00 2.6960E+00 2.8517E+00 3.2392E+00 3.0772E+00 3.9768E+00 5.1268E+00 5.8152E+00 6.5576E+00 6.1612E+00 9.1071E+00 7.9526E+00 8.3173E+00 8.1435E+00 7.3758E+00 6.1006E+00 4.5772E+00 3.8752E+00 4.0921E+00 3.7957E+00
1.0903E+00 1.1623E+00 1.2337E+00 1.3037E+00 1.3735E+00 1.4384E+00 1.5037E+00 1.5632E+00 1.6185E+00 1.6732E+00 1.7252E+00 1.7766E+00 1.8250E+00 1.8747E+00 1.9201E+00 1.9656E+00 2.0036E+00 2.0296E+00 2.1733E+00 2.4405E+00 2.5297E+00 2.7455E+00 2.8625E+00 2.7910E+00 2.5958E+00 2.6458E+00 2.4912E+00 2.3527E+00 2.3419E+00 2.5364E+00 2.8231E+00 2.5133E+00 2.6826E+00 2.5354E+00 2.6144E+00 2.6960E+00 3.0711E+00 2.9606E+00 2.7708E+00 2.7860E+00 2.8348E+00 2.7755E+00 2.8520E+00 4.1978E+00 5.2695E+00 5.4985E+00 5.7321E+00 7.8471E+00 7.6550E+00 8.1440E+00 8.1008E+00 7.4358E+00 6.2217E+00 5.0178E+00 4.2334E+00 4.2307E+00 4.0106E+00
9.9052E-01 1.0528E+00 1.1111E+00 1.1719E+00 1.2295E+00 1.2819E+00 1.3328E+00 1.3798E+00 1.4208E+00 1.4596E+00 1.4938E+00 1.5262E+00 1.5596E+00 1.5909E+00 1.6165E+00 1.6395E+00 1.6547E+00 2.0225E+00 2.3359E+00 2.3511E+00 2.2166E+00 2.2573E+00 2.1899E+00 2.3168E+00 2.4019E+00 2.4573E+00 2.6576E+00 2.8699E+00 2.8571E+00 2.4111E+00 2.3366E+00 2.2781E+00 2.3338E+00 2.1819E+00 2.2449E+00 2.4762E+00 3.0272E+00 3.0213E+00 2.8329E+00 2.5072E+00 2.3811E+00 2.1983E+00 2.6086E+00 3.1719E+00 4.3106E+00 5.0857E+00 5.8019E+00 6.9448E+00 6.7912E+00 7.3433E+00 7.4151E+00 6.8971E+00 6.0252E+00 5.3346E+00 4.6099E+00 3.9613E+00 3.7586E+00
9.6418E-01 1.0032E+00 1.0428E+00 1.0728E+00 1.0952E+00 1.1155E+00 1.1529E+00 1.1874E+00 1.2166E+00 1.2411E+00 1.2927E+00 1.3982E+00 1.4957E+00 1.5848E+00 1.6603E+00 1.7170E+00 1.8725E+00 2.2101E+00 2.3095E+00 2.1094E+00 1.8564E+00 1.8984E+00 2.0427E+00 2.1175E+00 2.2386E+00 2.4714E+00 2.7782E+00 3.0567E+00 3.0629E+00 2.6055E+00 2.1072E+00 2.0693E+00 2.0805E+00 1.9480E+00 1.9846E+00 2.3294E+00 2.9390E+00 3.0566E+00 2.9066E+00 2.5850E+00 2.0150E+00 2.0387E+00 2.2575E+00 2.7436E+00 3.4424E+00 3.9534E+00 5.8641E+00 6.0674E+00 5.6185E+00 6.1450E+00 6.2776E+00 5.9479E+00 5.8630E+00 5.4412E+00 4.8582E+00 4.2502E+00 3.6892E+00
9.6695E-01 9.9432E-01 1.0131E+00 1.0200E+00 1.0150E+00 9.9445E-01 9.7441E-01 1.0645E+00 1.1753E+00 1.2843E+00 1.3982E+00 1.5037E+00 1.6031E+00 1.6916E+00 1.7703E+00 1.8298E+00 2.0819E+00 2.2377E+00 2.1273E+00 1.8616E+00 1.8356E+00 1.7876E+00 1.9161E+00 2.0443E+00 2.1762E+00 2.4433E+00 2.7416E+00 2.9421E+00 2.8507E+00 2.3784E+00 2.1700E+00 1.9316E+00 1.8890E+00 1.7793E+00 1.8320E+00 2.2741E+00 2.8812E+00 3.0732E+00 2.9785E+00 2.8436E+00 2.2338E+00 1.9278E+00 2.2197E+00 2.5051E+00 2.9199E+00 4.0766E+00 5.8036E+00 5.1965E+00 5.4328E+00 4.8658E+00 4.9947E+00 5.4354E+00 5.5749E+00 5.3820E+00 4.9654E+00 4.4449E+00 3.9165E+00
9.3633E-01 9.4200E-01 9.3593E-01 9.1923E-01 8.9094E-01 9.5121E-01 1.0580E+00 1.1675E+00 1.2795E+00 1.3903E+00 1.5048E+00 1.6114E+00 1.7127E+00 1.8037E+00 1.8813E+00 1.9519E+00 2.1555E+00 2.1240E+00 1.9515E+00 1.8654E+00 1.8440E+00 1.7836E+00 1.9212E+00 2.0303E+00 2.1016E+00 2.3493E+00 2.5799E+00 2.6609E+00 2.4698E+00 2.0315E+00 2.0049E+00 2.2237E+00 2.2371E+00 2.0401E+00 2.0349E+00 2.2411E+00 2.8099E+00 3.0514E+00 2.9859E+00 2.7898E+00 2.3650E+00 2.1046E+00 2.4407E+00 2.4548E+00 2.6757E+00 4.0683E+00 5.5812E+00 4.4730E+00 4.9587E+00 4.7604E+00 4.4831E+00 4.9905E+00 5.2438E+00 5.2122E+00 4.9477E+00 4.5407E+00 4.0800E+00
8.6673E-01 8.5164E-01 8.2702E-01 8.4267E-01 9.4598E-01 1.0516E+00 1.1600E+00 1.2709E+00 1.3846E+00 1.4993E+00 1.6112E+00 1.7187E+00 1.8199E+00 1.9132E+00 1.9912E+00 2.0546E+00 2.0933E+00 2.0822E+00 2.0337E+00 1.9292E+00 1.8355E+00 1.8331E+00 1.9197E+00 2.0367E+00 2.0364E+00 2.2060E+00 2.3386E+00 2.3130E+00 2.0647E+00 2.0673E+00 2.4955E+00 2.7619E+00 2.7883E+00 2.5688E+00 2.1673E+00 2.1427E+00 2.6719E+00 2.9512E+00 2.9608E+00 2.7655E+00 2.3814E+00 2.1166E+00 2.3716E+00 2.5475E+00 2.4096E+00 3.9849E+00 5.2034E+00 3.9643E+00 4.3687E+00 4.8825E+00 4.1585E+00 4.6242E+00 4.9133E+00 4.9809E+00 4.8412E+00 4.5507E+00 4.1674E+00
7.7203E-01 7.4634E-01 8.3996E-01 9.3928E-01 1.0444E+00 1.1522E+00 1.2641E+00 1.3777E+00 1.4910E+00 1.6055E+00 1.7166E+00 1.8232E+00 1.9232E+00 2.0126E+00 2.0866E+00 2.1367E+00 2.1560E+00 2.1367E+00 2.0677E+00 1.9415E+00 1.7937E+00 1.8231E+00 1.9195E+00 2.0372E+00 2.0594E+00 2.0263E+00 2.0691E+00 1.9647E+00 1.7750E+00 2.2564E+00 2.6801E+00 2.9444E+00 2.9783E+00 2.7730E+00 2.3871E+00 2.0985E+00 2.4694E+00 2.7953E+00 2.9040E+00 2.8031E+00 2.5051E+00 2.2160E+00 2.2758E+00 2.7452E+00 2.3899E+00 3.8431E+00 4.7874E+00 3.5585E+00 3.8204E+00 4.7245E+00 3.9214E+00 4.3252E+00 4.6089E+00 4.7307E+00 4.6840E+00 4.4873E+00 4.1929E+00
7.4202E-01 8.3595E-01 9.3328E-01 1.0357E+00 1.1435E+00 1.2555E+00 1.3676E+00 1.4826E+00 1.5958E+00 1.7090E+00 1.8166E+00 1.9206E+00 2.0143E+00 2.0960E+00 2.1579E+00 2.1940E+00 2.1931E+00 2.1488E+00 2.0541E+00 1.9026E+00 1.7227E+00 1.7613E+00 1.9227E+00 2.0261E+00 2.0309E+00 1.9175E+00 1.8808E+00 1.8657E+00 1.8755E+00 2.3252E+00 2.7101E+00 2.9464E+00 2.9772E+00 2.7971E+00 2.4541E+00 2.2298E+00 2.2524E+00 2.6188E+00 2.8237E+00 2.8248E+00 2.5936E+00 2.2595E+00 2.2676E+00 2.6730E+00 2.5352E+00 3.6617E+00 4.3752E+00 3.2281E+00 3.3525E+00 4.4081E+00 3.7294E+00 4.0690E+00 4.3333E+00 4.4807E+00 4.4926E+00 4.3703E+00 4.1554E+00
8.2822E-01 9.2504E-01 1.0291E+00 1.1349E+00 1.2443E+00 1.3562E+00 1.4688E+00 1.5838E+00 1.6958E+00 1.8052E+00 1.9087E+00 2.0041E+00 2.0884E+00 2.1561E+00 2.2001E+00 2.2137E+00 2.1893E+00 2.1166E+00 1.9942E+00 1.8203E+00 1.6374E+00 1.7521E+00 1.9016E+00 1.9826E+00 1.9611E+00 1.8165E+00 1.8351E+00 1.7144E+00 1.9273E+00 2.3348E+00 2.6743E+00 2.8791E+00 2.9058E+00 2.7511E+00 2.4546E+00 2.3204E+00 2.2251E+00 2.4363E+00 2.7083E+00 2.7934E+00 2.6334E+00 2.3304E+00 2.2188E+00 2.5041E+00 2.5238E+00 3.4487E+00 3.9855E+00 2.9697E+00 2.9972E+00 3.9980E+00 3.5566E+00 3.8466E+00 4.0814E+00 4.2327E+00 4.2840E+00 4.2263E+00 4.0725E+00
9.1856E-01 1.0173E+00 1.1226E+00 1.2320E+00 1.3422E+00 1.4543E+00 1.5671E+00 1.6777E+00 1.7868E+00 1.8904E+00 1.9867E+00 2.0699E+00 2.1384E+00 2.1864E+00 2.2076E+00 2.1943E+00 2.1425E+00 2.0448E+00 1.8974E+00 1.7062E+00 1.7161E+00 1.7579E+00 1.8415E+00 1.8915E+00 1.8364E+00 1.8022E+00 1.8126E+00 1.7591E+00 1.9495E+00 2.3101E+00 2.6027E+00 2.7738E+00 2.7914E+00 2.6567E+00 2.4035E+00 2.3740E+00 2.3173E+00 2.2713E+00 2.5467E+00 2.6926E+00 2.6023E+00 2.3305E+00 2.1615E+00 2.3292E+00 2.4229E+00 3.2070E+00 3.6292E+00 2.7432E+00 2.8229E+00 3.5595E+00 3.3934E+00 3.6414E+00 3.8495E+00 3.9985E+00 4.0682E+00 4.0510E+00 3.9500E+00
1.0071E+00 1.1099E+00 1.2158E+00 1.3250E+00 1.4361E+00 1.5459E+00 1.6565E+00 1.7630E+00 1.8660E+00 1.9594E+00 2.0435E+00 2.1114E+00 2.1604E+00 2.1845E+00 2.1794E+00 2.1393E+00 2.0595E+00 1.9382E+00 1.7750E+00 1.7083E+00 1.7866E+00 1.8266E+00 1.8199E+00 1.7660E+00 1.6833E+00 1.7430E+00 1.7651E+00 1.7315E+00 1.9294E+00 2.2420E+00 2.4902E+00 2.6318E+00 2.6422E+00 2.5238E+00 2.4346E+00 2.3631E+00 2.3289E+00 2.3001E+00 2.3453E+00 2.5891E+00 2.5709E+00 2.2897E+00 2.1056E+00 2.1753E+00 2.2763E+00 2.9616E+00 3.2864E+00 2.5334E+00 2.6970E+00 3.1306E+00 3.2170E+00 3.4247E+00 3.6139E+00 3.7571E+00 3.8415E+00 3.8563E+00 3.7995E+00
1.0947E+00 1.1990E+00 1.3049E+00 1.4136E+00 1.5222E+00 1.6304E+00 1.7360E+00 1.8353E+00 1.9272E+00 2.0079E+00 2.0753E+00 2.1243E+00 2.1500E+00 2.1495E+00 2.1173E+00 2.0509E+00 1.9481E+00 1.8086E+00 1.6581E+00 1.7641E+00 1.8402E+00 1.8776E+00 1.8674E+00 1.8095E+00 1.7018E+00 1.6584E+00 1.6778E+00 1.6494E+00 1.8824E+00 2.1452E+00 2.3478E+00 2.4569E+00 2.4564E+00 2.4084E+00 2.5075E+00 2.2893E+00 2.2713E+00 2.5099E+00 2.2275E+00 2.5349E+00 2.5800E+00 2.3237E+00 2.1151E+00 2.2035E+00 2.3049E+00 2.7280E+00 2.9710E+00 2.3313E+00 2.5361E+00 2.7739E+00 2.9939E+00 3.1970E+00 3.3736E+00 3.5155E+00 3.6108E+00 3.6502E+00 3.6286E+00
1.1780E+00 1.2834E+00 1.3890E+00 1.4952E+00 1.6006E+00 1.7025E+00 1.7982E+00 1.8889E+00 1.9673E+00 2.0316E+00 2.0790E+00 2.1068E+00 2.1089E+00 2.0828E+00 2.0258E+00 1.9375E+00 1.8160E+00 1.6654E+00 1.7020E+00 1.8029E+00 1.8737E+00 1.9064E+00 1.8925E+00 1.8328E+00 1.7250E+00 1.5787E+00 1.5679E+00 1.5837E+00 1.8298E+00 2.0485E+00 2.2098E+00 2.2894E+00 2.2771E+00 2.3274E+00 2.4297E+00 2.1791E+00 2.2011E+00 2.5290E+00 2.2632E+00 2.3499E+00 2.4676E+00 2.2828E+00 2.0655E+00 2.1653E+00 2.2707E+00 2.5100E+00 2.6952E+00 2.2396E+00 2.3473E+00 2.5696E+00 2.7740E+00 2.9629E+00 3.1314E+00 3.2718E+00 3.3776E+00 3.4366E+00 3.4444E+00
1.2555E+00 1.3611E+00 1.4653E+00 1.5674E+00 1.6657E+00 1.7593E+00 1.8450E+00 1.9193E+00 1.9815E+00 2.0272E+00 2.0544E+00 2.0595E+00 2.0387E+00 1.9899E+00 1.9121E+00 1.8054E+00 1.6708E+00 1.6150E+00 1.7303E+00 1.8242E+00 1.8877E+00 1.9126E+00 1.8939E+00 1.8321E+00 1.7252E+00 1.5835E+00 1.4545E+00 1.5684E+00 1.7803E+00 1.9610E+00 2.0884E+00 2.1439E+00 2.1212E+00 2.1794E+00 2.2770E+00 2.0547E+00 2.0561E+00 2.4157E+00 2.2311E+00 2.1171E+00 2.2917E+00 2.1839E+00 1.9693E+00 2.0805E+00 2.1883E+00 2.3256E+00 2.4748E+00 2.2116E+00 2.1484E+00 2.3540E+00 2.5463E+00 2.7260E+00 2.8893E+00 3.0306E+00 3.1422E+00 3.2170E+00 3.2495E+00
1.3268E+00 1.4297E+00 1.5302E+00 1.6262E+00 1.7162E+00 1.7984E+00 1.8710E+00 1.9304E+00 1.9738E+00 1.9986E+00 2.0036E+00 1.9853E+00 1.9432E+00 1.8754E+00 1.7814E+00 1.6635E+00 1.5250E+00 1.6371E+00 1.7436E+00 1.8277E+00 1.8815E+00 1.8983E+00 1.8738E+00 1.8090E+00 1.7029E+00 1.5661E+00 1.4077E+00 1.5510E+00 1.7335E+00 1.8840E+00 1.9847E+00 2.0217E+00 1.9909E+00 2.0101E+00 2.1003E+00 1.9293E+00 1.9301E+00 2.2399E+00 2.1326E+00 1.8749E+00 2.0914E+00 2.0570E+00 1.8501E+00 1.9636E+00 2.0736E+00 2.1684E+00 2.2957E+00 2.1490E+00 2.0444E+00 2.1398E+00 2.3234E+00 2.4960E+00 2.6559E+00 2.7977E+00 2.9158E+00 3.0028E+00 3.0530E+00
1.3867E+00 1.4865E+00 1.5810E+00 1.6692E+00 1.7492E+00 1.8188E+00 1.8748E+00 1.9162E+00 1.9411E+00 1.9460E+00 1.9295E+00 1.8916E+00 1.8302E+00 1.7473E+00 1.6422E+00 1.5190E+00 1.5332E+00 1.6455E+00 1.7416E+00 1.8146E+00 1.8572E+00 1.8645E+00 1.8334E+00 1.7658E+00 1.6619E+00 1.5296E+00 1.3787E+00 1.5273E+00 1.6842E+00 1.8098E+00 1.8887E+00 1.9112E+00 1.9582E+00 1.8803E+00 1.9271E+00 1.8041E+00 1.8077E+00 2.0474E+00 2.0060E+00 1.7527E+00 1.8862E+00 1.9171E+00 1.7648E+00 1.8286E+00 1.9409E+00 2.0339E+00 2.1440E+00 2.0642E+00 1.9833E+00 1.9479E+00 2.1235E+00 2.2740E+00 2.4306E+00 2.5719E+00 2.6931E+00 2.7895E+00 2.8545E+00
