20231023_webinar_progetto_murano/refs/data_input_report_tx_finale/calpost_grid/rank(60)_cd_1hr_conc_cd.grd
DSAA
          81          81
     760.250     764.250
    5036.750    5040.750
  0.1392E+00  0.9816E+01
[rows 50 to 74 of 81, columns 0 to 56 of 81]
3.4805E-01 3.6853E-01 3.8582E-01 3.9378E-01 4.0908E-01 4.2607E-01 4.3286E-01 4.6191E-01 4.7500E-01 5.0085E-01 5.1125E-01 5.2105E-01 5.2755E-01 5.2954E-01 5.4673E-01 5.7192E-01 6.2745E-01 6.5483E-01 7.1131E-01 7.5866E-01 7.8827E-01 8.4968E-01 9.4961E-01 1.0242E+00 1.0482E+00 1.1485E+00 1.2312E+00 1.2751E+00 1.2167E+00 1.3219E+00 1.4126E+00 1.6721E+00 1.9841E+00 2.3387E+00 2.9131E+00 1.3522E+00 1.1267E+00 1.0844E+00 1.2135E+00 1.3595E+00 1.2734E+00 1.2888E+00 1.4453E+00 1.8054E+00 2.4014E+00 3.4975E+00 6.4704E+00 4.1242E+00 3.0029E+00 2.2630E+00 2.2715E+00 2.3387E+00 2.2450E+00 2.0421E+00 1.7982E+00 1.6000E+00 1.4302E+00
3.4435E-01 3.5872E-01 3.7557E-01 3.9216E-01 4.0894E-01 4.1621E-01 4.3220E-01 4.5054E-01 4.5823E-01 4.5918E-01 4.7586E-01 5.0315E-01 4.9415E-01 5.1756E-01 5.4810E-01 5.7911E-01 6.0283E-01 6.3856E-01 6.7497E-01 7.2199E-01 7.9723E-01 8.8772E-01 9.7161E-01 9.8469E-01 1.0371E+00 1.0393E+00 1.1615E+00 1.1330E+00 1.1683E+00 1.2564E+00 1.5186E+00 1.9425E+00 2.3572E+00 2.9163E+00 2.6281E+00 1.2500E+00 1.0720E+00 1.0100E+00 1.1181E+00 1.1936E+00 1.1892E+00 1.2287E+00 1.3077E+00 1.7257E+00 2.3879E+00 3.8928E+00 5.6537E+00 3.2607E+00 2.3578E+00 2.0964E+00 2.1647E+00 2.2507E+00 2.1662E+00 1.9697E+00 1.8681E+00 1.6416E+00 1.4657E+00
3.4186E-01 3.6058E-01 3.7685E-01 3.8238E-01 4.0270E-01 4.0746E-01 4.0885E-01 4.1642E-01 4.1607E-01 4.2877E-01 4.4536E-01 4.7165E-01 4.8780E-01 5.1194E-01 5.3023E-01 5.7286E-01 6.0695E-01 6.4225E-01 6.8858E-01 7.3525E-01 8.2555E-01 9.1200E-01 9.1722E-01 9.4317E-01 9.5020E-01 9.9761E-01 1.0243E+00 9.8739E-01 1.0655E+00 1.1993E+00 1.4594E+00 2.4979E+00 2.5957E+00 2.8416E+00 1.7115E+00 1.0736E+00 1.0112E+00 1.0143E+00 1.0586E+00 1.2825E+00 1.4400E+00 1.2894E+00 1.2772E+00 1.6190E+00 2.3489E+00 3.6825E+00 6.0862E+00 2.2345E+00 1.8247E+00 1.8033E+00 1.9195E+00 2.0313E+00 1.9260E+00 1.9124E+00 1.7325E+00 1.5755E+00 1.4237E+00
3.2308E-01 3.4363E-01 3.5590E-01 3.7038E-01 3.7419E-01 3.7760E-01 3.8480E-01 3.9636E-01 4.0385E-01 4.1964E-01 4.3858E-01 4.3990E-01 4.4821E-01 4.9383E-01 5.4077E-01 5.6582E-01 6.1608E-01 6.5464E-01 7.1446E-01 7.6658E-01 8.4645E-01 8.5770E-01 8.9016E-01 9.1476E-01 9.3780E-01 9.4063E-01 9.3386E-01 9.0263E-01 9.6633E-01 1.0639E+00 1.2928E+00 1.6734E+00 1.7740E+00 2.6204E+00 1.8094E+00 1.1636E+00 9.9861E-01 9.8837E-01 1.1334E+00 1.5771E+00 2.0405E+00 1.5342E+00 1.2781E+00 1.5468E+00 2.2920E+00 4.0426E+00 9.8157E+00 1.6340E+00 1.5901E+00 1.5673E+00 1.7057E+00 1.8171E+00 1.8030E+00 1.6346E+00 1.5902E+00 1.5613E+00 1.4234E+00
3.2093E-01 3.4377E-01 3.4968E-01 3.5426E-01 3.6081E-01 3.6388E-01 3.6754E-01 3.8706E-01 4.0238E-01 4.1349E-01 4.3158E-01 4.4762E-01 4.6178E-01 4.9834E-01 5.4427E-01 5.6974E-01 6.3045E-01 6.7391E-01 6.9888E-01 7.5394E-01 7.7760E-01 8.2002E-01 8.5171E-01 8.6950E-01 8.9893E-01 8.8495E-01 8.5763E-01 8.8610E-01 9.4249E-01 1.0536E+00 1.3536E+00 1.9306E+00 2.0874E+00 1.9891E+00 1.5208E+00 1.0811E+00 9.5916E-01 9.5414E-01 1.2090E+00 1.9167E+00 3.5333E+00 1.3541E+00 1.2284E+00 1.6717E+00 2.2733E+00 3.5448E+00 7.3805E+00 1.6016E+00 1.5567E+00 1.4490E+00 1.4311E+00 1.5518E+00 1.4002E+00 1.3506E+00 1.3633E+00 1.4068E+00 1.3300E+00
3.2290E-01 3.2317E-01 3.2398E-01 3.2551E-01 3.3606E-01 3.5332E-01 3.7569E-01 3.8608E-01 3.9737E-01 4.0726E-01 4.3756E-01 4.5400E-01 4.8473E-01 5.2229E-01 5.4634E-01 5.9071E-01 6.2383E-01 6.5972E-01 7.1677E-01 7.4655E-01 7.8432E-01 8.0800E-01 8.4003E-01 8.4728E-01 8.7272E-01 8.5618E-01 8.0914E-01 8.3295E-01 9.0463E-01 1.0844E+00 1.4203E+00 1.6957E+00 1.7214E+00 1.4416E+00 1.1078E+00 9.8502E-01 8.8321E-01 9.6071E-01 1.1776E+00 1.7757E+00 3.0113E+00 9.7473E-01 1.1843E+00 1.5358E+00 1.9662E+00 2.9854E+00 3.2428E+00 1.6232E+00 1.8554E+00 1.7375E+00 1.5324E+00 1.4129E+00 1.4433E+00 1.2553E+00 1.2116E+00 1.2176E+00 1.1071E+00
2.9228E-01 3.0246E-01 3.0766E-01 3.2517E-01 3.4787E-01 3.5958E-01 3.6727E-01 3.8598E-01 3.9314E-01 4.0413E-01 4.3792E-01 4.5212E-01 4.8593E-01 5.2264E-01 5.6391E-01 5.9475E-01 6.1308E-01 6.6595E-01 7.1837E-01 7.4465E-01 7.6904E-01 7.9433E-01 8.1333E-01 8.1839E-01 8.0179E-01 8.0433E-01 7.8149E-01 7.9912E-01 9.1380E-01 1.0991E+00 1.3269E+00 1.3239E+00 1.2239E+00 1.0622E+00 9.1138E-01 9.3098E-01 9.0250E-01 9.1233E-01 9.8258E-01 1.3055E+00 1.9084E+00 1.0510E+00 1.0315E+00 1.3060E+00 1.7901E+00 2.3000E+00 2.6358E+00 1.8962E+00 1.6024E+00 1.8620E+00 1.8454E+00 1.4357E+00 1.3619E+00 1.3139E+00 1.2173E+00 1.1823E+00 1.0964E+00
2.8206E-01 2.8540E-01 3.0510E-01 3.2693E-01 3.4574E-01 3.4684E-01 3.5707E-01 3.6341E-01 3.9222E-01 4.1332E-01 4.4026E-01 4.6702E-01 4.9852E-01 5.3960E-01 5.5575E-01 5.7989E-01 6.1660E-01 6.5881E-01 6.8666E-01 7.2443E-01 7.7108E-01 7.8577E-01 7.8952E-01 8.0182E-01 7.7773E-01 7.4825E-01 7.6912E-01 8.1714E-01 8.8613E-01 9.8619E-01 1.0488E+00 1.0992E+00 9.8986E-01 8.8882E-01 8.5938E-01 8.5081E-01 7.8824E-01 8.3453E-01 9.3220E-01 1.2202E+00 1.4350E+00 9.4853E-01 1.0913E+00 1.3662E+00 1.6343E+00 1.9495E+00 2.6811E+00 1.9487E+00 1.5344E+00 1.7142E+00 1.9347E+00 1.7425E+00 1.3320E+00 1.2845E+00 1.1593E+00 1.0469E+00 9.5808E-01
2.7720E-01 2.9857E-01 3.1419E-01 3.2311E-01 3.2386E-01 3.3430E-01 3.5523E-01 3.7490E-01 3.9077E-01 4.1658E-01 4.4201E-01 4.7605E-01 4.9213E-01 5.1811E-01 5.3758E-01 5.7469E-01 6.2443E-01 6.6544E-01 6.9982E-01 7.3001E-01 7.6789E-01 7.7465E-01 8.0256E-01 7.7884E-01 7.5562E-01 7.1753E-01 7.2698E-01 7.8348E-01 8.5739E-01 8.9081E-01 9.4034E-01 8.6616E-01 8.2536E-01 7.8550E-01 7.7006E-01 7.4796E-01 7.2661E-01 7.8909E-01 8.6479E-01 1.0468E+00 1.0024E+00 9.4015E-01 1.0290E+00 1.2580E+00 1.4830E+00 2.0590E+00 2.6341E+00 1.8175E+00 1.5103E+00 1.5223E+00 1.5201E+00 1.6667E+00 1.5725E+00 1.3176E+00 1.2631E+00 1.0198E+00 9.2280E-01
2.7467E-01 2.8281E-01 3.0159E-01 3.1288E-01 3.2424E-01 3.3862E-01 3.7134E-01 3.8051E-01 4.0240E-01 4.1683E-01 4.4298E-01 4.6305E-01 4.8348E-01 5.1436E-01 5.5661E-01 5.9688E-01 6.2657E-01 6.4734E-01 6.8808E-01 7.2324E-01 7.6684E-01 7.6568E-01 7.8477E-01 7.5688E-01 7.1765E-01 7.0801E-01 7.2402E-01 7.5491E-01 7.8059E-01 8.2068E-01 8.0560E-01 7.8808E-01 7.3171E-01 6.9819E-01 6.5489E-01 6.6576E-01 6.8620E-01 7.1492E-01 7.6981E-01 8.3777E-01 8.6294E-01 8.9898E-01 9.6564E-01 1.2069E+00 1.5283E+00 2.1569E+00 2.1477E+00 1.6600E+00 1.5654E+00 1.4836E+00 1.2434E+00 1.3591E+00 1.5425E+00 1.4170E+00 1.2303E+00 1.1503E+00 8.9947E-01
2.7940E-01 2.9094E-01 2.9348E-01 3.2293E-01 3.3171E-01 3.4753E-01 3.7441E-01 3.9406E-01 3.9907E-01 4.1595E-01 4.3685E-01 4.5327E-01 4.8607E-01 5.2371E-01 5.5905E-01 5.8748E-01 6.1564E-01 6.4644E-01 6.8736E-01 7.2755E-01 7.4692E-01 7.6259E-01 7.6526E-01 7.4603E-01 6.7389E-01 6.9863E-01 6.8702E-01 6.8518E-01 7.1217E-01 7.3875E-01 7.1469E-01 6.8478E-01 6.7997E-01 6.3642E-01 6.1761E-01 6.3418E-01 6.4764E-01 6.9690E-01 7.0399E-01 7.3503E-01 7.7003E-01 8.4416E-01 9.4576E-01 1.0558E+00 1.4637E+00 1.9807E+00 1.9276E+00 1.5093E+00 1.5307E+00 1.3787E+00 1.2722E+00 1.1528E+00 1.3272E+00 1.3957E+00 1.1775E+00 1.1553E+00 1.0289E+00
2.7523E-01 2.8315E-01 3.0284E-01 3.3389E-01 3.4100E-01 3.5582E-01 3.7506E-01 3.7456E-01 4.0161E-01 4.1895E-01 4.3438E-01 4.5935E-01 4.9065E-01 5.3399E-01 5.5711E-01 5.7275E-01 6.0459E-01 6.3439E-01 6.8180E-01 6.9867E-01 7.0298E-01 7.2265E-01 7.0154E-01 6.7097E-01 6.6666E-01 6.6100E-01 6.5083E-01 6.4319E-01 6.4722E-01 6.6021E-01 6.5346E-01 6.3821E-01 6.2882E-01 6.2283E-01 6.4603E-01 6.3185E-01 6.1299E-01 6.4729E-01 6.6301E-01 7.0487E-01 7.6370E-01 8.8834E-01 1.0501E+00 1.1324E+00 1.4686E+00 1.7277E+00 1.7521E+00 1.4796E+00 1.4415E+00 1.3974E+00 1.1655E+00 1.0634E+00 1.0272E+00 1.1657E+00 1.2041E+00 1.0336E+00 9.5881E-01
2.7647E-01 2.9955E-01 3.1186E-01 3.2749E-01 3.4652E-01 3.5625E-01 3.5876E-01 3.8826E-01 4.0035E-01 4.2583E-01 4.3453E-01 4.5544E-01 4.8844E-01 5.2257E-01 5.3749E-01 5.6708E-01 5.8799E-01 6.2022E-01 6.6242E-01 6.6603E-01 6.7669E-01 6.9327E-01 6.6582E-01 6.4316E-01 6.2311E-01 6.0939E-01 6.1771E-01 6.0738E-01 6.2512E-01 6.1182E-01 5.9644E-01 6.0710E-01 6.2412E-01 6.1181E-01 6.4172E-01 6.3049E-01 5.9252E-01 6.3068E-01 6.5197E-01 6.8695E-01 7.7055E-01 9.1678E-01 9.9113E-01 1.1224E+00 1.3297E+00 1.4473E+00 1.5338E+00 1.4065E+00 1.3620E+00 1.3544E+00 1.0788E+00 1.0485E+00 9.1068E-01 8.9016E-01 1.0997E+00 1.0435E+00 9.1764E-01
2.8228E-01 3.0931E-01 3.2128E-01 3.2632E-01 3.3651E-01 3.4820E-01 3.6951E-01 3.7423E-01 3.9689E-01 4.0932E-01 4.3734E-01 4.4929E-01 4.8573E-01 5.0653E-01 5.2645E-01 5.4843E-01 5.7773E-01 6.3397E-01 6.2874E-01 6.5065E-01 6.8348E-01 6.5216E-01 6.2740E-01 6.0038E-01 5.9290E-01 5.9667E-01 5.8760E-01 5.9013E-01 5.9069E-01 5.8576E-01 5.8722E-01 6.1292E-01 5.7945E-01 6.1325E-01 6.0157E-01 6.1060E-01 6.1937E-01 6.3430E-01 6.7867E-01 7.2168E-01 8.0099E-01 8.5603E-01 9.4390E-01 1.0410E+00 1.2528E+00 1.3104E+00 1.4538E+00 1.2961E+00 1.3000E+00 1.2634E+00 1.0001E+00 8.9228E-01 8.2021E-01 7.7302E-01 8.5948E-01 9.2881E-01 9.4029E-01
2.8520E-01 2.9387E-01 3.0945E-01 3.2751E-01 3.3401E-01 3.5341E-01 3.5687E-01 3.6743E-01 3.8049E-01 4.0257E-01 4.3361E-01 4.5344E-01 4.8046E-01 4.8931E-01 5.1286E-01 5.4856E-01 5.7858E-01 6.1207E-01 6.0125E-01 6.4813E-01 6.2733E-01 6.0730E-01 6.0506E-01 5.8490E-01 5.7129E-01 5.7672E-01 5.7261E-01 5.6259E-01 5.8519E-01 5.8488E-01 5.9074E-01 5.7961E-01 5.9054E-01 6.1651E-01 6.1344E-01 6.1656E-01 6.2781E-01 6.6524E-01 6.8676E-01 7.5247E-01 8.2477E-01 8.4088E-01 9.0440E-01 1.0717E+00 1.2308E+00 1.1984E+00 1.3246E+00 1.2566E+00 1.2577E+00 1.1090E+00 9.0626E-01 8.7255E-01 8.5171E-01 7.4619E-01 7.2590E-01 7.8521E-01 8.7307E-01
2.8033E-01 2.9012E-01 3.0900E-01 3.2114E-01 3.2732E-01 3.3142E-01 3.5154E-01 3.6031E-01 3.7564E-01 4.1326E-01 4.3121E-01 4.4425E-01 4.5709E-01 4.8244E-01 5.1582E-01 5.3289E-01 5.7099E-01 5.8641E-01 5.8386E-01 5.9751E-01 5.9116E-01 5.8747E-01 5.7369E-01 5.5858E-01 5.6852E-01 5.5905E-01 5.4437E-01 5.6090E-01 5.9141E-01 5.9665E-01 5.9335E-01 5.8059E-01 5.8523E-01 6.0468E-01 6.3923E-01 6.2805E-01 6.6661E-01 6.6509E-01 6.9621E-01 7.8747E-01 8.5508E-01 8.5492E-01 9.4903E-01 1.1092E+00 1.1786E+00 1.1479E+00 1.2216E+00 1.1866E+00 1.1960E+00 1.0457E+00 8.9598E-01 8.5660E-01 7.9214E-01 7.0131E-01 6.5748E-01 7.0693E-01 7.7005E-01
2.7252E-01 2.8889E-01 2.9562E-01 3.1082E-01 3.1161E-01 3.2938E-01 3.3987E-01 3.5448E-01 3.8182E-01 3.9678E-01 4.1176E-01 4.3740E-01 4.4427E-01 4.7795E-01 5.0900E-01 5.4359E-01 5.6245E-01 5.5083E-01 5.5227E-01 5.8473E-01 5.4906E-01 5.4425E-01 5.6173E-01 5.6106E-01 5.5761E-01 5.5730E-01 5.5386E-01 5.6567E-01 5.7812E-01 5.9017E-01 5.8694E-01 5.9550E-01 5.8653E-01 5.9756E-01 6.2790E-01 6.5683E-01 6.5332E-01 6.9611E-01 7.4670E-01 8.4524E-01 8.2658E-01 8.7461E-01 9.6178E-01 1.0884E+00 1.1069E+00 1.1637E+00 1.1441E+00 1.1597E+00 1.1525E+00 1.0484E+00 8.9539E-01 7.4450E-01 7.5626E-01 7.0544E-01 5.9845E-01 5.8864E-01 6.0401E-01
2.6270E-01 2.6901E-01 2.9356E-01 2.9894E-01 3.0308E-01 3.1119E-01 3.2998E-01 3.5287E-01 3.8151E-01 3.8966E-01 4.1024E-01 4.2915E-01 4.4624E-01 4.8205E-01 4.9426E-01 5.3053E-01 5.2519E-01 5.2401E-01 5.5006E-01 5.3547E-01 5.2529E-01 5.4548E-01 5.4116E-01 5.4941E-01 5.4694E-01 5.6463E-01 5.6490E-01 5.6348E-01 5.7762E-01 5.8657E-01 5.8986E-01 5.9480E-01 5.8932E-01 5.9899E-01 6.2008E-01 6.3231E-01 6.5582E-01 7.0125E-01 7.5458E-01 8.1932E-01 8.2091E-01 8.7573E-01 9.4291E-01 1.0339E+00 1.0602E+00 1.1016E+00 1.1100E+00 1.0994E+00 1.0583E+00 9.8119E-01 8.5098E-01 6.5498E-01 7.2771E-01 6.7636E-01 6.2927E-01 6.4518E-01 5.4814E-01
2.5218E-01 2.6699E-01 2.7385E-01 2.8509E-01 2.9094E-01 3.0872E-01 3.3273E-01 3.5464E-01 3.7230E-01 3.7951E-01 4.0376E-01 4.2160E-01 4.6257E-01 4.7105E-01 4.8309E-01 4.9670E-01 4.9392E-01 5.1386E-01 5.2040E-01 5.0681E-01 5.0847E-01 5.3062E-01 5.1455E-01 5.4271E-01 5.4920E-01 5.6709E-01 5.4682E-01 5.5221E-01 5.6303E-01 5.7835E-01 5.6581E-01 5.7616E-01 6.0852E-01 5.8817E-01 6.1458E-01 6.2835E-01 6.5228E-01 6.9309E-01 7.5277E-01 7.8799E-01 8.0803E-01 8.2664E-01 9.1855E-01 1.0234E+00 1.0029E+00 1.0099E+00 1.0367E+00 1.0327E+00 1.0049E+00 9.3243E-01 8.0805E-01 6.7894E-01 6.6485E-01 6.6119E-01 6.4889E-01 5.8505E-01 5.5251E-01
2.4617E-01 2.5610E-01 2.6535E-01 2.7174E-01 2.8970E-01 3.1197E-01 3.4052E-01 3.5456E-01 3.6557E-01 3.7272E-01 3.9006E-01 4.2210E-01 4.4170E-01 4.5200E-01 4.6963E-01 4.8153E-01 4.9098E-01 5.0084E-01 5.0071E-01 4.9540E-01 5.1526E-01 5.0322E-01 5.2259E-01 5.4063E-01 5.4583E-01 5.4369E-01 5.3919E-01 5.4804E-01 5.5361E-01 5.5784E-01 5.5820E-01 5.8096E-01 5.8123E-01 6.0054E-01 6.2272E-01 6.2679E-01 6.6346E-01 6.9303E-01 7.2453E-01 7.3952E-01 8.4101E-01 8.2753E-01 9.0385E-01 9.4319E-01 9.4296E-01 9.2440E-01 9.9121E-01 9.8979E-01 9.5013E-01 9.2057E-01 7.5591E-01 7.0697E-01 6.0537E-01 6.2683E-01 6.0921E-01 5.4483E-01 5.6610E-01
2.4589E-01 2.4585E-01 2.5413E-01 2.7540E-01 2.8900E-01 3.1940E-01 3.3634E-01 3.5166E-01 3.5250E-01 3.7049E-01 3.9115E-01 4.1154E-01 4.3185E-01 4.4266E-01 4.5428E-01 4.7122E-01 4.8181E-01 4.8910E-01 4.7427E-01 4.7976E-01 4.9727E-01 4.8619E-01 5.0950E-01 5.2094E-01 5.3456E-01 5.3160E-01 5.3691E-01 5.4303E-01 5.5035E-01 5.5718E-01 5.6628E-01 5.7529E-01 5.8776E-01 5.9032E-01 6.1197E-01 6.0920E-01 6.6683E-01 6.8076E-01 7.0145E-01 7.2980E-01 7.3043E-01 8.2324E-01 8.9690E-01 9.1268E-01 8.7840E-01 8.8517E-01 9.1870E-01 9.2870E-01 9.2387E-01 8.8194E-01 6.9714E-01 6.5683E-01 5.7944E-01 5.7425E-01 5.7166E-01 5.3417E-01 5.1788E-01
2.3395E-01 2.4745E-01 2.6193E-01 2.7664E-01 2.9139E-01 3.2473E-01 3.3379E-01 3.3193E-01 3.4984E-01 3.6880E-01 3.8266E-01 4.0827E-01 4.2496E-01 4.3489E-01 4.5056E-01 4.4878E-01 4.7043E-01 4.6684E-01 4.6584E-01 4.7775E-01 4.7521E-01 4.8337E-01 5.0548E-01 5.2711E-01 5.1383E-01 5.2883E-01 5.2650E-01 5.5356E-01 5.5260E-01 5.4518E-01 5.3764E-01 5.7843E-01 5.7061E-01 5.8551E-01 5.9747E-01 5.9637E-01 6.2920E-01 6.4535E-01 6.6635E-01 7.1185E-01 7.0817E-01 8.1451E-01 8.2626E-01 8.5147E-01 8.2770E-01 8.3568E-01 8.5327E-01 8.7346E-01 8.5238E-01 8.5087E-01 6.7709E-01 6.0390E-01 5.6123E-01 5.4575E-01 5.3767E-01 5.4183E-01 4.8102E-01
2.2687E-01 2.4561E-01 2.5947E-01 2.7975E-01 3.0311E-01 3.1856E-01 3.1999E-01 3.3423E-01 3.4497E-01 3.6337E-01 3.7968E-01 4.0043E-01 4.1351E-01 4.2603E-01 4.3098E-01 4.4654E-01 4.5477E-01 4.5552E-01 4.6298E-01 4.7893E-01 4.6027E-01 4.8429E-01 4.9750E-01 5.0159E-01 5.0207E-01 5.1749E-01 5.2429E-01 5.3814E-01 5.3255E-01 5.3018E-01 5.4052E-01 5.5040E-01 5.5546E-01 5.7360E-01 5.9854E-01 5.7632E-01 5.9979E-01 6.2083E-01 6.5610E-01 6.6558E-01 7.0996E-01 7.7262E-01 7.6169E-01 7.5983E-01 7.8557E-01 7.8841E-01 7.9118E-01 8.1349E-01 8.5275E-01 7.7281E-01 6.3731E-01 5.8579E-01 5.3248E-01 5.2499E-01 5.2560E-01 4.9675E-01 4.6617E-01
2.2586E-01 2.4452E-01 2.6920E-01 2.8662E-01 2.9934E-01 3.0835E-01 3.1150E-01 3.3320E-01 3.4812E-01 3.6565E-01 3.8195E-01 3.9574E-01 4.1006E-01 4.1972E-01 4.2002E-01 4.4543E-01 4.4367E-01 4.5218E-01 4.4799E-01 4.5528E-01 4.5714E-01 4.7339E-01 4.9161E-01 4.9926E-01 4.9184E-01 5.1333E-01 5.1940E-01 5.1594E-01 5.1250E-01 5.1469E-01 5.3294E-01 5.3615E-01 5.4080E-01 5.6587E-01 5.7547E-01 5.6922E-01 5.9120E-01 6.0597E-01 6.2921E-01 6.3924E-01 6.9720E-01 7.1739E-01 7.3306E-01 7.1567E-01 7.3587E-01 7.4991E-01 7.6628E-01 7.6830E-01 7.8357E-01 7.0316E-01 5.9642E-01 5.5756E-01 4.9704E-01 4.7738E-01 4.8361E-01 4.7068E-01 4.8076E-01
2.2450E-01 2.5242E-01 2.6559E-01 2.8414E-01 2.9284E-01 2.9736E-01 3.1890E-01 3.2866E-01 3.4763E-01 3.6607E-01 3.8213E-01 3.8799E-01 3.9040E-01 4.0768E-01 4.1455E-01 4.2945E-01 4.4666E-01 4.3745E-01 4.4469E-01 4.5381E-01 4.5534E-01 4.6936E-01 4.9186E-01 4.8759E-01 4.9256E-01 5.0471E-01 5.0395E-01 5.1144E-01 5.0274E-01 5.1759E-01 5.2080E-01 5.2128E-01 5.2770E-01 5.4294E-01 5.5208E-01 5.5153E-01 5.6718E-01 5.8521E-01 6.0408E-01 6.1688E-01 6.6557E-01 6.8093E-01 6.8838E-01 6.7206E-01 6.7479E-01 7.0882E-01 7.4219E-01 7.4325E-01 7.5011E-01 7.0408E-01 6.0403E-01 5.5951E-01 4.9539E-01 4.5694E-01 4.4124E-01 4.4196E-01 4.4662E-01
