20231023_webinar_progetto_murano/refs/data_input_report_tx_finale/calpost_grid/rank(1)_cd_1hr_conc_cd.grd
DSAA
          81          81
     760.250     764.250
    5036.750    5040.750
  0.7420E+00  0.2249E+02
[rows 0 to 24 of 81, columns 0 to 56 of 81]
1.5234E+00 1.5424E+00 1.5341E+00 1.4969E+00 1.4325E+00 1.3439E+00 1.2356E+00 1.2530E+00 1.2786E+00 1.2775E+00 1.3998E+00 1.6629E+00 1.8991E+00 2.0751E+00 2.1680E+00 2.1638E+00 2.0661E+00 1.9253E+00 1.8062E+00 1.6571E+00 1.4843E+00 1.5572E+00 1.6125E+00 1.6629E+00 1.6983E+00 1.7156E+00 1.7142E+00 1.8119E+00 1.8967E+00 1.9670E+00 2.0207E+00 2.0571E+00 2.0757E+00 2.0753E+00 2.0569E+00 2.0207E+00 1.9708E+00 1.9075E+00 1.8825E+00 1.8996E+00 1.9045E+00 1.8976E+00 1.8755E+00 1.8445E+00 1.8024E+00 1.7615E+00 1.8069E+00 1.8557E+00 1.8890E+00 1.9066E+00 1.9083E+00 1.8937E+00 1.8634E+00 1.8200E+00 1.7679E+00 1.7280E+00 1.6763E+00
1.5583E+00 1.5978E+00 1.6104E+00 1.5944E+00 1.5500E+00 1.4760E+00 1.3767E+00 1.2672E+00 1.3116E+00 1.3270E+00 1.3287E+00 1.5745E+00 1.8398E+00 2.0578E+00 2.1990E+00 2.2416E+00 2.1815E+00 2.0315E+00 1.9219E+00 1.7802E+00 1.6137E+00 1.6182E+00 1.6919E+00 1.7514E+00 1.7946E+00 1.8173E+00 1.8188E+00 1.8964E+00 1.9874E+00 2.0639E+00 2.1223E+00 2.1618E+00 2.1826E+00 2.1834E+00 2.1647E+00 2.1283E+00 2.0754E+00 2.0063E+00 1.9799E+00 2.0004E+00 2.0054E+00 1.9960E+00 1.9739E+00 1.9405E+00 1.8938E+00 1.8686E+00 1.9392E+00 1.9932E+00 2.0294E+00 2.0476E+00 2.0492E+00 2.0352E+00 2.0041E+00 1.9580E+00 1.8977E+00 1.8279E+00 1.7577E+00
1.5715E+00 1.6318E+00 1.6673E+00 1.6758E+00 1.6526E+00 1.5984E+00 1.5147E+00 1.4047E+00 1.3230E+00 1.3580E+00 1.3617E+00 1.4653E+00 1.7460E+00 2.0033E+00 2.1942E+00 2.2892E+00 2.2761E+00 2.1602E+00 2.0315E+00 1.8983E+00 1.7359E+00 1.6854E+00 1.7693E+00 1.8376E+00 1.8879E+00 1.9165E+00 1.9217E+00 1.9767E+00 2.0741E+00 2.1552E+00 2.2187E+00 2.2618E+00 2.2843E+00 2.2857E+00 2.2669E+00 2.2290E+00 2.1740E+00 2.1040E+00 2.0753E+00 2.0952E+00 2.1002E+00 2.0908E+00 2.0671E+00 2.0311E+00 1.9835E+00 1.9957E+00 2.0720E+00 2.1301E+00 2.1692E+00 2.1891E+00 2.1900E+00 2.1724E+00 2.1391E+00 2.0915E+00 2.0283E+00 1.9517E+00 1.8642E+00
1.5624E+00 1.6434E+00 1.7035E+00 1.7356E+00 1.7378E+00 1.7076E+00 1.6455E+00 1.5515E+00 1.4303E+00 1.3692E+00 1.3938E+00 1.3833E+00 1.6237E+00 1.9145E+00 2.1542E+00 2.3054E+00 2.3450E+00 2.2693E+00 2.1381E+00 2.0131E+00 1.8591E+00 1.7478E+00 1.8412E+00 1.9190E+00 1.9784E+00 2.0142E+00 2.0245E+00 2.0510E+00 2.1553E+00 2.2420E+00 2.3094E+00 2.3562E+00 2.3809E+00 2.3835E+00 2.3648E+00 2.3259E+00 2.2694E+00 2.1959E+00 2.1592E+00 2.1796E+00 2.1843E+00 2.1738E+00 2.1504E+00 2.1124E+00 2.0645E+00 2.1223E+00 2.2036E+00 2.2652E+00 2.3062E+00 2.3268E+00 2.3270E+00 2.3079E+00 2.2705E+00 2.2164E+00 2.1491E+00 2.0698E+00 1.9783E+00
1.5324E+00 1.6331E+00 1.7142E+00 1.7720E+00 1.8015E+00 1.7998E+00 1.7627E+00 1.6905E+00 1.5849E+00 1.4510E+00 1.4076E+00 1.4188E+00 1.5192E+00 1.7960E+00 2.0788E+00 2.2853E+00 2.3819E+00 2.3551E+00 2.2421E+00 2.1258E+00 1.9737E+00 1.8011E+00 1.9054E+00 1.9943E+00 2.0629E+00 2.1073E+00 2.1238E+00 2.1183E+00 2.2281E+00 2.3203E+00 2.3929E+00 2.4433E+00 2.4706E+00 2.4750E+00 2.4563E+00 2.4167E+00 2.3581E+00 2.2829E+00 2.2365E+00 2.2557E+00 2.2606E+00 2.2494E+00 2.2255E+00 2.1860E+00 2.1405E+00 2.2458E+00 2.3314E+00 2.3961E+00 2.4386E+00 2.4592E+00 2.4577E+00 2.4356E+00 2.3946E+00 2.3360E+00 2.2621E+00 2.1752E+00 2.0782E+00
1.6096E+00 1.5988E+00 1.7004E+00 1.7827E+00 1.8411E+00 1.8685E+00 1.8611E+00 1.8157E+00 1.7327E+00 1.6157E+00 1.4682E+00 1.4386E+00 1.4369E+00 1.6721E+00 1.9661E+00 2.2271E+00 2.3848E+00 2.4142E+00 2.3441E+00 2.2382E+00 2.0900E+00 1.9145E+00 1.9621E+00 2.0623E+00 2.1417E+00 2.1953E+00 2.2195E+00 2.2107E+00 2.2936E+00 2.3911E+00 2.4674E+00 2.5214E+00 2.5523E+00 2.5581E+00 2.5408E+00 2.5009E+00 2.4410E+00 2.3634E+00 2.3044E+00 2.3256E+00 2.3290E+00 2.3172E+00 2.2895E+00 2.2479E+00 2.2568E+00 2.3669E+00 2.4559E+00 2.5217E+00 2.5644E+00 2.5835E+00 2.5798E+00 2.5543E+00 2.5084E+00 2.4443E+00 2.3647E+00 2.2716E+00 2.1673E+00
1.6871E+00 1.6616E+00 1.6622E+00 1.7678E+00 1.8525E+00 1.9103E+00 1.9355E+00 1.9222E+00 1.8690E+00 1.7737E+00 1.6415E+00 1.4783E+00 1.4639E+00 1.5656E+00 1.8446E+00 2.1291E+00 2.3488E+00 2.4419E+00 2.4417E+00 2.3559E+00 2.2078E+00 2.0293E+00 2.0095E+00 2.1215E+00 2.2120E+00 2.2760E+00 2.3086E+00 2.3075E+00 2.3493E+00 2.4518E+00 2.5328E+00 2.5903E+00 2.6234E+00 2.6314E+00 2.6148E+00 2.5753E+00 2.5149E+00 2.4363E+00 2.3677E+00 2.3870E+00 2.3903E+00 2.3755E+00 2.3443E+00 2.3004E+00 2.3691E+00 2.4830E+00 2.5737E+00 2.6402E+00 2.6810E+00 2.6977E+00 2.6902E+00 2.6604E+00 2.6094E+00 2.5401E+00 2.4534E+00 2.3533E+00 2.2430E+00
1.6952E+00 1.7336E+00 1.7117E+00 1.7259E+00 1.8356E+00 1.9230E+00 1.9818E+00 2.0040E+00 1.9835E+00 1.9191E+00 1.8095E+00 1.6602E+00 1.4806E+00 1.5029E+00 1.7366E+00 2.0339E+00 2.2950E+00 2.4720E+00 2.5341E+00 2.4772E+00 2.3333E+00 2.1454E+00 2.0451E+00 2.1701E+00 2.2731E+00 2.3510E+00 2.3932E+00 2.3980E+00 2.4081E+00 2.5032E+00 2.5890E+00 2.6506E+00 2.6867E+00 2.6968E+00 2.6817E+00 2.6429E+00 2.5818E+00 2.5026E+00 2.4220E+00 2.4433E+00 2.4429E+00 2.4256E+00 2.3929E+00 2.3437E+00 2.4747E+00 2.5902E+00 2.6819E+00 2.7479E+00 2.7873E+00 2.8006E+00 2.7888E+00 2.7520E+00 2.6947E+00 2.6187E+00 2.5261E+00 2.4200E+00 2.3022E+00
1.6306E+00 1.7314E+00 1.7793E+00 1.7638E+00 1.7902E+00 1.9056E+00 1.9964E+00 2.0542E+00 2.0742E+00 2.0460E+00 1.9678E+00 1.8421E+00 1.6750E+00 1.5088E+00 1.6029E+00 1.9312E+00 2.2416E+00 2.4892E+00 2.6152E+00 2.6016E+00 2.4697E+00 2.2697E+00 2.0710E+00 2.2081E+00 2.3279E+00 2.4168E+00 2.4708E+00 2.4850E+00 2.5710E+00 2.6409E+00 2.6928E+00 2.7254E+00 2.7412E+00 2.7541E+00 2.7417E+00 2.7044E+00 2.6447E+00 2.5632E+00 2.4753E+00 2.4913E+00 2.4886E+00 2.4683E+00 2.4324E+00 2.4348E+00 2.5747E+00 2.6907E+00 2.7801E+00 2.8430E+00 2.8792E+00 2.8880E+00 2.8703E+00 2.8285E+00 2.7635E+00 2.6801E+00 2.5799E+00 2.4664E+00 2.3430E+00
1.4997E+00 1.6518E+00 1.7667E+00 1.8255E+00 1.8165E+00 1.8588E+00 1.9783E+00 2.0733E+00 2.1322E+00 2.1457E+00 2.1073E+00 2.0146E+00 1.8698E+00 1.6819E+00 1.5757E+00 1.7992E+00 2.1527E+00 2.4679E+00 2.6728E+00 2.7239E+00 2.6178E+00 2.4107E+00 2.1886E+00 2.2400E+00 2.3727E+00 2.4763E+00 2.5435E+00 2.6433E+00 2.7384E+00 2.8151E+00 2.8725E+00 2.9063E+00 2.9209E+00 2.9077E+00 2.8718E+00 2.8141E+00 2.7359E+00 2.6373E+00 2.5237E+00 2.5371E+00 2.5311E+00 2.5076E+00 2.4682E+00 2.5385E+00 2.6745E+00 2.7837E+00 2.8696E+00 2.9282E+00 2.9580E+00 2.9596E+00 2.9357E+00 2.8857E+00 2.8142E+00 2.7235E+00 2.6152E+00 2.4946E+00 2.3641E+00
1.3183E+00 1.5053E+00 1.6722E+00 1.8001E+00 1.8704E+00 1.8678E+00 1.9279E+00 2.0554E+00 2.1541E+00 2.2127E+00 2.2199E+00 2.1707E+00 2.0617E+00 1.8948E+00 1.6852E+00 1.6591E+00 2.0214E+00 2.4010E+00 2.6945E+00 2.8331E+00 2.7806E+00 2.5736E+00 2.3204E+00 2.2609E+00 2.4086E+00 2.5486E+00 2.6827E+00 2.8025E+00 2.9056E+00 2.9921E+00 3.0519E+00 3.0872E+00 3.0966E+00 3.0796E+00 3.0374E+00 2.9706E+00 2.8819E+00 2.7740E+00 2.6476E+00 2.5834E+00 2.5732E+00 2.5455E+00 2.5027E+00 2.6407E+00 2.7742E+00 2.8796E+00 2.9581E+00 3.0056E+00 3.0274E+00 3.0193E+00 2.9830E+00 2.9239E+00 2.8450E+00 2.7462E+00 2.6309E+00 2.5027E+00 2.3658E+00
1.3060E+00 1.3159E+00 1.5071E+00 1.6876E+00 1.8290E+00 1.9123E+00 1.9188E+00 2.0019E+00 2.1369E+00 2.2396E+00 2.2973E+00 2.3001E+00 2.2351E+00 2.1017E+00 1.9108E+00 1.6770E+00 1.8532E+00 2.2766E+00 2.6612E+00 2.9040E+00 2.9302E+00 2.7453E+00 2.4646E+00 2.3600E+00 2.5236E+00 2.6802E+00 2.8255E+00 2.9618E+00 3.0739E+00 3.1631E+00 3.2270E+00 3.2628E+00 3.2701E+00 3.2481E+00 3.1980E+00 3.1222E+00 3.0236E+00 2.9052E+00 2.7705E+00 2.6319E+00 2.6168E+00 2.6145E+00 2.5994E+00 2.7402E+00 2.8672E+00 2.9659E+00 3.0351E+00 3.0730E+00 3.0790E+00 3.0629E+00 3.0179E+00 2.9493E+00 2.8596E+00 2.7480E+00 2.6267E+00 2.4919E+00 2.3478E+00
1.3949E+00 1.4131E+00 1.4168E+00 1.5012E+00 1.6961E+00 1.8551E+00 1.9519E+00 1.9678E+00 2.0808E+00 2.2250E+00 2.3343E+00 2.3909E+00 2.3817E+00 2.2979E+00 2.1405E+00 1.9190E+00 1.7249E+00 2.1053E+00 2.5613E+00 2.9186E+00 3.0589E+00 2.9360E+00 2.6447E+00 2.4589E+00 2.6367E+00 2.8071E+00 2.9720E+00 3.1136E+00 3.2340E+00 3.3289E+00 3.3955E+00 3.4314E+00 3.4362E+00 3.4101E+00 3.3547E+00 3.2714E+00 3.1636E+00 3.0346E+00 2.8883E+00 2.7286E+00 2.7327E+00 2.7351E+00 2.7171E+00 2.8421E+00 2.9607E+00 3.0484E+00 3.1050E+00 3.1310E+00 3.1261E+00 3.0907E+00 3.0345E+00 2.9536E+00 2.8540E+00 2.7363E+00 2.6049E+00 2.4604E+00 2.3133E+00
1.4720E+00 1.5007E+00 1.5141E+00 1.5114E+00 1.4924E+00 1.6992E+00 1.8750E+00 1.9921E+00 2.0254E+00 2.1689E+00 2.3223E+00 2.4372E+00 2.4914E+00 2.4704E+00 2.3613E+00 2.1685E+00 1.9105E+00 1.8984E+00 2.3882E+00 2.8602E+00 3.1470E+00 3.1313E+00 2.8561E+00 2.5504E+00 2.7417E+00 2.9319E+00 3.1024E+00 3.2542E+00 3.3832E+00 3.4848E+00 3.5563E+00 3.5952E+00 3.6005E+00 3.5721E+00 3.5113E+00 3.4205E+00 3.3034E+00 3.1638E+00 3.0056E+00 2.8327E+00 2.8545E+00 2.8550E+00 2.8336E+00 2.9470E+00 3.0547E+00 3.1297E+00 3.1717E+00 3.1816E+00 3.1617E+00 3.1132E+00 3.0376E+00 2.9440E+00 2.8308E+00 2.7039E+00 2.5647E+00 2.4162E+00 2.2584E+00
1.5342E+00 1.5742E+00 1.5982E+00 1.6076E+00 1.6004E+00 1.5783E+00 1.6983E+00 1.8990E+00 2.0392E+00 2.0892E+00 2.2632E+00 2.4319E+00 2.5532E+00 2.6010E+00 2.5563E+00 2.4121E+00 2.1785E+00 1.8817E+00 2.1702E+00 2.7157E+00 3.1624E+00 3.3034E+00 3.0978E+00 2.6932E+00 2.8384E+00 3.0356E+00 3.2198E+00 3.3850E+00 3.5259E+00 3.6377E+00 3.7160E+00 3.7584E+00 3.7644E+00 3.7336E+00 3.6677E+00 3.5680E+00 3.4400E+00 3.2880E+00 3.1162E+00 2.9536E+00 2.9760E+00 2.9744E+00 2.9485E+00 3.0568E+00 3.1508E+00 3.2101E+00 3.2352E+00 3.2278E+00 3.1900E+00 3.1233E+00 3.0344E+00 2.9220E+00 2.7967E+00 2.6558E+00 2.5083E+00 2.3534E+00 2.1949E+00
1.5801E+00 1.6305E+00 1.6668E+00 1.6882E+00 1.6964E+00 1.6877E+00 1.6631E+00 1.6990E+00 1.9239E+00 2.0889E+00 2.1617E+00 2.3727E+00 2.5539E+00 2.6749E+00 2.7088E+00 2.6341E+00 2.4495E+00 2.1750E+00 1.9223E+00 2.4997E+00 3.0737E+00 3.4099E+00 3.3424E+00 2.9440E+00 2.9173E+00 3.1310E+00 3.3304E+00 3.5097E+00 3.6632E+00 3.7853E+00 3.8714E+00 3.9171E+00 3.9228E+00 3.8887E+00 3.8159E+00 3.7085E+00 3.5701E+00 3.4069E+00 3.2232E+00 3.0734E+00 3.0957E+00 3.0915E+00 3.0612E+00 3.1739E+00 3.2506E+00 3.2912E+00 3.2968E+00 3.2696E+00 3.2123E+00 3.1285E+00 3.0203E+00 2.8944E+00 2.7512E+00 2.6003E+00 2.4398E+00 2.2777E+00 2.1138E+00
1.6071E+00 1.6667E+00 1.7150E+00 1.7520E+00 1.7742E+00 1.7824E+00 1.7757E+00 1.7524E+00 1.7115E+00 1.9517E+00 2.1490E+00 2.2593E+00 2.4901E+00 2.6813E+00 2.8012E+00 2.8163E+00 2.7085E+00 2.4751E+00 2.1470E+00 2.2261E+00 2.8763E+00 3.4035E+00 3.5416E+00 3.2370E+00 2.9845E+00 3.2139E+00 3.4295E+00 3.6231E+00 3.7892E+00 3.9218E+00 4.0151E+00 4.0663E+00 4.0735E+00 4.0379E+00 3.9609E+00 3.8460E+00 3.6979E+00 3.5224E+00 3.3256E+00 3.1903E+00 3.2121E+00 3.2051E+00 3.2038E+00 3.2999E+00 3.3565E+00 3.3750E+00 3.3580E+00 3.3087E+00 3.2301E+00 3.1261E+00 2.9990E+00 2.8566E+00 2.6976E+00 2.5341E+00 2.3651E+00 2.1933E+00 2.0238E+00
1.6130E+00 1.6823E+00 1.7415E+00 1.7928E+00 1.8313E+00 1.8581E+00 1.8706E+00 1.8681E+00 1.8479E+00 1.8082E+00 1.9870E+00 2.2242E+00 2.3648E+00 2.6148E+00 2.8189E+00 2.9357E+00 2.9216E+00 2.7601E+00 2.4689E+00 2.0959E+00 2.5883E+00 3.2608E+00 3.6577E+00 3.5442E+00 3.0355E+00 3.2807E+00 3.5123E+00 3.7227E+00 3.9038E+00 4.0499E+00 4.1549E+00 4.2140E+00 4.2254E+00 4.1888E+00 4.1069E+00 3.9837E+00 3.8248E+00 3.6364E+00 3.4260E+00 3.3030E+00 3.3235E+00 3.3135E+00 3.3536E+00 3.4322E+00 3.4676E+00 3.4625E+00 3.4208E+00 3.3468E+00 3.2447E+00 3.1191E+00 2.9742E+00 2.8128E+00 2.6376E+00 2.4619E+00 2.2838E+00 2.1035E+00 1.9288E+00
1.5980E+00 1.6753E+00 1.7467E+00 1.8096E+00 1.8646E+00 1.9094E+00 1.9431E+00 1.9632E+00 1.9671E+00 1.9522E+00 1.9178E+00 2.0336E+00 2.3183E+00 2.4945E+00 2.7543E+00 2.9669E+00 3.0629E+00 3.0050E+00 2.7848E+00 2.4360E+00 2.2640E+00 3.0146E+00 3.6432E+00 3.8009E+00 3.3763E+00 3.3349E+00 3.5861E+00 3.8166E+00 4.0175E+00 4.1801E+00 4.2980E+00 4.3657E+00 4.3809E+00 4.3434E+00 4.2561E+00 4.1239E+00 3.9532E+00 3.7515E+00 3.5268E+00 3.4167E+00 3.4331E+00 3.4170E+00 3.5071E+00 3.5656E+00 3.5794E+00 3.5508E+00 3.4841E+00 3.3846E+00 3.2578E+00 3.1091E+00 2.9434E+00 2.7636E+00 2.5781E+00 2.3857E+00 2.1971E+00 2.0112E+00 1.8300E+00
1.5636E+00 1.6464E+00 1.7270E+00 1.8021E+00 1.8711E+00 1.9334E+00 1.9880E+00 2.0316E+00 2.0614E+00 2.0761E+00 2.0717E+00 2.0510E+00 2.0970E+00 2.4408E+00 2.6712E+00 2.8993E+00 3.1083E+00 3.1758E+00 3.0690E+00 2.7876E+00 2.3859E+00 2.6694E+00 3.4633E+00 3.9189E+00 3.7317E+00 3.3811E+00 3.6544E+00 3.9075E+00 4.1299E+00 4.3118E+00 4.4452E+00 4.5236E+00 4.5438E+00 4.5073E+00 4.4143E+00 4.2717E+00 4.0873E+00 3.8704E+00 3.6297E+00 3.5366E+00 3.5491E+00 3.5814E+00 3.6664E+00 3.7006E+00 3.6882E+00 3.6342E+00 3.5434E+00 3.4196E+00 3.2687E+00 3.0968E+00 2.9099E+00 2.7112E+00 2.5101E+00 2.3045E+00 2.1067E+00 1.9154E+00 1.9149E+00
1.5106E+00 1.5974E+00 1.6847E+00 1.7691E+00 1.8502E+00 1.9283E+00 2.0014E+00 2.0675E+00 2.1248E+00 2.1705E+00 2.2034E+00 2.2196E+00 2.2090E+00 2.1886E+00 2.6058E+00 2.8974E+00 3.0474E+00 3.2524E+00 3.2885E+00 3.1119E+00 2.7450E+00 2.4591E+00 3.1276E+00 3.8719E+00 4.0274E+00 3.4696E+00 3.7166E+00 3.9959E+00 4.2439E+00 4.4483E+00 4.5996E+00 4.6917E+00 4.7173E+00 4.6782E+00 4.5785E+00 4.4235E+00 4.2241E+00 3.9899E+00 3.7332E+00 3.6640E+00 3.6700E+00 3.7676E+00 3.8314E+00 3.8380E+00 3.7976E+00 3.7149E+00 3.5957E+00 3.4455E+00 3.2727E+00 3.0799E+00 2.8730E+00 2.6561E+00 2.4397E+00 2.2209E+00 2.0139E+00 1.9801E+00 2.0550E+00
1.4383E+00 1.5274E+00 1.6195E+00 1.7099E+00 1.8003E+00 1.8911E+00 1.9807E+00 2.0677E+00 2.1514E+00 2.2294E+00 2.3016E+00 2.3579E+00 2.3922E+00 2.3928E+00 2.3561E+00 2.8246E+00 3.1826E+00 3.2620E+00 3.4170E+00 3.3962E+00 3.1409E+00 2.8602E+00 2.7115E+00 3.6453E+00 4.1987E+00 3.9243E+00 3.7761E+00 4.0858E+00 4.3632E+00 4.6077E+00 4.7844E+00 4.8892E+00 4.9205E+00 4.8786E+00 4.7496E+00 4.5835E+00 4.3701E+00 4.1203E+00 3.8463E+00 3.8033E+00 3.8588E+00 3.9561E+00 3.9917E+00 3.9721E+00 3.9036E+00 3.7922E+00 3.6443E+00 3.4684E+00 3.2695E+00 3.0538E+00 2.8283E+00 2.5987E+00 2.3665E+00 2.1353E+00 2.0500E+00 2.1263E+00 2.1928E+00
1.3545E+00 1.4434E+00 1.5370E+00 1.6305E+00 1.7266E+00 1.8260E+00 1.9276E+00 2.0324E+00 2.1386E+00 2.2483E+00 2.3537E+00 2.4528E+00 2.5327E+00 2.5869E+00 2.5982E+00 2.5593E+00 3.0992E+00 3.5235E+00 3.5924E+00 3.5828E+00 3.5013E+00 3.1561E+00 2.9845E+00 3.2360E+00 4.1372E+00 4.2902E+00 3.8250E+00 4.1847E+00 4.5007E+00 4.7710E+00 4.9726E+00 5.0979E+00 5.1382E+00 5.0948E+00 4.9740E+00 4.7794E+00 4.5258E+00 4.2555E+00 3.9614E+00 3.9886E+00 4.0738E+00 4.1443E+00 4.1494E+00 4.0980E+00 3.9989E+00 3.8594E+00 3.6854E+00 3.4840E+00 3.2607E+00 3.0240E+00 2.7791E+00 2.5291E+00 2.2866E+00 2.1480E+00 2.2136E+00 2.2731E+00 2.3226E+00
1.3289E+00 1.3499E+00 1.4417E+00 1.5351E+00 1.6334E+00 1.7366E+00 1.8461E+00 1.9622E+00 2.0855E+00 2.2187E+00 2.3539E+00 2.4903E+00 2.6196E+00 2.7244E+00 2.7933E+00 2.8132E+00 2.7741E+00 3.4179E+00 3.8970E+00 3.9411E+00 3.7533E+00 3.5939E+00 3.3935E+00 3.1249E+00 3.8028E+00 4.4704E+00 4.0922E+00 4.2785E+00 4.6418E+00 4.9507E+00 5.1867E+00 5.3328E+00 5.3813E+00 5.3329E+00 5.1963E+00 4.9862E+00 4.7206E+00 4.4122E+00 4.1740E+00 4.1879E+00 4.2971E+00 4.3260E+00 4.2999E+00 4.2166E+00 4.0863E+00 3.9167E+00 3.7153E+00 3.4888E+00 3.2434E+00 2.9842E+00 2.7220E+00 2.4577E+00 2.3164E+00 2.3080E+00 2.3685E+00 2.4128E+00 2.4469E+00
1.3944E+00 1.4613E+00 1.5045E+00 1.5120E+00 1.5252E+00 1.6287E+00 1.7404E+00 1.8613E+00 1.9951E+00 2.1437E+00 2.2995E+00 2.4672E+00 2.6369E+00 2.7913E+00 2.9188E+00 3.0056E+00 3.0380E+00 3.0019E+00 3.7686E+00 4.3036E+00 4.3096E+00 3.9287E+00 3.6602E+00 3.6588E+00 3.3935E+00 4.4167E+00 4.5769E+00 4.3725E+00 4.7858E+00 5.1422E+00 5.4164E+00 5.5876E+00 5.6456E+00 5.5904E+00 5.4346E+00 5.1973E+00 4.9024E+00 4.5625E+00 4.4246E+00 4.4347E+00 4.5131E+00 4.5088E+00 4.4362E+00 4.3228E+00 4.1633E+00 3.9650E+00 3.7365E+00 3.4845E+00 3.2160E+00 2.9381E+00 2.6566E+00 2.4660E+00 2.4080E+00 2.4698E+00 2.5145E+00 2.5442E+00 2.5626E+00
