20231023_webinar_progetto_murano/refs/data_input_report_tx_finale/calpost_grid/rank(1)_cd_24hr_conc_cd.grd
DSAA
          81          81
     760.250     764.250
    5036.750    5040.750
  0.9446E-01  0.1001E+02
[rows 25 to 49 of 81, columns 0 to 56 of 81]
1.9694E-01 2.0730E-01 2.1756E-01 2.2804E-01 2.3848E-01 2.5019E-01 2.6256E-01 2.7755E-01 2.9478E-01 3.1524E-01 3.3998E-01 3.6932E-01 4.0327E-01 4.3858E-01 4.6957E-01 4.9076E-01 5.0195E-01 5.2222E-01 5.8379E-01 6.6490E-01 7.6542E-01 8.6525E-01 9.2017E-01 9.0894E-01 8.6838E-01 8.4052E-01 9.9775E-01 1.0627E+00 1.1949E+00 1.4091E+00 1.5125E+00 1.4702E+00 1.4841E+00 1.3996E+00 1.3041E+00 1.3044E+00 1.3383E+00 1.3569E+00 1.3720E+00 1.3802E+00 1.3717E+00 1.3356E+00 1.2692E+00 1.1771E+00 1.0687E+00 9.5505E-01 9.1596E-01 8.9301E-01 8.6334E-01 8.3645E-01 8.1659E-01 7.9894E-01 7.6928E-01 7.1870E-01 6.4894E-01 5.7055E-01 4.9099E-01
2.0256E-01 2.1377E-01 2.2491E-01 2.3617E-01 2.4790E-01 2.6001E-01 2.7341E-01 2.8787E-01 3.0436E-01 3.2344E-01 3.4655E-01 3.7433E-01 4.0805E-01 4.4638E-01 4.8493E-01 5.1669E-01 5.3640E-01 5.4646E-01 5.6015E-01 6.2436E-01 7.1335E-01 8.2607E-01 9.3400E-01 9.8087E-01 9.4994E-01 9.0784E-01 9.8106E-01 1.1179E+00 1.1838E+00 1.4160E+00 1.5837E+00 1.5671E+00 1.5936E+00 1.5061E+00 1.3940E+00 1.4000E+00 1.4312E+00 1.4498E+00 1.4665E+00 1.4745E+00 1.4577E+00 1.4075E+00 1.3237E+00 1.2141E+00 1.0901E+00 9.6429E-01 9.6082E-01 9.4512E-01 9.1971E-01 8.9317E-01 8.6865E-01 8.3948E-01 7.9083E-01 7.1880E-01 6.3364E-01 5.4517E-01 4.5847E-01
2.0620E-01 2.1819E-01 2.3006E-01 2.4225E-01 2.5484E-01 2.6813E-01 2.8218E-01 2.9716E-01 3.1350E-01 3.3163E-01 3.5342E-01 3.7904E-01 4.1101E-01 4.4915E-01 4.9220E-01 5.3353E-01 5.6535E-01 5.8335E-01 5.9294E-01 6.0186E-01 6.6288E-01 7.6217E-01 8.9038E-01 1.0064E+00 1.0392E+00 9.8278E-01 1.0472E+00 1.1491E+00 1.1828E+00 1.4024E+00 1.6331E+00 1.6741E+00 1.7171E+00 1.6257E+00 1.4938E+00 1.4985E+00 1.5261E+00 1.5453E+00 1.5660E+00 1.5716E+00 1.5426E+00 1.4744E+00 1.3702E+00 1.2424E+00 1.1039E+00 1.0096E+00 1.0167E+00 9.9997E-01 9.6988E-01 9.3866E-01 9.0895E-01 8.6489E-01 7.9486E-01 7.0422E-01 6.0641E-01 5.1050E-01 4.5126E-01
2.0761E-01 2.2020E-01 2.3272E-01 2.4553E-01 2.5886E-01 2.7294E-01 2.8781E-01 3.0386E-01 3.2069E-01 3.3916E-01 3.5989E-01 3.8409E-01 4.1335E-01 4.4972E-01 4.9281E-01 5.4068E-01 5.8518E-01 6.1628E-01 6.3248E-01 6.4347E-01 6.5734E-01 6.9986E-01 8.1131E-01 9.5893E-01 1.0801E+00 1.0893E+00 1.1218E+00 1.1986E+00 1.2760E+00 1.3640E+00 1.6425E+00 1.7943E+00 1.8621E+00 1.7669E+00 1.6046E+00 1.5896E+00 1.6113E+00 1.6359E+00 1.6628E+00 1.6636E+00 1.6191E+00 1.5294E+00 1.4047E+00 1.2592E+00 1.1084E+00 1.0660E+00 1.0700E+00 1.0427E+00 1.0078E+00 9.7726E-01 9.3881E-01 8.7360E-01 7.8098E-01 6.7522E-01 5.6931E-01 5.0834E-01 4.6022E-01
2.0647E-01 2.1948E-01 2.3248E-01 2.4564E-01 2.5955E-01 2.7415E-01 2.8968E-01 3.0647E-01 3.2430E-01 3.4349E-01 3.6481E-01 3.8807E-01 4.1561E-01 4.4901E-01 4.8999E-01 5.3935E-01 5.9268E-01 6.3922E-01 6.6855E-01 6.8481E-01 7.0119E-01 7.2435E-01 7.5462E-01 8.5794E-01 1.0276E+00 1.1521E+00 1.1840E+00 1.3135E+00 1.3377E+00 1.3336E+00 1.5907E+00 1.9205E+00 2.0312E+00 1.9324E+00 1.7317E+00 1.6559E+00 1.6701E+00 1.7021E+00 1.7396E+00 1.7348E+00 1.6709E+00 1.5583E+00 1.4167E+00 1.2600E+00 1.1006E+00 1.1128E+00 1.1026E+00 1.0698E+00 1.0414E+00 1.0128E+00 9.5619E-01 8.6373E-01 7.5076E-01 6.3410E-01 5.7228E-01 5.1797E-01 4.8551E-01
2.0255E-01 2.1599E-01 2.2943E-01 2.4287E-01 2.5690E-01 2.7186E-01 2.8778E-01 3.0500E-01 3.2341E-01 3.4366E-01 3.6591E-01 3.8965E-01 4.1662E-01 4.4804E-01 4.8546E-01 5.3202E-01 5.8785E-01 6.4653E-01 6.9408E-01 7.2300E-01 7.4417E-01 7.6938E-01 8.0116E-01 8.4216E-01 9.0219E-01 1.0956E+00 1.2199E+00 1.3896E+00 1.4590E+00 1.4790E+00 1.6232E+00 2.0406E+00 2.2239E+00 2.1272E+00 1.8764E+00 1.6741E+00 1.6792E+00 1.7171E+00 1.7680E+00 1.7589E+00 1.6757E+00 1.5474E+00 1.3970E+00 1.2364E+00 1.1031E+00 1.1290E+00 1.1189E+00 1.0989E+00 1.0806E+00 1.0394E+00 9.5393E-01 8.3562E-01 7.0819E-01 6.4174E-01 5.8437E-01 5.3571E-01 5.1654E-01
1.9565E-01 2.0954E-01 2.2322E-01 2.3690E-01 2.5124E-01 2.6614E-01 2.8200E-01 2.9920E-01 3.1784E-01 3.3840E-01 3.6134E-01 3.8607E-01 4.1344E-01 4.4385E-01 4.7925E-01 5.2156E-01 5.7471E-01 6.3754E-01 7.0100E-01 7.5017E-01 7.8357E-01 8.1002E-01 8.4274E-01 8.8553E-01 9.3551E-01 9.9916E-01 1.1825E+00 1.4893E+00 1.6814E+00 1.6721E+00 1.6711E+00 2.1501E+00 2.4368E+00 2.3483E+00 2.0339E+00 1.6881E+00 1.6208E+00 1.6538E+00 1.7061E+00 1.6994E+00 1.6094E+00 1.4800E+00 1.3341E+00 1.1792E+00 1.1322E+00 1.1470E+00 1.1430E+00 1.1397E+00 1.1154E+00 1.0444E+00 9.2897E-01 7.9457E-01 7.0813E-01 6.5481E-01 5.9296E-01 5.7137E-01 5.4471E-01
1.8600E-01 2.0016E-01 2.1403E-01 2.2814E-01 2.4259E-01 2.5757E-01 2.7329E-01 2.9010E-01 3.0865E-01 3.2906E-01 3.5148E-01 3.7668E-01 4.0440E-01 4.3481E-01 4.6869E-01 5.0880E-01 5.5725E-01 6.1700E-01 6.8742E-01 7.5707E-01 8.0980E-01 8.4426E-01 8.7525E-01 9.1297E-01 9.5273E-01 9.8630E-01 1.0636E+00 1.3725E+00 1.8513E+00 1.9639E+00 1.8658E+00 2.2116E+00 2.6180E+00 2.5502E+00 2.1692E+00 1.7314E+00 1.5149E+00 1.5169E+00 1.5341E+00 1.5244E+00 1.4513E+00 1.3425E+00 1.2171E+00 1.1273E+00 1.1924E+00 1.2428E+00 1.2151E+00 1.1776E+00 1.1295E+00 1.0253E+00 8.8875E-01 8.1303E-01 7.2079E-01 6.6326E-01 6.2993E-01 6.0443E-01 5.6939E-01
1.7377E-01 1.8796E-01 2.0215E-01 2.1635E-01 2.3130E-01 2.4636E-01 2.6208E-01 2.7883E-01 2.9676E-01 3.1624E-01 3.3764E-01 3.6196E-01 3.8891E-01 4.1895E-01 4.5245E-01 4.9016E-01 5.3490E-01 5.8979E-01 6.5765E-01 7.3643E-01 8.0912E-01 8.6014E-01 8.9359E-01 9.1939E-01 9.2802E-01 9.2830E-01 9.6792E-01 1.2470E+00 1.7112E+00 2.2849E+00 2.1374E+00 2.1968E+00 2.6997E+00 2.6793E+00 2.2177E+00 1.6909E+00 1.3838E+00 1.3461E+00 1.2975E+00 1.2825E+00 1.2168E+00 1.1629E+00 1.1166E+00 1.1568E+00 1.2764E+00 1.3661E+00 1.3451E+00 1.2313E+00 1.1158E+00 9.9593E-01 9.5190E-01 8.7298E-01 7.6406E-01 6.9372E-01 6.6657E-01 6.3207E-01 5.8949E-01
1.5959E-01 1.7349E-01 1.8761E-01 2.0214E-01 2.1706E-01 2.3264E-01 2.4876E-01 2.6529E-01 2.8283E-01 3.0146E-01 3.2177E-01 3.4424E-01 3.6920E-01 3.9724E-01 4.2919E-01 4.6521E-01 5.0605E-01 5.5498E-01 6.1526E-01 6.9091E-01 7.7432E-01 8.4468E-01 8.8605E-01 9.0007E-01 8.7373E-01 8.5091E-01 8.8406E-01 1.0121E+00 1.4652E+00 2.1461E+00 2.6775E+00 2.3123E+00 2.7204E+00 2.7684E+00 2.1960E+00 1.5606E+00 1.2255E+00 1.1428E+00 1.1767E+00 1.1994E+00 1.1483E+00 1.0849E+00 1.0797E+00 1.1803E+00 1.3636E+00 1.4967E+00 1.4799E+00 1.3384E+00 1.1623E+00 1.0668E+00 1.0185E+00 9.2922E-01 8.0739E-01 7.3343E-01 6.9825E-01 6.5360E-01 6.0393E-01
1.4380E-01 1.5718E-01 1.7099E-01 1.8532E-01 2.0025E-01 2.1605E-01 2.3256E-01 2.4980E-01 2.6767E-01 2.8589E-01 3.0525E-01 3.2597E-01 3.4832E-01 3.7345E-01 4.0198E-01 4.3436E-01 4.7159E-01 5.1388E-01 5.6572E-01 6.3073E-01 7.0981E-01 7.9023E-01 8.4562E-01 8.5134E-01 8.1405E-01 7.9590E-01 8.1591E-01 8.8314E-01 1.1609E+00 1.6635E+00 2.6374E+00 2.5994E+00 2.6107E+00 2.7276E+00 2.0572E+00 1.3527E+00 1.0416E+00 9.7021E-01 1.0048E+00 1.0395E+00 1.0009E+00 9.5078E-01 9.8124E-01 1.1361E+00 1.3692E+00 1.5597E+00 1.5585E+00 1.3971E+00 1.2014E+00 1.1240E+00 1.0735E+00 9.7777E-01 8.4661E-01 7.6658E-01 7.2366E-01 6.6810E-01 6.1391E-01
1.2769E-01 1.3958E-01 1.5266E-01 1.6644E-01 1.8109E-01 1.9697E-01 2.1367E-01 2.3134E-01 2.4979E-01 2.6909E-01 2.8881E-01 3.0906E-01 3.2943E-01 3.5166E-01 3.7581E-01 4.0272E-01 4.3445E-01 4.7042E-01 5.1314E-01 5.6573E-01 6.3022E-01 7.0568E-01 7.6846E-01 7.7966E-01 7.5636E-01 7.5149E-01 7.6191E-01 8.3230E-01 1.0554E+00 1.2990E+00 1.6373E+00 2.5795E+00 2.5253E+00 2.4020E+00 1.7435E+00 1.1276E+00 9.2615E-01 9.0628E-01 8.9128E-01 9.3678E-01 9.1788E-01 8.5464E-01 8.8767E-01 1.0479E+00 1.2813E+00 1.4980E+00 1.5163E+00 1.3628E+00 1.1897E+00 1.1551E+00 1.1069E+00 1.0130E+00 8.7709E-01 7.9207E-01 7.4076E-01 6.7798E-01 6.2200E-01
1.3471E-01 1.4282E-01 1.5103E-01 1.5963E-01 1.6832E-01 1.7760E-01 1.9174E-01 2.0961E-01 2.2876E-01 2.4890E-01 2.6990E-01 2.9131E-01 3.1283E-01 3.3469E-01 3.5691E-01 3.7940E-01 4.0339E-01 4.3021E-01 4.6314E-01 5.0434E-01 5.5335E-01 6.1244E-01 6.7086E-01 6.9478E-01 6.9230E-01 6.9035E-01 7.1592E-01 8.2349E-01 9.7887E-01 1.3190E+00 1.7101E+00 1.7937E+00 2.3172E+00 1.8268E+00 1.4353E+00 1.2250E+00 9.2218E-01 8.3130E-01 8.8848E-01 8.6948E-01 8.8390E-01 8.1076E-01 8.1620E-01 9.7737E-01 1.2145E+00 1.4607E+00 1.5018E+00 1.3499E+00 1.1913E+00 1.1553E+00 1.1133E+00 1.0272E+00 8.9350E-01 8.1059E-01 7.5040E-01 6.8609E-01 6.3261E-01
1.3939E-01 1.4736E-01 1.5559E-01 1.6423E-01 1.7357E-01 1.8343E-01 1.9415E-01 2.0549E-01 2.1818E-01 2.3189E-01 2.4675E-01 2.6964E-01 2.9399E-01 3.1857E-01 3.4244E-01 3.6550E-01 3.8658E-01 4.0628E-01 4.2725E-01 4.5398E-01 4.8862E-01 5.3124E-01 5.7676E-01 6.1023E-01 6.2744E-01 6.2599E-01 7.0631E-01 8.4975E-01 1.0420E+00 1.3159E+00 1.7149E+00 1.8577E+00 2.9002E+00 1.8063E+00 1.1395E+00 1.4205E+00 1.1118E+00 9.1170E-01 9.3409E-01 8.7529E-01 9.0510E-01 7.6160E-01 7.5188E-01 8.8979E-01 1.1648E+00 1.4806E+00 1.5666E+00 1.3971E+00 1.2210E+00 1.1240E+00 1.0860E+00 1.0161E+00 8.9226E-01 8.2479E-01 7.5803E-01 6.9431E-01 6.4429E-01
1.4208E-01 1.4981E-01 1.5769E-01 1.6614E-01 1.7508E-01 1.8472E-01 1.9503E-01 2.0683E-01 2.1947E-01 2.3302E-01 2.4709E-01 2.6256E-01 2.7925E-01 2.9735E-01 3.2500E-01 3.5334E-01 3.8843E-01 4.1277E-01 4.1736E-01 4.3246E-01 4.5053E-01 4.7511E-01 5.0653E-01 5.4319E-01 5.7722E-01 5.8443E-01 6.8820E-01 8.4096E-01 1.0471E+00 1.3261E+00 1.6481E+00 1.7702E+00 2.2488E+00 2.2721E+00 2.1290E+00 1.2909E+00 9.8935E-01 9.5943E-01 9.7030E-01 1.0009E+00 7.8172E-01 7.5468E-01 7.9947E-01 8.9228E-01 1.1161E+00 1.5244E+00 1.6608E+00 1.4523E+00 1.2457E+00 1.0790E+00 1.0422E+00 9.8603E-01 8.9124E-01 8.3879E-01 7.6938E-01 7.0482E-01 6.5515E-01
1.4317E-01 1.5081E-01 1.5840E-01 1.6632E-01 1.7485E-01 1.8390E-01 1.9382E-01 2.0465E-01 2.1650E-01 2.2941E-01 2.4309E-01 2.5749E-01 2.7292E-01 2.8948E-01 3.0723E-01 3.2770E-01 3.6245E-01 3.9961E-01 4.5149E-01 4.7297E-01 4.5442E-01 4.5882E-01 4.7255E-01 5.0317E-01 5.4237E-01 5.7019E-01 6.4300E-01 7.7814E-01 9.4498E-01 1.1240E+00 1.2732E+00 1.4747E+00 1.6423E+00 2.2964E+00 1.4182E+00 1.3506E+00 1.0178E+00 1.3179E+00 1.1940E+00 1.1567E+00 9.0873E-01 8.4634E-01 8.6034E-01 1.0397E+00 1.1982E+00 1.5620E+00 1.7524E+00 1.4869E+00 1.2350E+00 1.0559E+00 1.0098E+00 9.5084E-01 9.1365E-01 8.4853E-01 7.7060E-01 7.0357E-01 6.5367E-01
1.4414E-01 1.5159E-01 1.5919E-01 1.6704E-01 1.7523E-01 1.8385E-01 1.9296E-01 2.0285E-01 2.1348E-01 2.2481E-01 2.3742E-01 2.5088E-01 2.6539E-01 2.8067E-01 2.9740E-01 3.1469E-01 3.3477E-01 3.6336E-01 4.0786E-01 4.5411E-01 5.1918E-01 5.2438E-01 4.9478E-01 5.4836E-01 5.2072E-01 5.6339E-01 5.9558E-01 6.5369E-01 7.5877E-01 8.5977E-01 1.0537E+00 1.3294E+00 1.5432E+00 1.3725E+00 3.0268E+00 1.2203E+00 1.0719E+00 1.3016E+00 1.9319E+00 1.4723E+00 1.3056E+00 8.8371E-01 9.2591E-01 1.2074E+00 1.5657E+00 1.5496E+00 1.7726E+00 1.4419E+00 1.1686E+00 1.0755E+00 9.9885E-01 9.7242E-01 9.1596E-01 8.2931E-01 7.4958E-01 6.8871E-01 6.4355E-01
1.4523E-01 1.5261E-01 1.6027E-01 1.6792E-01 1.7605E-01 1.8462E-01 1.9360E-01 2.0308E-01 2.1303E-01 2.2358E-01 2.3501E-01 2.4720E-01 2.6014E-01 2.7300E-01 2.8670E-01 3.0204E-01 3.1949E-01 3.3749E-01 3.5548E-01 4.0254E-01 4.6101E-01 5.1556E-01 5.6476E-01 5.6633E-01 6.9905E-01 6.6517E-01 6.4272E-01 7.8227E-01 7.3651E-01 8.8232E-01 9.3731E-01 1.1277E+00 1.2967E+00 1.2837E+00 1.2227E+00 1.0858E+00 1.2733E+00 9.3118E-01 1.5927E+00 3.3764E+00 2.6482E+00 1.3586E+00 7.0941E-01 1.1989E+00 2.1896E+00 2.1261E+00 1.6486E+00 1.3050E+00 1.1617E+00 1.1052E+00 1.0103E+00 9.9064E-01 8.8207E-01 7.9009E-01 7.2094E-01 6.6757E-01 6.2764E-01
1.4603E-01 1.5315E-01 1.6049E-01 1.6812E-01 1.7618E-01 1.8462E-01 1.9338E-01 2.0286E-01 2.1305E-01 2.2422E-01 2.3629E-01 2.4892E-01 2.6222E-01 2.7570E-01 2.8886E-01 3.0206E-01 3.1535E-01 3.2983E-01 3.4275E-01 3.5381E-01 3.6290E-01 4.2835E-01 5.0439E-01 5.7422E-01 7.1397E-01 8.1871E-01 9.2769E-01 9.9298E-01 9.5459E-01 9.7837E-01 8.0237E-01 9.5386E-01 1.2648E+00 1.2930E+00 1.4275E+00 1.1120E+00 1.2619E+00 9.1862E-01 1.0311E+00 1.4314E+00 1.1875E+00 8.6558E-01 7.7718E-01 9.0147E-01 1.7303E+00 1.0007E+01 1.5034E+00 1.2036E+00 1.2127E+00 1.1350E+00 1.0390E+00 1.0002E+00 9.0992E-01 7.7222E-01 7.0737E-01 7.5167E-01 7.2285E-01
1.4552E-01 1.5214E-01 1.5894E-01 1.6592E-01 1.7332E-01 1.8098E-01 1.8910E-01 1.9790E-01 2.0769E-01 2.1857E-01 2.3113E-01 2.4489E-01 2.6001E-01 2.7620E-01 2.9197E-01 3.0831E-01 3.2557E-01 3.4324E-01 3.5966E-01 3.7307E-01 3.7871E-01 4.0855E-01 4.2619E-01 4.2726E-01 4.6981E-01 6.1657E-01 8.3927E-01 1.1185E+00 1.7868E+00 1.1538E+00 6.6733E-01 8.3355E-01 1.2334E+00 1.3796E+00 1.5542E+00 1.8481E+00 1.9892E+00 9.5438E-01 1.0452E+00 1.8064E+00 1.9507E+00 2.3160E+00 1.5250E+00 1.3988E+00 1.5842E+00 2.6091E+00 1.6066E+00 1.1426E+00 1.0870E+00 1.0474E+00 1.0258E+00 1.0146E+00 8.9208E-01 7.6842E-01 7.9486E-01 7.7202E-01 6.5996E-01
1.4296E-01 1.4886E-01 1.5465E-01 1.6063E-01 1.6675E-01 1.7308E-01 1.8331E-01 1.9385E-01 2.0472E-01 2.1582E-01 2.2713E-01 2.3844E-01 2.5093E-01 2.7015E-01 2.8869E-01 3.0561E-01 3.1995E-01 3.3160E-01 3.5406E-01 3.8044E-01 3.9786E-01 4.0387E-01 3.9864E-01 3.9510E-01 3.8462E-01 3.7127E-01 3.5236E-01 4.0934E-01 6.7390E-01 6.6837E-01 6.4464E-01 7.2035E-01 9.5391E-01 1.0541E+00 1.5291E+00 2.5237E+00 2.7413E+00 8.2725E-01 8.4350E-01 1.0736E+00 7.7671E-01 7.8365E-01 1.2901E+00 1.1884E+00 1.3284E+00 2.8846E+00 1.3694E+00 1.3835E+00 1.1277E+00 1.0731E+00 9.4386E-01 1.0434E+00 8.3784E-01 7.2704E-01 7.9471E-01 6.5933E-01 6.8112E-01
1.3976E-01 1.4497E-01 1.4996E-01 1.5499E-01 1.6256E-01 1.7138E-01 1.8049E-01 1.8967E-01 2.0173E-01 2.1919E-01 2.3680E-01 2.5333E-01 2.6808E-01 2.8098E-01 2.9265E-01 3.1298E-01 3.3366E-01 3.5480E-01 3.7545E-01 3.9356E-01 4.0099E-01 4.0578E-01 4.5672E-01 5.0072E-01 5.1597E-01 4.7730E-01 4.1673E-01 5.1955E-01 1.0063E+00 5.7694E-01 6.1165E-01 6.9354E-01 8.9176E-01 9.0574E-01 1.1713E+00 1.1972E+00 8.9140E-01 5.6003E-01 6.3685E-01 7.0136E-01 6.7262E-01 7.3110E-01 9.2951E-01 1.2784E+00 1.6052E+00 1.8860E+00 2.1775E+00 1.5538E+00 1.2933E+00 1.1490E+00 8.8792E-01 9.6803E-01 8.1007E-01 1.0030E+00 7.6871E-01 6.6485E-01 6.9248E-01
1.3760E-01 1.4254E-01 1.4713E-01 1.5318E-01 1.6257E-01 1.7551E-01 1.8986E-01 2.0464E-01 2.2001E-01 2.3516E-01 2.4956E-01 2.6216E-01 2.7558E-01 2.9297E-01 3.1211E-01 3.3159E-01 3.5227E-01 3.7235E-01 3.9233E-01 4.0867E-01 4.1522E-01 4.1766E-01 4.2429E-01 4.4072E-01 4.6183E-01 4.4883E-01 6.2871E-01 8.0463E-01 1.0033E+00 5.8089E-01 5.7094E-01 6.7286E-01 8.2206E-01 1.3695E+00 1.1465E+00 1.1929E+00 6.6194E-01 5.5387E-01 7.7701E-01 7.8928E-01 5.8086E-01 7.9043E-01 1.0979E+00 1.3347E+00 1.5702E+00 2.0216E+00 1.8553E+00 1.6335E+00 1.5010E+00 1.1740E+00 1.0299E+00 1.0184E+00 1.2100E+00 9.6208E-01 6.9611E-01 6.9681E-01 6.9150E-01
1.3715E-01 1.4208E-01 1.5218E-01 1.6427E-01 1.7629E-01 1.8854E-01 2.0065E-01 2.1276E-01 2.2486E-01 2.3650E-01 2.4789E-01 2.6274E-01 2.8045E-01 2.9845E-01 3.1240E-01 3.2140E-01 3.3352E-01 3.4736E-01 3.6131E-01 3.7616E-01 3.9214E-01 4.1143E-01 4.3069E-01 4.2874E-01 5.0343E-01 5.9192E-01 6.0224E-01 6.6929E-01 6.7578E-01 5.8355E-01 5.3352E-01 6.5853E-01 8.4073E-01 1.3479E+00 2.5844E+00 1.1345E+00 4.9347E-01 5.0988E-01 6.2393E-01 1.3951E+00 5.4813E-01 7.9700E-01 1.2658E+00 1.5961E+00 1.6197E+00 1.8625E+00 1.9334E+00 1.6516E+00 1.6955E+00 1.2129E+00 1.1476E+00 1.2571E+00 1.1454E+00 7.2795E-01 7.3119E-01 7.1439E-01 6.8153E-01
1.4207E-01 1.5309E-01 1.6377E-01 1.7399E-01 1.8372E-01 1.9291E-01 2.0165E-01 2.1010E-01 2.1962E-01 2.3953E-01 2.5812E-01 2.7457E-01 2.8755E-01 2.9632E-01 3.0068E-01 3.0307E-01 3.1768E-01 3.3506E-01 3.5512E-01 3.7630E-01 3.9062E-01 3.8993E-01 4.1664E-01 4.9289E-01 5.0130E-01 4.7858E-01 5.1958E-01 5.4657E-01 5.3470E-01 5.2532E-01 5.0993E-01 6.6018E-01 7.7213E-01 1.0614E+00 7.4812E-01 5.2351E-01 6.2372E-01 5.7640E-01 5.5955E-01 9.0279E-01 6.5507E-01 7.0428E-01 8.7658E-01 1.3701E+00 1.8148E+00 1.8254E+00 2.0018E+00 1.6415E+00 1.5621E+00 1.1930E+00 1.1209E+00 1.4158E+00 8.3449E-01 8.0545E-01 8.1936E-01 7.2839E-01 6.7097E-01
