20231023_webinar_progetto_murano/refs/data_input_report_tx_finale/calpost_grid/rank(60)_cd_1hr_conc_cd.grd
DSAA
          81          81
     760.250     764.250
    5036.750    5040.750
  0.1392E+00  0.9816E+01
[rows 0 to 24 of 81, columns 0 to 56 of 81]
4.8753E-01 5.0038E-01 5.2362E-01 5.6137E-01 5.8327E-01 5.9263E-01 5.8342E-01 6.0006E-01 6.1689E-01 6.2031E-01 6.1894E-01 6.3490E-01 6.6394E-01 6.7828E-01 6.9193E-01 6.7494E-01 6.7477E-01 6.9247E-01 7.0723E-01 7.0634E-01 7.3484E-01 7.6967E-01 7.5404E-01 7.5333E-01 7.6413E-01 7.7464E-01 8.2544E-01 8.3069E-01 8.2901E-01 8.0540E-01 8.1192E-01 8.2530E-01 8.1227E-01 8.3793E-01 8.4389E-01 8.3262E-01 8.0193E-01 7.9667E-01 7.6403E-01 7.7150E-01 7.7980E-01 7.7122E-01 7.6638E-01 7.3166E-01 7.2746E-01 7.1031E-01 7.0057E-01 6.8455E-01 6.7435E-01 6.4281E-01 6.2174E-01 5.9741E-01 5.6590E-01 5.4695E-01 5.4071E-01 5.2712E-01 5.2827E-01
4.6831E-01 5.1102E-01 5.2571E-01 5.5412E-01 5.8023E-01 5.9700E-01 6.1172E-01 6.1291E-01 6.3096E-01 6.4455E-01 6.2595E-01 6.4846E-01 6.7103E-01 6.8215E-01 7.0782E-01 7.0550E-01 6.9819E-01 7.0387E-01 7.1654E-01 7.2656E-01 7.6529E-01 7.7654E-01 7.9327E-01 7.7853E-01 7.9051E-01 7.9560E-01 8.4938E-01 8.7261E-01 8.6376E-01 8.5000E-01 8.5203E-01 8.4946E-01 8.5449E-01 8.7044E-01 8.8292E-01 8.5672E-01 8.3799E-01 8.3180E-01 8.0195E-01 8.0842E-01 8.1808E-01 8.0286E-01 7.8868E-01 7.6945E-01 7.6054E-01 7.3463E-01 7.1987E-01 7.0532E-01 6.9342E-01 6.6539E-01 6.3269E-01 5.9960E-01 5.8042E-01 5.6840E-01 5.5674E-01 5.5421E-01 5.5617E-01
4.6301E-01 4.8970E-01 5.2764E-01 5.4942E-01 5.8328E-01 6.1270E-01 6.2163E-01 6.3514E-01 6.3510E-01 6.4527E-01 6.6056E-01 6.5864E-01 6.6779E-01 6.9272E-01 7.2298E-01 7.4253E-01 7.2254E-01 7.1727E-01 7.3024E-01 7.4416E-01 7.7492E-01 7.8859E-01 8.1441E-01 8.0635E-01 8.2035E-01 8.2549E-01 8.7847E-01 9.0724E-01 8.9484E-01 8.9577E-01 8.7603E-01 8.7607E-01 8.8433E-01 9.1313E-01 9.2888E-01 8.9765E-01 8.7212E-01 8.6429E-01 8.5568E-01 8.4789E-01 8.3940E-01 8.2986E-01 8.1343E-01 7.9481E-01 7.7652E-01 7.5827E-01 7.3701E-01 7.2041E-01 7.1752E-01 6.8338E-01 6.5412E-01 6.3165E-01 5.9969E-01 5.8509E-01 5.7170E-01 5.7445E-01 5.7650E-01
4.6878E-01 4.8822E-01 5.0169E-01 5.4645E-01 5.7109E-01 6.0466E-01 6.4183E-01 6.5704E-01 6.5206E-01 6.7159E-01 6.5525E-01 6.7584E-01 6.7941E-01 7.0831E-01 7.2420E-01 7.6613E-01 7.5732E-01 7.3581E-01 7.4422E-01 7.5634E-01 7.7015E-01 8.0386E-01 8.3001E-01 8.3353E-01 8.4941E-01 8.5306E-01 9.1170E-01 9.3259E-01 9.3122E-01 9.2258E-01 9.2298E-01 9.1945E-01 9.1403E-01 9.3663E-01 9.5422E-01 9.2860E-01 9.1189E-01 8.9592E-01 8.8040E-01 8.8834E-01 8.7634E-01 8.6770E-01 8.3128E-01 8.2545E-01 8.0657E-01 7.7978E-01 7.6741E-01 7.6112E-01 7.3611E-01 6.9407E-01 6.7372E-01 6.3506E-01 6.2732E-01 6.0011E-01 5.9187E-01 5.9636E-01 5.9845E-01
4.4218E-01 4.8519E-01 5.1420E-01 5.3421E-01 5.7134E-01 6.0125E-01 6.3553E-01 6.6640E-01 6.7701E-01 6.6706E-01 6.8226E-01 6.7996E-01 7.0518E-01 7.2367E-01 7.3772E-01 7.6565E-01 7.8525E-01 7.6426E-01 7.5006E-01 7.7435E-01 7.8800E-01 8.1778E-01 8.3893E-01 8.7072E-01 8.5330E-01 8.7699E-01 9.3024E-01 9.5613E-01 9.7054E-01 9.6145E-01 9.5652E-01 9.5137E-01 9.4197E-01 9.8248E-01 9.9375E-01 9.7326E-01 9.5103E-01 9.4080E-01 9.1427E-01 9.1768E-01 9.1181E-01 8.9331E-01 8.7414E-01 8.4738E-01 8.2621E-01 8.0292E-01 7.9229E-01 7.8469E-01 7.5841E-01 7.1836E-01 6.8984E-01 6.4962E-01 6.4457E-01 6.1834E-01 6.1046E-01 6.1785E-01 6.1240E-01
4.4137E-01 4.7063E-01 5.0090E-01 5.3629E-01 5.6146E-01 5.8598E-01 6.1463E-01 6.6393E-01 6.8769E-01 6.8960E-01 6.8559E-01 6.8722E-01 7.1633E-01 7.2219E-01 7.3289E-01 7.5183E-01 7.9938E-01 7.9458E-01 7.7262E-01 7.8409E-01 7.9851E-01 8.0948E-01 8.4019E-01 8.8627E-01 8.8609E-01 9.1166E-01 9.4250E-01 9.8723E-01 1.0051E+00 9.9619E-01 9.8470E-01 9.8426E-01 9.7231E-01 1.0001E+00 1.0249E+00 1.0287E+00 9.9562E-01 9.8078E-01 9.5667E-01 9.6309E-01 9.3247E-01 9.1340E-01 8.8643E-01 8.6202E-01 8.4129E-01 8.3389E-01 8.1793E-01 7.9947E-01 7.6557E-01 7.3770E-01 7.0389E-01 6.8047E-01 6.6654E-01 6.4117E-01 6.4034E-01 6.3747E-01 6.2685E-01
4.5438E-01 4.7017E-01 4.9319E-01 5.3337E-01 5.5118E-01 5.8091E-01 6.0814E-01 6.4995E-01 6.9634E-01 7.1059E-01 7.0527E-01 7.1729E-01 7.2782E-01 7.4275E-01 7.4414E-01 7.5729E-01 7.9028E-01 8.2763E-01 8.1118E-01 7.9233E-01 8.1644E-01 8.2299E-01 8.4551E-01 8.9996E-01 9.0963E-01 9.4151E-01 9.6281E-01 1.0194E+00 1.0310E+00 1.0241E+00 1.0172E+00 1.0201E+00 1.0183E+00 1.0474E+00 1.0769E+00 1.0570E+00 1.0602E+00 1.0372E+00 1.0032E+00 1.0022E+00 9.6751E-01 9.3624E-01 9.0228E-01 8.8442E-01 8.7372E-01 8.6619E-01 8.4868E-01 8.0992E-01 7.9204E-01 7.4404E-01 7.2767E-01 7.0446E-01 6.7963E-01 6.6611E-01 6.5406E-01 6.5315E-01 6.3382E-01
4.2836E-01 4.6431E-01 4.9405E-01 5.0863E-01 5.5862E-01 5.6742E-01 6.1043E-01 6.3642E-01 6.7432E-01 7.1121E-01 7.2673E-01 7.2258E-01 7.3605E-01 7.3111E-01 7.6011E-01 7.6723E-01 7.8547E-01 8.4411E-01 8.5254E-01 8.1905E-01 8.3506E-01 8.4863E-01 8.5872E-01 9.0935E-01 9.5160E-01 9.7107E-01 9.9041E-01 1.0469E+00 1.0611E+00 1.0594E+00 1.0582E+00 1.0665E+00 1.0559E+00 1.1023E+00 1.1135E+00 1.1288E+00 1.1012E+00 1.0854E+00 1.0348E+00 1.0399E+00 9.9374E-01 9.7277E-01 9.2736E-01 9.4918E-01 9.0466E-01 8.8697E-01 8.6647E-01 8.4209E-01 7.9553E-01 7.6182E-01 7.4295E-01 7.2314E-01 6.9472E-01 6.8184E-01 6.7150E-01 6.7032E-01 6.4790E-01
4.1846E-01 4.5316E-01 4.7462E-01 5.0776E-01 5.2118E-01 5.6822E-01 5.8712E-01 6.2909E-01 6.5953E-01 7.0920E-01 7.4261E-01 7.4553E-01 7.4004E-01 7.6223E-01 7.6386E-01 7.7596E-01 7.8640E-01 8.4065E-01 8.7873E-01 8.5856E-01 8.3798E-01 8.5247E-01 8.9025E-01 9.2377E-01 9.9176E-01 9.9924E-01 1.0061E+00 1.0793E+00 1.0980E+00 1.1135E+00 1.0944E+00 1.1004E+00 1.1134E+00 1.1424E+00 1.1736E+00 1.1859E+00 1.1541E+00 1.1411E+00 1.0894E+00 1.0776E+00 1.0424E+00 1.0319E+00 9.8627E-01 9.8170E-01 9.4900E-01 9.2181E-01 9.0427E-01 8.6130E-01 8.0254E-01 7.8876E-01 7.7702E-01 7.4757E-01 7.0090E-01 6.9365E-01 6.8757E-01 6.7457E-01 6.5920E-01
4.1712E-01 4.4049E-01 4.6730E-01 4.9153E-01 5.1986E-01 5.3115E-01 5.8438E-01 6.1514E-01 6.6985E-01 6.8338E-01 7.2952E-01 7.6919E-01 7.5309E-01 7.7610E-01 7.7504E-01 7.9576E-01 7.9079E-01 8.2596E-01 8.9772E-01 8.8996E-01 8.6545E-01 8.7831E-01 9.2035E-01 9.1954E-01 1.0127E+00 1.0113E+00 1.0444E+00 1.1168E+00 1.1552E+00 1.1650E+00 1.1450E+00 1.1714E+00 1.1657E+00 1.1857E+00 1.2107E+00 1.2174E+00 1.2035E+00 1.1845E+00 1.1420E+00 1.1239E+00 1.0861E+00 1.0755E+00 1.0311E+00 1.0103E+00 9.9233E-01 9.4906E-01 9.2289E-01 8.8859E-01 8.3401E-01 8.2277E-01 7.9100E-01 7.5933E-01 7.3669E-01 7.0722E-01 7.0117E-01 6.8813E-01 6.6494E-01
4.1583E-01 4.4209E-01 4.6081E-01 4.8925E-01 5.1873E-01 5.3052E-01 5.5308E-01 6.0347E-01 6.4588E-01 6.9187E-01 7.0599E-01 7.5944E-01 7.9486E-01 7.6982E-01 7.9711E-01 8.1533E-01 8.2803E-01 8.3384E-01 8.8749E-01 9.3556E-01 9.1720E-01 9.0349E-01 9.3780E-01 9.6613E-01 9.9865E-01 1.0638E+00 1.0882E+00 1.1249E+00 1.2100E+00 1.2132E+00 1.2025E+00 1.2170E+00 1.2185E+00 1.2359E+00 1.2740E+00 1.2642E+00 1.2602E+00 1.2136E+00 1.1884E+00 1.1695E+00 1.1287E+00 1.0983E+00 1.0745E+00 1.0496E+00 1.0187E+00 9.9353E-01 9.5301E-01 9.0616E-01 8.5439E-01 8.3753E-01 8.1007E-01 7.8497E-01 7.5324E-01 7.3121E-01 7.1077E-01 6.9933E-01 6.7458E-01
4.0399E-01 4.3418E-01 4.6544E-01 4.8065E-01 5.0235E-01 5.4068E-01 5.5563E-01 5.6708E-01 6.2328E-01 6.6020E-01 7.1421E-01 7.4797E-01 7.9016E-01 7.9770E-01 7.9214E-01 8.1597E-01 8.3712E-01 8.4327E-01 8.8447E-01 9.4369E-01 9.5973E-01 9.3039E-01 9.5833E-01 1.0050E+00 1.0404E+00 1.0831E+00 1.1353E+00 1.1546E+00 1.2577E+00 1.2617E+00 1.2706E+00 1.2737E+00 1.2808E+00 1.2911E+00 1.3259E+00 1.3070E+00 1.3035E+00 1.2352E+00 1.2311E+00 1.2057E+00 1.1701E+00 1.1291E+00 1.1274E+00 1.0977E+00 1.0451E+00 1.0211E+00 9.7263E-01 9.2643E-01 8.8214E-01 8.5299E-01 8.3424E-01 8.2126E-01 7.7878E-01 7.3624E-01 7.3266E-01 7.1725E-01 6.9456E-01
3.9648E-01 4.2473E-01 4.5467E-01 4.6931E-01 4.9691E-01 5.1804E-01 5.5802E-01 5.7684E-01 5.9173E-01 6.4697E-01 6.8783E-01 7.5340E-01 7.5956E-01 8.3329E-01 8.0916E-01 8.2998E-01 8.4103E-01 8.6690E-01 8.7675E-01 9.2765E-01 1.0041E+00 9.8294E-01 1.0036E+00 1.0385E+00 1.0676E+00 1.1383E+00 1.1717E+00 1.1873E+00 1.2867E+00 1.3081E+00 1.3188E+00 1.3127E+00 1.3479E+00 1.3480E+00 1.3865E+00 1.3799E+00 1.3339E+00 1.2842E+00 1.2847E+00 1.2462E+00 1.2030E+00 1.1809E+00 1.1714E+00 1.1204E+00 1.0818E+00 1.0476E+00 9.9787E-01 9.4987E-01 9.1230E-01 8.8483E-01 8.6391E-01 8.5388E-01 7.9252E-01 7.5443E-01 7.5035E-01 7.4214E-01 7.1884E-01
3.8709E-01 4.1622E-01 4.3959E-01 4.6304E-01 4.8754E-01 5.2159E-01 5.3313E-01 5.8243E-01 5.9469E-01 6.3282E-01 6.7891E-01 7.1480E-01 7.7006E-01 7.9913E-01 8.6707E-01 8.5139E-01 8.7109E-01 8.9108E-01 9.1790E-01 9.6513E-01 1.0213E+00 1.0572E+00 1.0362E+00 1.0881E+00 1.0928E+00 1.1883E+00 1.2453E+00 1.2398E+00 1.3138E+00 1.3682E+00 1.3962E+00 1.3666E+00 1.4170E+00 1.4118E+00 1.4338E+00 1.4492E+00 1.3821E+00 1.3466E+00 1.3322E+00 1.2896E+00 1.2552E+00 1.2219E+00 1.1963E+00 1.1450E+00 1.1142E+00 1.0701E+00 1.0221E+00 9.9581E-01 9.4110E-01 9.1185E-01 9.0695E-01 8.8214E-01 8.1728E-01 8.0396E-01 7.6755E-01 7.6274E-01 7.3525E-01
3.8042E-01 4.1400E-01 4.3420E-01 4.5363E-01 4.8330E-01 5.0267E-01 5.3592E-01 5.6919E-01 5.9139E-01 6.2235E-01 6.5983E-01 7.0651E-01 7.6009E-01 8.1187E-01 8.4848E-01 9.1400E-01 9.0281E-01 9.2639E-01 9.4450E-01 9.8164E-01 1.0214E+00 1.0998E+00 1.1097E+00 1.1380E+00 1.1857E+00 1.2250E+00 1.2757E+00 1.3305E+00 1.3377E+00 1.4348E+00 1.4492E+00 1.4292E+00 1.4771E+00 1.5083E+00 1.5047E+00 1.4947E+00 1.4403E+00 1.3925E+00 1.3828E+00 1.3399E+00 1.3017E+00 1.2679E+00 1.2453E+00 1.1871E+00 1.1514E+00 1.0947E+00 1.0586E+00 1.0194E+00 9.6323E-01 9.4662E-01 9.5205E-01 8.9990E-01 8.4713E-01 8.2913E-01 7.9109E-01 7.7465E-01 7.5452E-01
3.6622E-01 3.9319E-01 4.2057E-01 4.4474E-01 4.7351E-01 4.9512E-01 5.2754E-01 5.5958E-01 5.8867E-01 6.1724E-01 6.4271E-01 6.8826E-01 7.5297E-01 8.1358E-01 8.5911E-01 9.2609E-01 9.7680E-01 9.6571E-01 9.7782E-01 9.9867E-01 1.0530E+00 1.1330E+00 1.1830E+00 1.1901E+00 1.2657E+00 1.2294E+00 1.3178E+00 1.4009E+00 1.3793E+00 1.4734E+00 1.5177E+00 1.4960E+00 1.5421E+00 1.5759E+00 1.5729E+00 1.5459E+00 1.4961E+00 1.4499E+00 1.4464E+00 1.3823E+00 1.3352E+00 1.3001E+00 1.2843E+00 1.2215E+00 1.1798E+00 1.1264E+00 1.1114E+00 1.0470E+00 1.0077E+00 9.8981E-01 9.7392E-01 9.1836E-01 8.9591E-01 8.5292E-01 8.0809E-01 7.9177E-01 7.8274E-01
3.5470E-01 3.7567E-01 4.0244E-01 4.3461E-01 4.7202E-01 4.8820E-01 5.2731E-01 5.3968E-01 5.7783E-01 6.0606E-01 6.5177E-01 6.7487E-01 7.1150E-01 7.9331E-01 8.6728E-01 9.2792E-01 1.0175E+00 1.0364E+00 1.0672E+00 1.0523E+00 1.0859E+00 1.1473E+00 1.2184E+00 1.2731E+00 1.3027E+00 1.3276E+00 1.3635E+00 1.4774E+00 1.4631E+00 1.5318E+00 1.6040E+00 1.5832E+00 1.6081E+00 1.6403E+00 1.6395E+00 1.6028E+00 1.5409E+00 1.5104E+00 1.4858E+00 1.4230E+00 1.3690E+00 1.3583E+00 1.2979E+00 1.2590E+00 1.2131E+00 1.1574E+00 1.1346E+00 1.0952E+00 1.0563E+00 1.0263E+00 9.9753E-01 9.4976E-01 9.1423E-01 8.5885E-01 8.2677E-01 8.1116E-01 8.0139E-01
3.4614E-01 3.6523E-01 3.9078E-01 4.2013E-01 4.4950E-01 4.9202E-01 5.1634E-01 5.4445E-01 5.4882E-01 5.8527E-01 6.3115E-01 6.9557E-01 7.1544E-01 7.7374E-01 8.4776E-01 9.5975E-01 1.0176E+00 1.0934E+00 1.1011E+00 1.1451E+00 1.1111E+00 1.1842E+00 1.2595E+00 1.3271E+00 1.3637E+00 1.4441E+00 1.4015E+00 1.5269E+00 1.5514E+00 1.5968E+00 1.6972E+00 1.6769E+00 1.7045E+00 1.7277E+00 1.7231E+00 1.6766E+00 1.6223E+00 1.5782E+00 1.5222E+00 1.4622E+00 1.4518E+00 1.3928E+00 1.3290E+00 1.3043E+00 1.2549E+00 1.2034E+00 1.1810E+00 1.1407E+00 1.0967E+00 1.0636E+00 1.0222E+00 1.0044E+00 9.3947E-01 8.8060E-01 8.5878E-01 8.4100E-01 8.2457E-01
3.5243E-01 3.7334E-01 3.8198E-01 4.0402E-01 4.3608E-01 4.5881E-01 5.0013E-01 5.4136E-01 5.6565E-01 5.7315E-01 6.1841E-01 6.6870E-01 7.3595E-01 7.6850E-01 8.3218E-01 9.2226E-01 1.0564E+00 1.0923E+00 1.1782E+00 1.1776E+00 1.1998E+00 1.2143E+00 1.2780E+00 1.3849E+00 1.4509E+00 1.4758E+00 1.4980E+00 1.5603E+00 1.6618E+00 1.6738E+00 1.7762E+00 1.7732E+00 1.7774E+00 1.7941E+00 1.8090E+00 1.7633E+00 1.6900E+00 1.6573E+00 1.5643E+00 1.5506E+00 1.4929E+00 1.4309E+00 1.3873E+00 1.3426E+00 1.2783E+00 1.2559E+00 1.2115E+00 1.1677E+00 1.1267E+00 1.0979E+00 1.0549E+00 1.0155E+00 9.5485E-01 9.0152E-01 8.7922E-01 8.5886E-01 8.4324E-01
3.3875E-01 3.7069E-01 3.7248E-01 4.0041E-01 4.2322E-01 4.5053E-01 4.6921E-01 5.1850E-01 5.4755E-01 5.8206E-01 6.0490E-01 6.5588E-01 7.0778E-01 7.7375E-01 8.2855E-01 9.1077E-01 1.0090E+00 1.1270E+00 1.2382E+00 1.2309E+00 1.2393E+00 1.2608E+00 1.3183E+00 1.3775E+00 1.5088E+00 1.5512E+00 1.5492E+00 1.6061E+00 1.7363E+00 1.7398E+00 1.8479E+00 1.8860E+00 1.8999E+00 1.8734E+00 1.8814E+00 1.8234E+00 1.7640E+00 1.7216E+00 1.6433E+00 1.6083E+00 1.5481E+00 1.4664E+00 1.4677E+00 1.3794E+00 1.3210E+00 1.3003E+00 1.2606E+00 1.2136E+00 1.1651E+00 1.1281E+00 1.0892E+00 1.0294E+00 9.6950E-01 9.2541E-01 9.0127E-01 8.8666E-01 8.8470E-01
3.3164E-01 3.4789E-01 3.7786E-01 4.0091E-01 4.1445E-01 4.4069E-01 4.6397E-01 4.9562E-01 5.3463E-01 5.6534E-01 6.0204E-01 6.5455E-01 6.9011E-01 7.4539E-01 8.3376E-01 8.9692E-01 1.0054E+00 1.1390E+00 1.1988E+00 1.2868E+00 1.3007E+00 1.3181E+00 1.3679E+00 1.3957E+00 1.5232E+00 1.6318E+00 1.6430E+00 1.6641E+00 1.8254E+00 1.8646E+00 1.9316E+00 1.9937E+00 1.9988E+00 2.0031E+00 1.9655E+00 1.9143E+00 1.8289E+00 1.7983E+00 1.7260E+00 1.6870E+00 1.5801E+00 1.5293E+00 1.5080E+00 1.4063E+00 1.3732E+00 1.3472E+00 1.2997E+00 1.2547E+00 1.2029E+00 1.1496E+00 1.1048E+00 1.0656E+00 9.9777E-01 9.4809E-01 9.3509E-01 9.2276E-01 8.9904E-01
3.2973E-01 3.4481E-01 3.5954E-01 3.8505E-01 4.2049E-01 4.4039E-01 4.6811E-01 4.9164E-01 5.2050E-01 5.4378E-01 5.8448E-01 6.4379E-01 6.9057E-01 7.2744E-01 7.9297E-01 9.0100E-01 9.8066E-01 1.0774E+00 1.2408E+00 1.2894E+00 1.3803E+00 1.3703E+00 1.4318E+00 1.4541E+00 1.5401E+00 1.7097E+00 1.7665E+00 1.7759E+00 1.8962E+00 1.9366E+00 2.0216E+00 2.1166E+00 2.1264E+00 2.0895E+00 2.0415E+00 2.0126E+00 1.9035E+00 1.8923E+00 1.8389E+00 1.7455E+00 1.6595E+00 1.6272E+00 1.5249E+00 1.4482E+00 1.4293E+00 1.4016E+00 1.3407E+00 1.2980E+00 1.2670E+00 1.1877E+00 1.1427E+00 1.0840E+00 1.0069E+00 9.9303E-01 9.7319E-01 9.6296E-01 9.3662E-01
3.3874E-01 3.5843E-01 3.6146E-01 3.8387E-01 4.0740E-01 4.3841E-01 4.7388E-01 4.9402E-01 5.1283E-01 5.3285E-01 5.7630E-01 6.1951E-01 6.7954E-01 7.3269E-01 7.9703E-01 8.4827E-01 9.7050E-01 1.0664E+00 1.1755E+00 1.3341E+00 1.3714E+00 1.4722E+00 1.4539E+00 1.5432E+00 1.5639E+00 1.7170E+00 1.8677E+00 1.8732E+00 1.9420E+00 2.0299E+00 2.0965E+00 2.2476E+00 2.2628E+00 2.2210E+00 2.1857E+00 2.1163E+00 1.9950E+00 1.9950E+00 1.9214E+00 1.7979E+00 1.7113E+00 1.6843E+00 1.5439E+00 1.5615E+00 1.5048E+00 1.4581E+00 1.3996E+00 1.3501E+00 1.2809E+00 1.2361E+00 1.1533E+00 1.1021E+00 1.0447E+00 1.0318E+00 1.0281E+00 9.9935E-01 9.5888E-01
3.5094E-01 3.6570E-01 3.7449E-01 3.9230E-01 4.1465E-01 4.4065E-01 4.7239E-01 4.9702E-01 5.3017E-01 5.4202E-01 5.8636E-01 6.1390E-01 6.6184E-01 7.2307E-01 7.8139E-01 8.7688E-01 9.1415E-01 1.0681E+00 1.1631E+00 1.2856E+00 1.4109E+00 1.4822E+00 1.5613E+00 1.6004E+00 1.6176E+00 1.7352E+00 1.9048E+00 2.0316E+00 2.0607E+00 2.1232E+00 2.2420E+00 2.3511E+00 2.4143E+00 2.3720E+00 2.3226E+00 2.1804E+00 2.1562E+00 2.1178E+00 1.9829E+00 1.8874E+00 1.7853E+00 1.7041E+00 1.6397E+00 1.6381E+00 1.5591E+00 1.4973E+00 1.4509E+00 1.4059E+00 1.3272E+00 1.2760E+00 1.1920E+00 1.1460E+00 1.1012E+00 1.0877E+00 1.0596E+00 1.0163E+00 9.7550E-01
3.6958E-01 3.9147E-01 4.1089E-01 4.2212E-01 4.3195E-01 4.5149E-01 4.8574E-01 5.1463E-01 5.3154E-01 5.6062E-01 5.8401E-01 6.2479E-01 6.6481E-01 6.9743E-01 7.7100E-01 8.5388E-01 9.0004E-01 1.0043E+00 1.1424E+00 1.2589E+00 1.4104E+00 1.5078E+00 1.5849E+00 1.6624E+00 1.7328E+00 1.7687E+00 1.9171E+00 2.1442E+00 2.1661E+00 2.2767E+00 2.3464E+00 2.4814E+00 2.5453E+00 2.5199E+00 2.4490E+00 2.3341E+00 2.2718E+00 2.2132E+00 2.0336E+00 1.9774E+00 1.8783E+00 1.7451E+00 1.7354E+00 1.7070E+00 1.6248E+00 1.5460E+00 1.5196E+00 1.4568E+00 1.3623E+00 1.3167E+00 1.2596E+00 1.2174E+00 1.1586E+00 1.1428E+00 1.0819E+00 1.0296E+00 1.0063E+00
