20231023_webinar_progetto_murano/refs/data_input_report_tx_finale/calpost_grid/rank(1)_cd_24hr_conc_cd.grd
DSAA
          81          81
     760.250     764.250
    5036.750    5040.750
  0.9446E-01  0.1001E+02
[rows 0 to 24 of 81, columns 0 to 56 of 81]
2.3507E-01 2.4640E-01 2.5485E-01 2.6052E-01 2.6391E-01 2.6520E-01 2.6496E-01 2.6270E-01 2.5785E-01 2.4989E-01 2.3866E-01 2.4043E-01 2.7116E-01 3.0166E-01 3.3055E-01 3.5660E-01 3.7939E-01 3.9891E-01 4.1422E-01 4.2316E-01 4.2129E-01 4.0427E-01 3.7368E-01 3.6949E-01 3.6661E-01 3.5942E-01 3.8065E-01 3.9917E-01 4.1435E-01 4.2406E-01 4.2570E-01 4.2012E-01 4.1192E-01 4.0538E-01 4.0079E-01 3.9551E-01 3.8573E-01 3.7786E-01 3.8446E-01 3.8741E-01 3.8298E-01 3.7074E-01 3.7722E-01 3.8167E-01 3.8477E-01 3.8592E-01 3.8550E-01 3.8341E-01 3.7958E-01 3.7446E-01 3.6770E-01 3.5949E-01 3.5000E-01 3.3921E-01 3.2728E-01 3.1464E-01 3.0109E-01
2.3476E-01 2.4796E-01 2.5853E-01 2.6635E-01 2.7163E-01 2.7448E-01 2.7538E-01 2.7441E-01 2.7123E-01 2.6508E-01 2.5524E-01 2.4203E-01 2.6425E-01 2.9665E-01 3.2806E-01 3.5694E-01 3.8198E-01 4.0346E-01 4.2097E-01 4.3305E-01 4.3561E-01 4.2302E-01 3.9538E-01 3.8518E-01 3.8372E-01 3.7719E-01 3.9997E-01 4.1958E-01 4.3563E-01 4.4644E-01 4.4904E-01 4.4342E-01 4.3436E-01 4.2713E-01 4.2180E-01 4.1614E-01 4.0599E-01 3.8950E-01 3.9511E-01 3.9981E-01 3.9762E-01 3.9444E-01 4.0077E-01 4.0543E-01 4.0813E-01 4.0919E-01 4.0842E-01 4.0606E-01 4.0188E-01 3.9603E-01 3.8835E-01 3.7924E-01 3.6900E-01 3.5711E-01 3.4404E-01 3.2995E-01 3.1521E-01
2.3190E-01 2.4689E-01 2.5975E-01 2.6998E-01 2.7747E-01 2.8222E-01 2.8459E-01 2.8503E-01 2.8335E-01 2.7904E-01 2.7125E-01 2.5930E-01 2.5463E-01 2.8880E-01 3.2277E-01 3.5444E-01 3.8221E-01 4.0578E-01 4.2563E-01 4.4037E-01 4.4724E-01 4.4020E-01 4.1676E-01 3.9904E-01 3.9933E-01 3.9453E-01 4.1899E-01 4.3987E-01 4.5696E-01 4.6905E-01 4.7298E-01 4.6740E-01 4.5764E-01 4.4922E-01 4.4311E-01 4.3681E-01 4.2639E-01 4.0940E-01 4.0456E-01 4.1093E-01 4.1148E-01 4.1812E-01 4.2456E-01 4.2896E-01 4.3164E-01 4.3223E-01 4.3108E-01 4.2805E-01 4.2336E-01 4.1668E-01 4.0848E-01 3.9817E-01 3.8687E-01 3.7399E-01 3.5974E-01 3.4442E-01 3.2796E-01
2.2745E-01 2.4378E-01 2.5864E-01 2.7129E-01 2.8138E-01 2.8833E-01 2.9277E-01 2.9468E-01 2.9459E-01 2.9188E-01 2.8618E-01 2.7628E-01 2.6261E-01 2.7841E-01 3.1449E-01 3.4898E-01 3.8039E-01 4.0664E-01 4.2848E-01 4.4595E-01 4.5693E-01 4.5550E-01 4.3751E-01 4.1052E-01 4.1390E-01 4.1160E-01 4.3802E-01 4.6019E-01 4.7853E-01 4.9225E-01 4.9773E-01 4.9257E-01 4.8166E-01 4.7183E-01 4.6477E-01 4.5781E-01 4.4694E-01 4.2910E-01 4.1928E-01 4.2258E-01 4.3334E-01 4.4178E-01 4.4837E-01 4.5275E-01 4.5502E-01 4.5517E-01 4.5352E-01 4.4987E-01 4.4410E-01 4.3648E-01 4.2716E-01 4.1620E-01 4.0342E-01 3.8919E-01 3.7360E-01 3.5713E-01 3.3950E-01
2.2229E-01 2.3906E-01 2.5529E-01 2.7002E-01 2.8263E-01 2.9242E-01 2.9910E-01 3.0324E-01 3.0473E-01 3.0388E-01 3.0031E-01 2.9286E-01 2.8080E-01 2.6566E-01 3.0376E-01 3.4158E-01 3.7632E-01 4.0588E-01 4.3014E-01 4.4989E-01 4.6431E-01 4.6849E-01 4.5686E-01 4.2680E-01 4.2679E-01 4.2841E-01 4.5665E-01 4.8099E-01 5.0103E-01 5.1650E-01 5.2370E-01 5.1864E-01 5.0630E-01 4.9490E-01 4.8665E-01 4.7904E-01 4.6765E-01 4.4943E-01 4.4222E-01 4.4625E-01 4.5724E-01 4.6581E-01 4.7215E-01 4.7634E-01 4.7828E-01 4.7811E-01 4.7562E-01 4.7113E-01 4.6440E-01 4.5560E-01 4.4482E-01 4.3262E-01 4.1860E-01 4.0289E-01 3.8600E-01 3.6797E-01 3.4900E-01
2.1622E-01 2.3347E-01 2.5027E-01 2.6657E-01 2.8159E-01 2.9396E-01 3.0347E-01 3.0989E-01 3.1350E-01 3.1474E-01 3.1319E-01 3.0807E-01 2.9888E-01 2.8439E-01 2.9076E-01 3.3119E-01 3.6965E-01 4.0358E-01 4.3083E-01 4.5273E-01 4.7022E-01 4.7904E-01 4.7492E-01 4.5078E-01 4.3967E-01 4.4485E-01 4.7562E-01 5.0225E-01 5.2393E-01 5.4117E-01 5.4969E-01 5.4489E-01 5.3117E-01 5.1810E-01 5.0872E-01 5.0048E-01 4.8887E-01 4.7023E-01 4.6438E-01 4.7036E-01 4.8133E-01 4.8996E-01 4.9617E-01 5.0016E-01 5.0165E-01 5.0082E-01 4.9745E-01 4.9184E-01 4.8387E-01 4.7379E-01 4.6174E-01 4.4778E-01 4.3211E-01 4.1483E-01 3.9640E-01 3.7702E-01 3.5667E-01
2.0968E-01 2.2709E-01 2.4451E-01 2.6156E-01 2.7804E-01 2.9295E-01 3.0515E-01 3.1483E-01 3.2099E-01 3.2430E-01 3.2488E-01 3.2236E-01 3.1589E-01 3.0416E-01 2.8732E-01 3.1832E-01 3.6077E-01 3.9905E-01 4.3036E-01 4.5504E-01 4.7468E-01 4.8798E-01 4.9061E-01 4.7404E-01 4.5279E-01 4.6079E-01 4.9445E-01 5.2340E-01 5.4726E-01 5.6590E-01 5.7568E-01 5.7141E-01 5.5633E-01 5.4179E-01 5.3116E-01 5.2229E-01 5.1072E-01 4.9178E-01 4.8544E-01 4.9498E-01 5.0585E-01 5.1433E-01 5.2027E-01 5.2372E-01 5.2468E-01 5.2299E-01 5.1853E-01 5.1173E-01 5.0233E-01 4.9085E-01 4.7719E-01 4.6148E-01 4.4406E-01 4.2529E-01 4.0494E-01 3.8394E-01 3.6223E-01
2.0276E-01 2.2031E-01 2.3789E-01 2.5544E-01 2.7291E-01 2.8951E-01 3.0445E-01 3.1692E-01 3.2626E-01 3.3200E-01 3.3486E-01 3.3485E-01 3.3138E-01 3.2296E-01 3.0849E-01 3.0284E-01 3.4857E-01 3.9181E-01 4.2846E-01 4.5655E-01 4.7835E-01 4.9459E-01 5.0317E-01 4.9546E-01 4.6603E-01 4.7628E-01 5.1304E-01 5.4474E-01 5.7084E-01 5.9103E-01 6.0235E-01 5.9886E-01 5.8295E-01 5.6631E-01 5.5452E-01 5.4481E-01 5.3314E-01 5.1412E-01 5.0630E-01 5.2011E-01 5.3082E-01 5.3900E-01 5.4451E-01 5.4717E-01 5.4736E-01 5.4470E-01 5.3914E-01 5.3082E-01 5.2001E-01 5.0667E-01 4.9118E-01 4.7349E-01 4.5427E-01 4.3355E-01 4.1172E-01 3.8888E-01 3.6583E-01
1.9556E-01 2.1296E-01 2.3085E-01 2.4871E-01 2.6639E-01 2.8409E-01 3.0099E-01 3.1626E-01 3.2872E-01 3.3772E-01 3.4314E-01 3.4580E-01 3.4523E-01 3.4050E-01 3.2948E-01 3.1218E-01 3.3363E-01 3.8197E-01 4.2435E-01 4.5738E-01 4.8166E-01 4.9979E-01 5.1367E-01 5.1497E-01 4.9208E-01 4.9617E-01 5.3098E-01 5.6640E-01 5.9483E-01 6.1688E-01 6.2995E-01 6.2746E-01 6.1037E-01 5.9208E-01 5.7897E-01 5.6865E-01 5.5650E-01 5.3704E-01 5.3265E-01 5.4635E-01 5.5670E-01 5.6430E-01 5.6886E-01 5.7103E-01 5.7015E-01 5.6614E-01 5.5914E-01 5.4915E-01 5.3650E-01 5.2128E-01 5.0362E-01 4.8406E-01 4.6270E-01 4.3994E-01 4.1624E-01 3.9167E-01 3.6726E-01
1.8784E-01 2.0542E-01 2.2311E-01 2.4102E-01 2.5917E-01 2.7735E-01 2.9541E-01 3.1282E-01 3.2838E-01 3.4073E-01 3.4952E-01 3.5482E-01 3.5713E-01 3.5593E-01 3.4934E-01 3.3558E-01 3.1569E-01 3.6820E-01 4.1746E-01 4.5725E-01 4.8529E-01 5.0541E-01 5.2296E-01 5.3264E-01 5.2063E-01 5.2998E-01 5.4902E-01 5.8800E-01 6.2009E-01 6.4416E-01 6.5859E-01 6.5711E-01 6.3916E-01 6.1873E-01 6.0424E-01 5.9311E-01 5.8053E-01 5.6046E-01 5.5927E-01 5.7281E-01 5.8281E-01 5.8972E-01 5.9400E-01 5.9518E-01 5.9319E-01 5.8769E-01 5.7905E-01 5.6685E-01 5.5220E-01 5.3454E-01 5.1477E-01 4.9277E-01 4.6913E-01 4.4439E-01 4.1878E-01 3.9280E-01 3.6705E-01
1.7988E-01 1.9718E-01 2.1509E-01 2.3295E-01 2.5132E-01 2.6983E-01 2.8849E-01 3.0708E-01 3.2513E-01 3.4091E-01 3.5336E-01 3.6205E-01 3.6737E-01 3.6956E-01 3.6749E-01 3.5862E-01 3.4184E-01 3.5109E-01 4.0693E-01 4.5461E-01 4.8967E-01 5.1290E-01 5.3256E-01 5.4969E-01 5.4970E-01 5.6535E-01 5.7064E-01 6.0949E-01 6.4492E-01 6.7157E-01 6.8811E-01 6.8807E-01 6.6943E-01 6.4711E-01 6.3123E-01 6.1866E-01 6.0506E-01 5.8453E-01 5.8703E-01 6.0034E-01 6.1001E-01 6.1647E-01 6.1964E-01 6.1993E-01 6.1622E-01 6.0900E-01 5.9832E-01 5.8381E-01 5.6662E-01 5.4635E-01 5.2392E-01 4.9960E-01 4.7386E-01 4.4714E-01 4.1933E-01 3.9205E-01 3.6492E-01
1.7196E-01 1.8888E-01 2.0639E-01 2.2446E-01 2.4275E-01 2.6129E-01 2.8048E-01 2.9975E-01 3.1903E-01 3.3789E-01 3.5392E-01 3.6687E-01 3.7545E-01 3.8068E-01 3.8286E-01 3.7972E-01 3.6855E-01 3.4818E-01 3.9152E-01 4.4894E-01 4.9329E-01 5.2178E-01 5.4323E-01 5.6542E-01 5.7704E-01 6.0158E-01 6.1546E-01 6.3045E-01 6.7051E-01 7.0053E-01 7.1920E-01 7.2035E-01 7.0100E-01 6.7595E-01 6.5828E-01 6.4434E-01 6.2965E-01 6.0900E-01 6.1666E-01 6.2922E-01 6.3867E-01 6.4421E-01 6.4641E-01 6.4501E-01 6.3970E-01 6.3046E-01 6.1711E-01 6.0005E-01 5.7972E-01 5.5701E-01 5.3167E-01 5.0469E-01 4.7651E-01 4.4746E-01 4.1843E-01 3.8958E-01 3.6143E-01
1.6439E-01 1.8044E-01 1.9754E-01 2.1525E-01 2.3361E-01 2.5237E-01 2.7152E-01 2.9138E-01 3.1171E-01 3.3238E-01 3.5203E-01 3.6917E-01 3.8232E-01 3.9142E-01 3.9735E-01 3.9986E-01 3.9547E-01 3.8114E-01 3.7229E-01 4.3887E-01 4.9508E-01 5.3345E-01 5.5796E-01 5.8124E-01 6.0183E-01 6.3757E-01 6.6268E-01 6.5389E-01 6.9661E-01 7.3024E-01 7.5126E-01 7.5385E-01 7.3375E-01 7.0573E-01 6.8570E-01 6.7074E-01 6.5555E-01 6.3446E-01 6.4817E-01 6.6031E-01 6.6877E-01 6.7367E-01 6.7464E-01 6.7170E-01 6.6420E-01 6.5239E-01 6.3590E-01 6.1577E-01 5.9224E-01 5.6590E-01 5.3777E-01 5.0775E-01 4.7721E-01 4.4645E-01 4.1552E-01 3.8543E-01 3.5676E-01
1.5767E-01 1.7265E-01 1.8871E-01 2.0570E-01 2.2393E-01 2.4278E-01 2.6238E-01 2.8252E-01 3.0341E-01 3.2510E-01 3.4750E-01 3.6930E-01 3.8861E-01 4.0323E-01 4.1362E-01 4.2026E-01 4.2260E-01 4.1627E-01 3.9702E-01 4.2350E-01 4.9371E-01 5.4551E-01 5.7556E-01 5.9837E-01 6.2290E-01 6.7084E-01 7.0994E-01 7.1081E-01 7.2218E-01 7.6059E-01 7.8433E-01 7.8888E-01 7.6792E-01 7.3677E-01 7.1512E-01 6.9879E-01 6.8264E-01 6.6559E-01 6.8201E-01 6.9362E-01 7.0123E-01 7.0468E-01 7.0453E-01 6.9982E-01 6.9024E-01 6.7512E-01 6.5547E-01 6.3125E-01 6.0433E-01 5.7401E-01 5.4208E-01 5.0923E-01 4.7616E-01 4.4342E-01 4.1121E-01 3.7994E-01 3.5029E-01
1.5195E-01 1.6583E-01 1.8071E-01 1.9683E-01 2.1401E-01 2.3284E-01 2.5230E-01 2.7297E-01 2.9432E-01 3.1729E-01 3.4146E-01 3.6756E-01 3.9359E-01 4.1604E-01 4.3251E-01 4.4347E-01 4.5016E-01 4.5144E-01 4.4107E-01 4.1522E-01 4.8571E-01 5.5287E-01 5.9490E-01 6.1858E-01 6.4236E-01 6.9893E-01 7.5546E-01 7.7021E-01 7.4704E-01 7.9135E-01 8.1876E-01 8.2563E-01 8.0425E-01 7.7020E-01 7.4613E-01 7.2866E-01 7.1099E-01 7.0234E-01 7.1849E-01 7.2965E-01 7.3642E-01 7.3894E-01 7.3708E-01 7.2984E-01 7.1740E-01 6.9897E-01 6.7513E-01 6.4708E-01 6.1527E-01 5.8132E-01 5.4577E-01 5.0963E-01 4.7408E-01 4.3883E-01 4.0544E-01 3.7633E-01 3.5977E-01
1.4716E-01 1.6012E-01 1.7388E-01 1.8871E-01 2.0504E-01 2.2280E-01 2.4215E-01 2.6286E-01 2.8489E-01 3.0859E-01 3.3438E-01 3.6392E-01 3.9653E-01 4.2866E-01 4.5470E-01 4.7152E-01 4.8091E-01 4.8652E-01 4.8446E-01 4.6637E-01 4.6920E-01 5.5339E-01 6.1194E-01 6.4104E-01 6.6273E-01 7.2036E-01 7.9645E-01 8.2952E-01 8.0460E-01 8.2224E-01 8.5444E-01 8.6458E-01 8.4344E-01 8.0574E-01 7.7858E-01 7.5980E-01 7.4097E-01 7.4176E-01 7.5793E-01 7.6867E-01 7.7458E-01 7.7591E-01 7.7206E-01 7.6240E-01 7.4595E-01 7.2350E-01 6.9478E-01 6.6218E-01 6.2568E-01 5.8753E-01 5.4832E-01 5.0880E-01 4.7070E-01 4.3479E-01 4.0915E-01 3.8857E-01 3.7302E-01
1.4494E-01 1.5621E-01 1.6855E-01 1.8220E-01 1.9732E-01 2.1423E-01 2.3266E-01 2.5289E-01 2.7481E-01 2.9897E-01 3.2628E-01 3.5834E-01 3.9587E-01 4.3728E-01 4.7568E-01 5.0282E-01 5.1646E-01 5.2228E-01 5.2506E-01 5.1654E-01 4.8849E-01 5.4353E-01 6.2133E-01 6.6486E-01 6.8574E-01 7.3583E-01 8.3013E-01 8.8661E-01 8.7721E-01 8.5371E-01 8.9159E-01 9.0451E-01 8.8467E-01 8.4357E-01 8.1402E-01 7.9366E-01 7.7343E-01 7.8412E-01 8.0013E-01 8.1039E-01 8.1551E-01 8.1549E-01 8.0976E-01 7.9666E-01 7.7608E-01 7.4884E-01 7.1517E-01 6.7696E-01 6.3497E-01 5.9232E-01 5.4912E-01 5.1278E-01 4.7880E-01 4.4766E-01 4.2238E-01 4.0285E-01 3.9013E-01
1.4612E-01 1.5617E-01 1.6746E-01 1.8023E-01 1.9414E-01 2.0872E-01 2.2441E-01 2.4346E-01 2.6509E-01 2.8896E-01 3.1652E-01 3.4951E-01 3.8998E-01 4.3761E-01 4.8715E-01 5.2859E-01 5.5253E-01 5.6063E-01 5.6280E-01 5.6126E-01 5.4365E-01 5.2241E-01 6.2114E-01 6.8533E-01 7.1181E-01 7.4674E-01 8.5448E-01 9.3765E-01 9.5107E-01 8.8790E-01 9.3052E-01 9.4763E-01 9.2889E-01 8.8340E-01 8.5084E-01 8.2917E-01 8.0751E-01 8.2959E-01 8.4548E-01 8.5498E-01 8.5921E-01 8.5806E-01 8.5001E-01 8.3308E-01 8.0814E-01 7.7483E-01 7.3535E-01 6.9069E-01 6.4341E-01 5.9591E-01 5.6543E-01 5.2918E-01 4.9368E-01 4.6205E-01 4.3807E-01 4.2241E-01 4.1284E-01
1.4896E-01 1.5781E-01 1.6793E-01 1.7968E-01 1.9307E-01 2.0803E-01 2.2389E-01 2.3898E-01 2.5600E-01 2.7898E-01 3.0603E-01 3.3842E-01 3.7874E-01 4.2831E-01 4.8464E-01 5.3948E-01 5.8018E-01 5.9851E-01 6.0109E-01 6.0043E-01 5.9281E-01 5.6470E-01 6.0730E-01 6.9600E-01 7.3849E-01 7.5572E-01 8.6954E-01 9.7776E-01 1.0215E+00 9.7254E-01 9.7220E-01 9.9393E-01 9.7720E-01 9.2736E-01 8.9015E-01 8.6668E-01 8.5328E-01 8.7737E-01 8.9288E-01 9.0233E-01 9.0622E-01 9.0379E-01 8.9276E-01 8.7178E-01 8.4130E-01 8.0124E-01 7.5505E-01 7.0358E-01 6.5073E-01 6.1945E-01 5.8561E-01 5.4703E-01 5.0941E-01 4.7936E-01 4.5931E-01 4.4862E-01 4.4085E-01
1.5348E-01 1.6148E-01 1.7055E-01 1.8106E-01 1.9353E-01 2.0817E-01 2.2433E-01 2.4162E-01 2.5811E-01 2.7222E-01 2.9618E-01 3.2714E-01 3.6508E-01 4.1220E-01 4.6963E-01 5.3260E-01 5.8980E-01 6.2794E-01 6.4054E-01 6.3885E-01 6.3492E-01 6.1912E-01 5.7943E-01 6.9321E-01 7.6199E-01 7.8308E-01 8.7597E-01 1.0052E+00 1.0844E+00 1.0594E+00 1.0164E+00 1.0441E+00 1.0298E+00 9.7488E-01 9.3298E-01 9.0674E-01 9.0546E-01 9.2894E-01 9.4401E-01 9.5312E-01 9.5684E-01 9.5249E-01 9.3801E-01 9.1206E-01 8.7482E-01 8.2769E-01 7.7351E-01 7.1524E-01 6.7215E-01 6.4355E-01 6.0566E-01 5.6407E-01 5.2777E-01 5.0242E-01 4.8805E-01 4.8072E-01 4.7242E-01
1.5932E-01 1.6701E-01 1.7535E-01 1.8470E-01 1.9601E-01 2.0978E-01 2.2586E-01 2.4379E-01 2.6293E-01 2.8118E-01 2.9685E-01 3.1735E-01 3.5207E-01 3.9496E-01 4.4822E-01 5.1178E-01 5.7998E-01 6.3967E-01 6.7427E-01 6.8083E-01 6.7408E-01 6.6555E-01 6.3939E-01 6.7490E-01 7.7573E-01 8.1680E-01 8.7906E-01 1.0192E+00 1.1340E+00 1.1438E+00 1.0647E+00 1.0986E+00 1.0871E+00 1.0268E+00 9.7887E-01 9.4875E-01 9.6199E-01 9.8523E-01 9.9960E-01 1.0086E+00 1.0114E+00 1.0050E+00 9.8680E-01 9.5445E-01 9.0931E-01 8.5367E-01 7.9085E-01 7.2538E-01 6.9923E-01 6.6700E-01 6.2469E-01 5.8324E-01 5.5214E-01 5.3366E-01 5.2565E-01 5.1788E-01 5.0179E-01
1.6647E-01 1.7400E-01 1.8187E-01 1.9071E-01 2.0107E-01 2.1379E-01 2.2902E-01 2.4696E-01 2.6710E-01 2.8862E-01 3.0942E-01 3.2751E-01 3.4231E-01 3.8065E-01 4.2840E-01 4.8665E-01 5.5644E-01 6.2995E-01 6.9080E-01 7.2138E-01 7.2059E-01 7.1013E-01 6.9369E-01 6.5526E-01 7.7666E-01 8.5007E-01 8.8348E-01 1.0242E+00 1.1703E+00 1.2229E+00 1.1401E+00 1.1581E+00 1.1487E+00 1.0832E+00 1.0284E+00 9.9497E-01 1.0248E+00 1.0476E+00 1.0613E+00 1.0694E+00 1.0711E+00 1.0617E+00 1.0382E+00 9.9807E-01 9.4391E-01 8.7845E-01 8.0657E-01 7.5340E-01 7.2708E-01 6.8855E-01 6.4445E-01 6.0797E-01 5.8561E-01 5.7513E-01 5.6786E-01 5.5252E-01 5.2328E-01
1.7426E-01 1.8228E-01 1.9022E-01 1.9859E-01 2.0856E-01 2.2014E-01 2.3446E-01 2.5179E-01 2.7219E-01 2.9507E-01 3.1924E-01 3.4341E-01 3.6355E-01 3.7812E-01 4.1286E-01 4.6374E-01 5.2696E-01 6.0297E-01 6.8249E-01 7.4438E-01 7.6840E-01 7.5940E-01 7.4352E-01 7.1787E-01 7.5741E-01 8.7142E-01 9.0503E-01 1.0231E+00 1.1912E+00 1.2917E+00 1.2381E+00 1.2242E+00 1.2179E+00 1.1474E+00 1.0859E+00 1.0567E+00 1.0932E+00 1.1153E+00 1.1295E+00 1.1379E+00 1.1374E+00 1.1238E+00 1.0927E+00 1.0438E+00 9.7872E-01 9.0188E-01 8.2042E-01 7.8549E-01 7.5360E-01 7.1093E-01 6.7025E-01 6.4367E-01 6.3000E-01 6.2280E-01 6.0771E-01 5.7761E-01 5.3301E-01
1.8226E-01 1.9087E-01 1.9958E-01 2.0831E-01 2.1770E-01 2.2886E-01 2.4223E-01 2.5878E-01 2.7845E-01 3.0141E-01 3.2719E-01 3.5511E-01 3.8180E-01 4.0362E-01 4.1793E-01 4.4702E-01 5.0127E-01 5.7000E-01 6.5346E-01 7.3923E-01 7.9967E-01 8.1614E-01 7.9803E-01 7.7482E-01 7.3639E-01 8.7504E-01 9.4862E-01 1.0216E+00 1.1988E+00 1.3459E+00 1.3353E+00 1.2984E+00 1.2974E+00 1.2222E+00 1.1507E+00 1.1323E+00 1.1686E+00 1.1901E+00 1.2029E+00 1.2119E+00 1.2103E+00 1.1915E+00 1.1514E+00 1.0901E+00 1.0121E+00 9.2324E-01 8.4135E-01 8.1758E-01 7.8077E-01 7.3932E-01 7.0797E-01 6.9077E-01 6.8247E-01 6.6814E-01 6.3736E-01 5.8928E-01 5.3017E-01
1.8998E-01 1.9945E-01 2.0871E-01 2.1839E-01 2.2832E-01 2.3902E-01 2.5213E-01 2.6743E-01 2.8597E-01 3.0791E-01 3.3378E-01 3.6339E-01 3.9496E-01 4.2430E-01 4.4648E-01 4.5921E-01 4.8372E-01 5.4189E-01 6.1647E-01 7.0797E-01 7.9964E-01 8.5905E-01 8.6370E-01 8.3523E-01 8.0160E-01 8.5654E-01 9.8379E-01 1.0207E+00 1.1998E+00 1.3854E+00 1.4279E+00 1.3806E+00 1.3855E+00 1.3056E+00 1.2232E+00 1.2151E+00 1.2503E+00 1.2702E+00 1.2849E+00 1.2928E+00 1.2883E+00 1.2618E+00 1.2106E+00 1.1359E+00 1.0425E+00 9.4102E-01 8.7715E-01 8.5121E-01 8.1536E-01 7.8167E-01 7.5931E-01 7.4648E-01 7.3190E-01 7.0153E-01 6.5077E-01 5.8590E-01 5.1533E-01
