20231023_webinar_progetto_murano/data_input/lapost_grid/max1h.grd
ncols        81
nrows        81
xllcorner      7.602250000E+05
yllcorner      5.036725000E+06
cellsize      5.000000000E+01
nodata_value         -9
[rows 25 to 49 of 81, columns 0 to 56 of 81]
4.1915E-01 4.9885E-01 5.7071E-01 7.0167E-01 8.4292E-01 9.9218E-01 1.1455E+00 1.3016E+00 1.4551E+00 1.6000E+00 1.7306E+00 1.8479E+00 1.9554E+00 2.0620E+00 2.1746E+00 2.3002E+00 2.4369E+00 2.5874E+00 2.7731E+00 2.9932E+00 3.2288E+00 3.4033E+00 4.1583E+00 4.6657E+00 4.3788E+00 4.0365E+00 5.6715E+00 7.2502E+00 6.9282E+00 7.7016E+00 1.0913E+01 1.3405E+01 1.5902E+01 1.6336E+01 1.9252E+01 1.0800E+01 1.0816E+01 5.8136E+00 6.8640E+00 8.7067E+00 2.1985E+01 2.1265E+01 1.0638E+01 8.6929E+00 1.6934E+01 1.6394E+01 2.6014E+01 2.0467E+01 2.5802E+01 1.9551E+01 1.1808E+01 1.5510E+01 1.1518E+01 1.2267E+01 6.9878E+00 6.4877E+00 6.4584E+00
4.6599E-01 5.5685E-01 6.3507E-01 6.9639E-01 7.3825E-01 8.5920E-01 1.0152E+00 1.1814E+00 1.3503E+00 1.5148E+00 1.6669E+00 1.8049E+00 1.9319E+00 2.0530E+00 2.1675E+00 2.2809E+00 2.3915E+00 2.5078E+00 2.6621E+00 2.8797E+00 3.1710E+00 3.4871E+00 4.1177E+00 5.2616E+00 5.1886E+00 4.4337E+00 4.7050E+00 7.0621E+00 7.7882E+00 8.0752E+00 1.0662E+01 2.6539E+01 1.9142E+01 2.4884E+01 2.1789E+01 1.9603E+01 8.0307E+00 5.8578E+00 7.1830E+00 1.1419E+01 2.3897E+01 2.0123E+01 1.1739E+01 1.2415E+01 1.2784E+01 2.3235E+01 3.9761E+01 3.6506E+01 2.5224E+01 2.0591E+01 1.2714E+01 1.9833E+01 1.1903E+01 8.0898E+00 7.6201E+00 7.3310E+00 5.9617E+00
5.1556E-01 6.1864E-01 7.0909E-01 7.8182E-01 8.3416E-01 8.6724E-01 8.8342E-01 1.0288E+00 1.2061E+00 1.3880E+00 1.5634E+00 1.7291E+00 1.8873E+00 2.0383E+00 2.1739E+00 2.2984E+00 2.4051E+00 2.4965E+00 2.5942E+00 2.7330E+00 2.9471E+00 3.2373E+00 3.7999E+00 5.3426E+00 6.3113E+00 5.2608E+00 4.8554E+00 7.8663E+00 6.6244E+00 8.9271E+00 1.3538E+01 2.0363E+01 3.1400E+01 2.5659E+01 3.3264E+01 1.3103E+01 8.6071E+00 6.2078E+00 7.3933E+00 1.6753E+01 1.6291E+01 9.4130E+00 1.1674E+01 9.1558E+00 1.3056E+01 2.2609E+01 4.1776E+01 3.8687E+01 2.1585E+01 3.0854E+01 1.9490E+01 2.0060E+01 1.2375E+01 1.3936E+01 1.0164E+01 8.9334E+00 8.5163E+00
5.6242E-01 6.7779E-01 7.8095E-01 8.6555E-01 9.2918E-01 9.7262E-01 9.9818E-01 1.0100E+00 1.0474E+00 1.2144E+00 1.4089E+00 1.6026E+00 1.7997E+00 1.9954E+00 2.1721E+00 2.3312E+00 2.4621E+00 2.5604E+00 2.6316E+00 2.7048E+00 2.7993E+00 2.9233E+00 3.4634E+00 5.0388E+00 7.0056E+00 6.8174E+00 5.9491E+00 8.2677E+00 7.2873E+00 7.0276E+00 1.2254E+01 1.3814E+01 2.0241E+01 1.9808E+01 3.7464E+01 1.9626E+01 8.6004E+00 8.1935E+00 8.8043E+00 1.2563E+01 1.2877E+01 7.3644E+00 7.1476E+00 5.6501E+00 1.1207E+01 2.3300E+01 4.1087E+01 4.3298E+01 1.9748E+01 2.6441E+01 2.5197E+01 2.6330E+01 2.2449E+01 2.2147E+01 1.7366E+01 1.4076E+01 1.1521E+01
6.0315E-01 7.3097E-01 8.4751E-01 9.4432E-01 1.0194E+00 1.0734E+00 1.1084E+00 1.1297E+00 1.1416E+00 1.1461E+00 1.2519E+00 1.4102E+00 1.6430E+00 1.8883E+00 2.1216E+00 2.3355E+00 2.5153E+00 2.6526E+00 2.7446E+00 2.8164E+00 2.8579E+00 2.9164E+00 3.1064E+00 4.3711E+00 6.4080E+00 8.1686E+00 6.4245E+00 6.6617E+00 9.2612E+00 6.1016E+00 8.0813E+00 1.1957E+01 1.7866E+01 1.5229E+01 2.9032E+01 1.5515E+01 1.1943E+01 7.4910E+00 8.7354E+00 9.2750E+00 1.2944E+01 7.9095E+00 7.0213E+00 6.7670E+00 8.9041E+00 2.0676E+01 2.7457E+01 2.2563E+01 2.2563E+01 2.5156E+01 1.7198E+01 1.5979E+01 1.2299E+01 1.2807E+01 1.2844E+01 1.1560E+01 9.7675E+00
6.3496E-01 7.7382E-01 9.0283E-01 1.0111E+00 1.0970E+00 1.1616E+00 1.2066E+00 1.2373E+00 1.2592E+00 1.2726E+00 1.2857E+00 1.3631E+00 1.4781E+00 1.6859E+00 1.9760E+00 2.2577E+00 2.5107E+00 2.7191E+00 2.8648E+00 2.9727E+00 3.0409E+00 3.0281E+00 2.9097E+00 3.9889E+00 5.8452E+00 8.4895E+00 8.0986E+00 6.3600E+00 1.1895E+01 7.8609E+00 7.6775E+00 7.7107E+00 1.2866E+01 1.5551E+01 2.5567E+01 1.8534E+01 9.9099E+00 7.7733E+00 7.2632E+00 1.0336E+01 1.5953E+01 9.0207E+00 6.1824E+00 6.8794E+00 6.2015E+00 1.0584E+01 1.9284E+01 1.6683E+01 1.7566E+01 1.7153E+01 1.5678E+01 1.4964E+01 1.0665E+01 1.1277E+01 8.9333E+00 8.4413E+00 8.2222E+00
6.5513E-01 8.0216E-01 9.4076E-01 1.0594E+00 1.1561E+00 1.2320E+00 1.2882E+00 1.3286E+00 1.3585E+00 1.3789E+00 1.3999E+00 1.4188E+00 1.4762E+00 1.6071E+00 1.7334E+00 2.0533E+00 2.3952E+00 2.7138E+00 2.9631E+00 3.1422E+00 3.2562E+00 3.3006E+00 3.2809E+00 3.6530E+00 5.3773E+00 7.7677E+00 1.0024E+01 8.1133E+00 1.2331E+01 7.0374E+00 9.1043E+00 9.5103E+00 1.0139E+01 1.4309E+01 2.8111E+01 2.7973E+01 1.8224E+01 1.0667E+01 7.3527E+00 1.2871E+01 1.8252E+01 1.0526E+01 8.1726E+00 7.1270E+00 6.5250E+00 1.0055E+01 1.6308E+01 1.1089E+01 1.2852E+01 1.2152E+01 1.4666E+01 1.1377E+01 1.0015E+01 7.5348E+00 8.2700E+00 7.8270E+00 6.7544E+00
6.6309E-01 8.1559E-01 9.6121E-01 1.0892E+00 1.1973E+00 1.2858E+00 1.3550E+00 1.4062E+00 1.4436E+00 1.4694E+00 1.4954E+00 1.5181E+00 1.5451E+00 1.5923E+00 1.7415E+00 1.8883E+00 2.1088E+00 2.5506E+00 2.9674E+00 3.2970E+00 3.4868E+00 3.5727E+00 3.6394E+00 3.6875E+00 4.6467E+00 6.9200E+00 1.0097E+01 1.1097E+01 1.0601E+01 8.1815E+00 6.8829E+00 9.7812E+00 1.1689E+01 1.5462E+01 2.2968E+01 3.4559E+01 2.4204E+01 1.3040E+01 9.7275E+00 1.2096E+01 2.5847E+01 1.6804E+01 1.0058E+01 8.1084E+00 8.6164E+00 1.1004E+01 1.8148E+01 9.5677E+00 1.0646E+01 1.0907E+01 1.1892E+01 8.8181E+00 7.9651E+00 8.4836E+00 7.1817E+00 6.1912E+00 6.9899E+00
6.5560E-01 8.1037E-01 9.6021E-01 1.0954E+00 1.2140E+00 1.3156E+00 1.3987E+00 1.4634E+00 1.5117E+00 1.5465E+00 1.5810E+00 1.6115E+00 1.6440E+00 1.6742E+00 1.7086E+00 1.8818E+00 2.0559E+00 2.2314E+00 2.7265E+00 3.2528E+00 3.6233E+00 3.8537E+00 4.0047E+00 4.0434E+00 4.1508E+00 5.8274E+00 8.4631E+00 1.1838E+01 1.5861E+01 1.0240E+01 1.0038E+01 8.5403E+00 1.0832E+01 1.8943E+01 1.7763E+01 1.8036E+01 1.5725E+01 1.0975E+01 1.1175E+01 1.2796E+01 1.3893E+01 1.3223E+01 1.1039E+01 8.1337E+00 9.4286E+00 1.4327E+01 2.6714E+01 1.0685E+01 1.8789E+01 9.2988E+00 1.2726E+01 7.8692E+00 9.1732E+00 7.5693E+00 6.0184E+00 5.1826E+00 5.4441E+00
6.2894E-01 7.8131E-01 9.3100E-01 1.0699E+00 1.1970E+00 1.3114E+00 1.4098E+00 1.4923E+00 1.5582E+00 1.6105E+00 1.6638E+00 1.7140E+00 1.7635E+00 1.7988E+00 1.8192E+00 1.8359E+00 2.0282E+00 2.2432E+00 2.4741E+00 2.7586E+00 3.3956E+00 4.0112E+00 4.5024E+00 4.6813E+00 4.6503E+00 5.8158E+00 8.7984E+00 1.1815E+01 2.1364E+01 1.8169E+01 1.3849E+01 9.2614E+00 1.2688E+01 2.3368E+01 1.7969E+01 1.8789E+01 1.6537E+01 9.1172E+00 1.5687E+01 1.1507E+01 1.6343E+01 1.3193E+01 1.2025E+01 9.4746E+00 1.2663E+01 2.3542E+01 3.3323E+01 2.5117E+01 1.0364E+01 1.0146E+01 1.0506E+01 6.9894E+00 7.6429E+00 6.9249E+00 5.8918E+00 4.0204E+00 4.1408E+00
6.0756E-01 7.9677E-01 9.6112E-01 1.0873E+00 1.1678E+00 1.2608E+00 1.3733E+00 1.4744E+00 1.5621E+00 1.6406E+00 1.7227E+00 1.8049E+00 1.8887E+00 1.9532E+00 1.9926E+00 2.0166E+00 2.0325E+00 2.1848E+00 2.4641E+00 2.7866E+00 3.1500E+00 3.6200E+00 4.6431E+00 5.4605E+00 5.8197E+00 6.5615E+00 9.3923E+00 1.1338E+01 1.6670E+01 2.5540E+01 1.8173E+01 1.3688E+01 1.3509E+01 1.7668E+01 1.8599E+01 3.4699E+01 3.4156E+01 1.8676E+01 1.1358E+01 1.4520E+01 2.0031E+01 1.6845E+01 1.3463E+01 1.4766E+01 2.0169E+01 2.9688E+01 4.9396E+01 3.5542E+01 1.4868E+01 1.1537E+01 8.1642E+00 7.2946E+00 6.6938E+00 5.9905E+00 5.3665E+00 5.3090E+00 4.0018E+00
6.2660E-01 8.2316E-01 9.9092E-01 1.1158E+00 1.1941E+00 1.2388E+00 1.2799E+00 1.3869E+00 1.4940E+00 1.5978E+00 1.7103E+00 1.8312E+00 1.9621E+00 2.0821E+00 2.1893E+00 2.2900E+00 2.3731E+00 2.3936E+00 2.3565E+00 2.7318E+00 3.1741E+00 3.6843E+00 4.2537E+00 4.9931E+00 6.4559E+00 7.5548E+00 7.0961E+00 8.4756E+00 1.9474E+01 1.9528E+01 1.2513E+01 9.7663E+00 1.8293E+01 2.1048E+01 1.8749E+01 1.8931E+01 1.7412E+01 1.5397E+01 1.1141E+01 1.8158E+01 2.2225E+01 2.1889E+01 2.1913E+01 2.2084E+01 2.1914E+01 2.1405E+01 3.9171E+01 2.0829E+01 1.2859E+01 9.1097E+00 8.4296E+00 6.3956E+00 5.9013E+00 5.6009E+00 5.2858E+00 5.1721E+00 4.3611E+00
6.4240E-01 8.4719E-01 1.0214E+00 1.1498E+00 1.2315E+00 1.2911E+00 1.3606E+00 1.4214E+00 1.4840E+00 1.5510E+00 1.6220E+00 1.7326E+00 1.9007E+00 2.0759E+00 2.2731E+00 2.4953E+00 2.7024E+00 2.8233E+00 2.8470E+00 2.8075E+00 3.0303E+00 3.6388E+00 4.3813E+00 5.2593E+00 6.2846E+00 7.6173E+00 9.4683E+00 9.4510E+00 8.2357E+00 1.5270E+01 1.2983E+01 1.4396E+01 1.4247E+01 1.9930E+01 2.3769E+01 2.9907E+01 1.9595E+01 1.5829E+01 1.2919E+01 2.0405E+01 2.7127E+01 6.3828E+01 3.1313E+01 1.5518E+01 1.5019E+01 3.9199E+01 2.8506E+01 1.9442E+01 1.1886E+01 8.4838E+00 7.5406E+00 6.7049E+00 5.3798E+00 4.6939E+00 4.5299E+00 4.2703E+00 4.3451E+00
6.6945E-01 8.6011E-01 1.0427E+00 1.1796E+00 1.2706E+00 1.3245E+00 1.3955E+00 1.4617E+00 1.5307E+00 1.5990E+00 1.6667E+00 1.7328E+00 1.7904E+00 1.8546E+00 2.1019E+00 2.3968E+00 2.6945E+00 2.9389E+00 3.1391E+00 3.3319E+00 3.5443E+00 3.7579E+00 4.2110E+00 5.3175E+00 6.6868E+00 8.4542E+00 1.0235E+01 1.1407E+01 1.1681E+01 1.0877E+01 1.1278E+01 1.1979E+01 1.5574E+01 2.0704E+01 2.6889E+01 3.8571E+01 1.4775E+01 1.3632E+01 1.7267E+01 2.2707E+01 3.7037E+01 3.2754E+01 2.5355E+01 1.4646E+01 1.1778E+01 3.4993E+01 1.7501E+01 1.4624E+01 1.5475E+01 1.1155E+01 7.8653E+00 6.0903E+00 4.9870E+00 4.5450E+00 4.2243E+00 3.9858E+00 3.7821E+00
6.7924E-01 8.4682E-01 1.0317E+00 1.1714E+00 1.2667E+00 1.3258E+00 1.3848E+00 1.4553E+00 1.5273E+00 1.5932E+00 1.6572E+00 1.7183E+00 1.7737E+00 1.8265E+00 1.8870E+00 1.9632E+00 2.2268E+00 2.5217E+00 2.8476E+00 3.2679E+00 3.8449E+00 4.6142E+00 5.2011E+00 5.3472E+00 6.5611E+00 8.8606E+00 1.0879E+01 1.2055E+01 1.3140E+01 1.4796E+01 1.6259E+01 1.5682E+01 1.4371E+01 2.2636E+01 2.9270E+01 3.0549E+01 2.1921E+01 2.4662E+01 2.0366E+01 3.4710E+01 2.7589E+01 1.9143E+01 1.4990E+01 1.0486E+01 9.8726E+00 2.1257E+01 1.3788E+01 9.5630E+00 1.0981E+01 9.7962E+00 8.0215E+00 6.3025E+00 5.2396E+00 4.7478E+00 4.3212E+00 4.0081E+00 3.7710E+00
6.6184E-01 8.1643E-01 9.7462E-01 1.1060E+00 1.1954E+00 1.2526E+00 1.3225E+00 1.3936E+00 1.4633E+00 1.5234E+00 1.5828E+00 1.6423E+00 1.7013E+00 1.7691E+00 1.8589E+00 1.9731E+00 2.0899E+00 2.3226E+00 2.6911E+00 3.1105E+00 3.5532E+00 3.9624E+00 4.4083E+00 5.1794E+00 6.4165E+00 8.3693E+00 1.1015E+01 1.3318E+01 1.3725E+01 1.4529E+01 1.7598E+01 2.2370E+01 2.6173E+01 2.7707E+01 3.1137E+01 3.1494E+01 2.0156E+01 1.1836E+01 1.7796E+01 2.5415E+01 2.6769E+01 1.6595E+01 1.4227E+01 9.6060E+00 1.0328E+01 1.3940E+01 9.6491E+00 9.2597E+00 8.9322E+00 7.2609E+00 7.0273E+00 6.2229E+00 5.6126E+00 4.9265E+00 4.4542E+00 4.0770E+00 3.7972E+00
6.1748E-01 7.5871E-01 8.8382E-01 9.8879E-01 1.0685E+00 1.1415E+00 1.2129E+00 1.2793E+00 1.3421E+00 1.3942E+00 1.4475E+00 1.5050E+00 1.5658E+00 1.6380E+00 1.7483E+00 2.0693E+00 2.3812E+00 2.6721E+00 3.0032E+00 3.5111E+00 4.0282E+00 4.1967E+00 4.4261E+00 4.7185E+00 4.8877E+00 5.5439E+00 8.1947E+00 1.1748E+01 1.5572E+01 1.8434E+01 1.8097E+01 1.8208E+01 2.1257E+01 3.3711E+01 2.8955E+01 2.0559E+01 1.4306E+01 1.1263E+01 1.5852E+01 1.8946E+01 2.1533E+01 1.5151E+01 1.6150E+01 9.9542E+00 8.6102E+00 1.2745E+01 9.0963E+00 8.8418E+00 7.5770E+00 6.6923E+00 6.1414E+00 5.7766E+00 5.4426E+00 5.0511E+00 4.6176E+00 4.2138E+00 3.8887E+00
5.5536E-01 6.8033E-01 7.9123E-01 8.7891E-01 9.5183E-01 1.0162E+00 1.0799E+00 1.1481E+00 1.2308E+00 1.3109E+00 1.3826E+00 1.4697E+00 1.6155E+00 1.8785E+00 2.2392E+00 2.6232E+00 3.0556E+00 3.5365E+00 3.9744E+00 4.5517E+00 4.8924E+00 4.7199E+00 5.1135E+00 5.8290E+00 6.3328E+00 6.3672E+00 7.8007E+00 8.8554E+00 1.0406E+01 1.2478E+01 2.6105E+01 2.2214E+01 2.5331E+01 4.1260E+01 4.8308E+01 2.3663E+01 1.2335E+01 1.0976E+01 1.3373E+01 1.5566E+01 1.7218E+01 1.3933E+01 1.2683E+01 1.3691E+01 8.8521E+00 1.1738E+01 9.5903E+00 8.9302E+00 7.0923E+00 6.2456E+00 5.9330E+00 5.5894E+00 5.2994E+00 5.0228E+00 4.6942E+00 4.3233E+00 3.9845E+00
5.6970E-01 7.3608E-01 8.7855E-01 9.9293E-01 1.0940E+00 1.1933E+00 1.2985E+00 1.4140E+00 1.5351E+00 1.6541E+00 1.7786E+00 1.9262E+00 2.1227E+00 2.4045E+00 2.7522E+00 3.1341E+00 3.6415E+00 4.2574E+00 4.7475E+00 5.1878E+00 5.2663E+00 5.1786E+00 4.8895E+00 5.5295E+00 6.5834E+00 8.0100E+00 8.7950E+00 9.3410E+00 1.0694E+01 1.3643E+01 2.8555E+01 2.8563E+01 4.0938E+01 3.5203E+01 3.3978E+01 1.9928E+01 1.1890E+01 1.3519E+01 1.1182E+01 1.4302E+01 1.5131E+01 1.3334E+01 9.2756E+00 1.4990E+01 8.7446E+00 1.0605E+01 7.5610E+00 8.1229E+00 8.1413E+00 7.1625E+00 6.3107E+00 5.6511E+00 5.0635E+00 4.8514E+00 4.6219E+00 4.3255E+00 4.0184E+00
6.4295E-01 8.3966E-01 1.0107E+00 1.1490E+00 1.2726E+00 1.3985E+00 1.5361E+00 1.6880E+00 1.8407E+00 1.9890E+00 2.1563E+00 2.3690E+00 2.6545E+00 2.9619E+00 3.2351E+00 3.5457E+00 3.9805E+00 4.3292E+00 4.6407E+00 5.0982E+00 5.4721E+00 5.5607E+00 5.9998E+00 7.4476E+00 9.1629E+00 1.0329E+01 1.0274E+01 1.0816E+01 1.2459E+01 1.8851E+01 1.8536E+01 2.8539E+01 3.3265E+01 2.8052E+01 3.3386E+01 1.6052E+01 1.2902E+01 1.1805E+01 1.0908E+01 1.2152E+01 1.4060E+01 1.2329E+01 8.7041E+00 1.3381E+01 1.2081E+01 9.8315E+00 7.7731E+00 6.5676E+00 7.0067E+00 7.2424E+00 6.8083E+00 6.1503E+00 5.4430E+00 4.6915E+00 4.4150E+00 4.1990E+00 3.9586E+00
7.1385E-01 9.4064E-01 1.1365E+00 1.2945E+00 1.4368E+00 1.5880E+00 1.7583E+00 1.9410E+00 2.1223E+00 2.3022E+00 2.4947E+00 2.7493E+00 3.0648E+00 3.2968E+00 3.4293E+00 3.5512E+00 3.8318E+00 4.1325E+00 4.4683E+00 4.6492E+00 4.9599E+00 5.8477E+00 7.0319E+00 8.4833E+00 9.9715E+00 1.0376E+01 9.8130E+00 1.1169E+01 1.6107E+01 1.1675E+01 1.5224E+01 1.9336E+01 2.1937E+01 2.7519E+01 2.9920E+01 1.4147E+01 1.1993E+01 1.0300E+01 9.6824E+00 9.5860E+00 1.2079E+01 1.0753E+01 8.3794E+00 1.0533E+01 1.2788E+01 9.1434E+00 6.5580E+00 6.7591E+00 5.7643E+00 6.3023E+00 6.5459E+00 6.2750E+00 5.7480E+00 5.1514E+00 4.5168E+00 3.9668E+00 3.8079E+00
7.7364E-01 1.0263E+00 1.2417E+00 1.4177E+00 1.5778E+00 1.7610E+00 1.9680E+00 2.1548E+00 2.3244E+00 2.5119E+00 2.6747E+00 2.8552E+00 3.0890E+00 3.1661E+00 3.1433E+00 3.2275E+00 3.4746E+00 3.6123E+00 3.9348E+00 4.6928E+00 5.5986E+00 6.6670E+00 7.8220E+00 8.8836E+00 9.4969E+00 9.4160E+00 1.1087E+01 1.4331E+01 8.6445E+00 1.0163E+01 1.1552E+01 1.5277E+01 1.7438E+01 2.6892E+01 2.5360E+01 1.2650E+01 1.2112E+01 9.3953E+00 9.2552E+00 9.4507E+00 1.0191E+01 9.1947E+00 7.4481E+00 8.1801E+00 1.0762E+01 9.8372E+00 6.5478E+00 6.1299E+00 5.6571E+00 5.2294E+00 5.7530E+00 5.8725E+00 5.6696E+00 5.2879E+00 4.7981E+00 4.2760E+00 3.7426E+00
8.1350E-01 1.0855E+00 1.3187E+00 1.5202E+00 1.7026E+00 1.8963E+00 2.0822E+00 2.2219E+00 2.3218E+00 2.4426E+00 2.5373E+00 2.5901E+00 2.6561E+00 2.6155E+00 2.5534E+00 2.7573E+00 3.2225E+00 3.8270E+00 4.5502E+00 5.4008E+00 6.3553E+00 7.3522E+00 8.2260E+00 8.6749E+00 8.6396E+00 1.0060E+01 1.2040E+01 6.6938E+00 8.6476E+00 8.6871E+00 1.1736E+01 1.3209E+01 1.4618E+01 2.4984E+01 2.2895E+01 1.2027E+01 1.1051E+01 9.5616E+00 8.2770E+00 7.7400E+00 8.6679E+00 8.0367E+00 7.0228E+00 6.8911E+00 8.6642E+00 8.9841E+00 7.0834E+00 5.8824E+00 5.7286E+00 5.0587E+00 4.9393E+00 5.2300E+00 5.2997E+00 5.1349E+00 4.8121E+00 4.4346E+00 4.0241E+00
8.3497E-01 1.1174E+00 1.3602E+00 1.5800E+00 1.7631E+00 1.9058E+00 1.9947E+00 2.0569E+00 2.0916E+00 2.1183E+00 2.1787E+00 2.1530E+00 2.2077E+00 2.3780E+00 2.6888E+00 3.1416E+00 3.7074E+00 4.4056E+00 5.1999E+00 6.0602E+00 6.8882E+00 7.5592E+00 7.9094E+00 7.7405E+00 8.5422E+00 9.2490E+00 5.8509E+00 7.3584E+00 7.6778E+00 8.8246E+00 1.1236E+01 1.0182E+01 1.2307E+01 2.2920E+01 2.0793E+01 1.1820E+01 8.2295E+00 8.4981E+00 7.5986E+00 6.9506E+00 7.3660E+00 7.4133E+00 6.9550E+00 6.4375E+00 7.0081E+00 7.6030E+00 6.7966E+00 5.5428E+00 5.7440E+00 5.4037E+00 4.5798E+00 4.6184E+00 4.8103E+00 4.8252E+00 4.6755E+00 4.4336E+00 4.1286E+00
8.4142E-01 1.1198E+00 1.3413E+00 1.5330E+00 1.6776E+00 1.7677E+00 1.8011E+00 1.8178E+00 1.8161E+00 1.7927E+00 1.9215E+00 2.0718E+00 2.3245E+00 2.6440E+00 3.0511E+00 3.5680E+00 4.1948E+00 4.9349E+00 5.7001E+00 6.3942E+00 6.8919E+00 7.1038E+00 6.9336E+00 6.6397E+00 6.6477E+00 4.8898E+00 5.6250E+00 6.3344E+00 6.5788E+00 8.4005E+00 8.5652E+00 8.7201E+00 1.2238E+01 2.0192E+01 1.8533E+01 1.1447E+01 7.8032E+00 6.7960E+00 6.7251E+00 6.2627E+00 6.7380E+00 6.8445E+00 5.6546E+00 5.7210E+00 5.8692E+00 6.3565E+00 6.1324E+00 5.2339E+00 5.5192E+00 5.3461E+00 4.7692E+00 4.1884E+00 4.3576E+00 4.4611E+00 4.4461E+00 4.3240E+00 4.1196E+00
