20231023_webinar_progetto_murano/data_input/lapost_grid/max1h.grd
ncols        81
nrows        81
xllcorner      7.602250000E+05
yllcorner      5.036725000E+06
cellsize      5.000000000E+01
nodata_value         -9
[rows 50 to 74 of 81, columns 0 to 56 of 81]
8.2959E-01 1.0946E+00 1.2669E+00 1.3825E+00 1.4610E+00 1.5142E+00 1.5391E+00 1.5958E+00 1.7323E+00 1.8627E+00 2.0626E+00 2.3116E+00 2.6124E+00 2.9709E+00 3.4029E+00 3.9324E+00 4.5497E+00 5.2272E+00 5.8275E+00 6.2205E+00 6.3120E+00 6.0721E+00 5.4650E+00 5.0524E+00 4.2642E+00 4.3741E+00 5.2545E+00 5.4881E+00 6.6436E+00 7.2423E+00 7.0833E+00 7.5247E+00 1.1570E+01 1.7302E+01 1.6155E+01 1.0896E+01 6.9780E+00 5.8812E+00 5.7448E+00 5.9019E+00 6.1371E+00 6.2370E+00 4.9949E+00 4.9367E+00 5.1339E+00 5.4536E+00 5.4596E+00 4.9027E+00 5.1483E+00 5.0935E+00 4.7601E+00 4.2015E+00 4.0105E+00 4.1251E+00 4.1854E+00 4.1552E+00 4.0421E+00
7.8360E-01 1.0328E+00 1.1561E+00 1.1836E+00 1.2346E+00 1.3613E+00 1.4837E+00 1.6033E+00 1.7635E+00 1.9828E+00 2.2328E+00 2.5170E+00 2.8443E+00 3.2160E+00 3.6467E+00 4.1421E+00 4.6704E+00 5.1796E+00 5.5280E+00 5.5959E+00 5.3242E+00 4.7278E+00 3.8884E+00 4.0191E+00 4.1775E+00 4.4276E+00 4.8417E+00 5.5628E+00 6.2052E+00 6.1438E+00 6.3657E+00 6.8392E+00 1.0856E+01 1.5119E+01 1.4312E+01 1.0358E+01 7.0904E+00 5.6320E+00 5.4783E+00 5.7556E+00 5.7705E+00 5.6863E+00 4.7527E+00 4.6001E+00 4.6795E+00 4.8710E+00 4.9340E+00 4.6347E+00 4.7578E+00 4.7776E+00 4.6050E+00 4.2571E+00 3.7930E+00 3.8381E+00 3.9212E+00 3.9452E+00 3.9003E+00
6.8350E-01 8.9242E-01 9.6908E-01 1.1030E+00 1.2247E+00 1.3514E+00 1.5102E+00 1.6809E+00 1.8790E+00 2.1109E+00 2.3718E+00 2.6570E+00 2.9759E+00 3.3324E+00 3.7329E+00 4.1512E+00 4.5318E+00 4.8109E+00 4.8775E+00 4.6558E+00 4.1318E+00 3.3906E+00 3.7105E+00 3.9204E+00 4.1147E+00 4.3934E+00 4.8605E+00 5.4220E+00 5.6804E+00 5.3230E+00 5.7678E+00 6.4553E+00 9.9806E+00 1.3264E+01 1.2885E+01 9.9177E+00 7.1718E+00 5.7685E+00 5.4924E+00 5.6225E+00 5.5470E+00 5.1881E+00 4.7652E+00 4.5631E+00 4.4416E+00 4.4818E+00 4.5375E+00 4.3701E+00 4.4474E+00 4.4877E+00 4.3892E+00 4.1854E+00 3.8786E+00 3.5583E+00 3.6382E+00 3.6918E+00 3.6989E+00
6.5304E-01 8.0037E-01 9.4793E-01 1.0998E+00 1.2605E+00 1.4301E+00 1.6043E+00 1.7889E+00 1.9928E+00 2.2232E+00 2.4761E+00 2.7422E+00 3.0321E+00 3.3441E+00 3.6659E+00 3.9527E+00 4.1474E+00 4.1845E+00 3.9978E+00 3.5693E+00 3.0045E+00 3.3662E+00 3.6548E+00 3.8677E+00 4.0988E+00 4.4195E+00 4.8431E+00 5.2088E+00 5.1839E+00 4.9315E+00 5.2213E+00 6.0594E+00 9.1320E+00 1.1686E+01 1.1612E+01 9.4850E+00 7.2161E+00 5.8759E+00 5.4858E+00 5.4955E+00 5.3817E+00 5.0610E+00 4.7654E+00 4.5908E+00 4.3884E+00 4.2013E+00 4.2302E+00 4.1252E+00 4.2023E+00 4.2392E+00 4.1717E+00 4.0533E+00 3.8706E+00 3.6033E+00 3.3542E+00 3.4180E+00 3.4624E+00
6.7890E-01 8.4189E-01 9.9805E-01 1.1568E+00 1.3265E+00 1.5069E+00 1.6932E+00 1.8875E+00 2.0926E+00 2.3118E+00 2.5414E+00 2.7692E+00 3.0050E+00 3.2354E+00 3.4338E+00 3.5560E+00 3.5593E+00 3.3961E+00 3.0431E+00 2.6864E+00 3.0557E+00 3.3796E+00 3.6527E+00 3.8766E+00 4.1211E+00 4.4255E+00 4.7516E+00 4.9238E+00 4.7458E+00 4.6463E+00 4.9379E+00 5.5974E+00 8.4554E+00 1.0511E+01 1.0582E+01 9.0342E+00 7.1661E+00 5.9154E+00 5.4464E+00 5.3469E+00 5.1951E+00 4.9226E+00 4.6984E+00 4.5410E+00 4.3002E+00 3.9893E+00 3.9886E+00 3.9089E+00 3.9638E+00 4.0044E+00 3.9627E+00 3.8956E+00 3.8008E+00 3.6377E+00 3.3857E+00 3.1443E+00 3.2033E+00
7.1637E-01 8.9061E-01 1.0566E+00 1.2239E+00 1.4019E+00 1.5899E+00 1.7781E+00 1.9733E+00 2.1690E+00 2.3609E+00 2.5460E+00 2.7122E+00 2.8636E+00 2.9809E+00 3.0378E+00 3.0024E+00 2.8516E+00 2.5666E+00 2.4013E+00 2.7668E+00 3.1061E+00 3.4069E+00 3.6683E+00 3.8995E+00 4.1372E+00 4.3815E+00 4.5796E+00 4.6011E+00 4.3756E+00 4.3444E+00 4.6587E+00 5.3838E+00 7.8039E+00 9.4687E+00 9.5832E+00 8.4308E+00 6.9355E+00 5.8416E+00 5.3426E+00 5.1482E+00 4.9533E+00 4.7056E+00 4.5165E+00 4.3692E+00 4.1375E+00 3.8210E+00 3.7949E+00 3.7206E+00 3.7378E+00 3.7777E+00 3.7571E+00 3.7212E+00 3.6775E+00 3.5938E+00 3.4224E+00 3.1667E+00 2.9314E+00
7.5169E-01 9.3895E-01 1.1176E+00 1.2936E+00 1.4757E+00 1.6634E+00 1.8446E+00 2.0265E+00 2.1961E+00 2.3436E+00 2.4652E+00 2.5506E+00 2.6005E+00 2.5986E+00 2.5295E+00 2.3783E+00 2.1403E+00 2.1227E+00 2.4744E+00 2.8151E+00 3.1312E+00 3.4101E+00 3.6601E+00 3.8911E+00 4.1045E+00 4.2797E+00 4.3763E+00 4.3102E+00 4.0808E+00 4.0090E+00 4.3758E+00 5.0928E+00 7.1045E+00 8.4310E+00 8.5572E+00 7.7104E+00 6.5584E+00 5.6514E+00 5.1580E+00 4.9052E+00 4.6847E+00 4.4458E+00 4.2627E+00 4.1181E+00 3.9165E+00 3.6769E+00 3.6348E+00 3.5593E+00 3.5307E+00 3.5728E+00 3.5715E+00 3.5564E+00 3.5373E+00 3.4922E+00 3.3871E+00 3.2032E+00 2.9769E+00
7.8377E-01 9.8487E-01 1.1753E+00 1.3553E+00 1.5329E+00 1.7098E+00 1.8712E+00 2.0235E+00 2.1503E+00 2.2405E+00 2.2867E+00 2.2839E+00 2.2364E+00 2.1361E+00 1.9801E+00 1.7685E+00 1.8452E+00 2.1804E+00 2.5138E+00 2.8347E+00 3.1312E+00 3.3939E+00 3.6295E+00 3.8423E+00 4.0230E+00 4.1429E+00 4.1605E+00 4.0412E+00 3.8203E+00 3.6818E+00 4.0761E+00 4.7790E+00 6.4322E+00 7.4732E+00 7.5870E+00 6.9952E+00 6.2784E+00 5.4939E+00 4.9354E+00 4.6503E+00 4.4751E+00 4.2080E+00 4.0276E+00 3.8821E+00 3.7012E+00 3.5393E+00 3.4903E+00 3.4130E+00 3.3504E+00 3.3992E+00 3.4124E+00 3.4088E+00 3.4011E+00 3.3768E+00 3.3191E+00 3.2030E+00 3.0265E+00
8.0718E-01 1.0176E+00 1.2145E+00 1.3922E+00 1.5569E+00 1.7115E+00 1.8400E+00 1.9490E+00 2.0208E+00 2.0461E+00 2.0171E+00 1.9355E+00 1.8127E+00 1.6507E+00 1.5636E+00 1.5804E+00 1.8912E+00 2.2150E+00 2.5353E+00 2.8402E+00 3.1191E+00 3.3657E+00 3.5862E+00 3.7784E+00 3.9128E+00 3.9743E+00 3.9364E+00 3.7816E+00 3.5632E+00 3.3943E+00 3.7852E+00 4.4608E+00 5.8241E+00 6.6454E+00 6.7327E+00 6.5135E+00 6.0017E+00 5.3792E+00 4.8898E+00 4.6022E+00 4.4050E+00 4.1446E+00 3.8213E+00 3.6728E+00 3.5000E+00 3.3986E+00 3.3522E+00 3.2761E+00 3.1883E+00 3.2491E+00 3.2734E+00 3.2754E+00 3.2729E+00 3.2627E+00 3.2352E+00 3.1668E+00 3.0416E+00
8.1917E-01 1.0289E+00 1.2229E+00 1.3917E+00 1.5368E+00 1.6586E+00 1.7426E+00 1.7974E+00 1.8074E+00 1.7694E+00 1.6798E+00 1.5453E+00 1.3821E+00 1.4836E+00 1.4387E+00 1.6213E+00 1.9202E+00 2.2328E+00 2.5394E+00 2.8282E+00 3.0882E+00 3.3146E+00 3.5101E+00 3.6721E+00 3.7683E+00 3.7795E+00 3.6932E+00 3.5160E+00 3.2957E+00 3.1412E+00 3.5391E+00 4.1281E+00 5.2560E+00 5.9165E+00 6.0669E+00 6.0845E+00 5.7049E+00 5.1936E+00 4.7709E+00 4.5020E+00 4.3049E+00 4.0597E+00 3.6849E+00 3.4666E+00 3.2973E+00 3.2513E+00 3.2150E+00 3.1439E+00 3.0311E+00 3.1104E+00 3.1516E+00 3.1638E+00 3.1676E+00 3.1669E+00 3.1579E+00 3.1214E+00 3.0374E+00
8.2073E-01 1.0222E+00 1.2035E+00 1.3533E+00 1.4681E+00 1.5471E+00 1.5796E+00 1.5778E+00 1.7344E+00 1.6240E+00 1.3156E+00 1.1878E+00 1.3682E+00 1.3829E+00 1.4796E+00 1.6513E+00 1.9347E+00 2.2301E+00 2.5174E+00 2.7869E+00 3.0271E+00 3.2319E+00 3.3966E+00 3.5181E+00 3.5783E+00 3.5511E+00 3.4299E+00 3.2451E+00 3.0680E+00 2.9874E+00 3.3505E+00 3.7785E+00 4.7050E+00 5.2386E+00 5.6132E+00 5.6906E+00 5.4013E+00 4.9785E+00 4.6173E+00 4.3688E+00 4.1715E+00 3.9364E+00 3.6041E+00 3.2653E+00 3.0983E+00 3.0971E+00 3.0771E+00 3.0152E+00 2.9119E+00 2.9737E+00 3.0356E+00 3.0617E+00 3.0742E+00 3.0821E+00 3.0873E+00 3.0743E+00 3.0213E+00
8.0481E-01 9.9240E-01 1.1523E+00 1.2722E+00 1.3476E+00 1.3792E+00 1.3622E+00 1.4384E+00 1.4341E+00 1.2285E+00 1.0909E+00 1.1862E+00 1.2929E+00 1.4154E+00 1.5539E+00 1.6970E+00 1.9234E+00 2.1950E+00 2.4595E+00 2.7079E+00 2.9264E+00 3.1072E+00 3.2430E+00 3.3276E+00 3.3498E+00 3.2917E+00 3.1546E+00 2.9702E+00 2.8676E+00 2.8843E+00 3.2011E+00 3.4268E+00 4.1844E+00 4.6506E+00 5.1835E+00 5.2985E+00 5.0887E+00 4.7522E+00 4.4462E+00 4.2143E+00 4.0149E+00 3.7873E+00 3.4910E+00 3.1242E+00 2.9138E+00 2.9384E+00 2.9378E+00 2.8885E+00 2.7959E+00 2.8270E+00 2.9122E+00 2.9571E+00 2.9825E+00 3.0001E+00 3.0164E+00 3.0194E+00 2.9884E+00
7.6249E-01 9.3008E-01 1.0617E+00 1.1943E+00 1.2629E+00 1.2632E+00 1.2565E+00 1.1901E+00 1.0234E+00 1.0854E+00 1.1735E+00 1.2682E+00 1.3711E+00 1.4833E+00 1.6011E+00 1.7104E+00 1.8792E+00 2.1227E+00 2.3608E+00 2.5851E+00 2.7797E+00 2.9323E+00 3.0374E+00 3.0908E+00 3.0857E+00 3.0133E+00 2.8765E+00 2.7463E+00 2.6674E+00 2.7889E+00 3.0709E+00 3.1852E+00 3.7314E+00 4.3025E+00 4.7891E+00 4.9269E+00 4.7909E+00 4.5306E+00 4.2703E+00 4.0520E+00 3.8510E+00 3.6264E+00 3.3505E+00 3.0241E+00 2.7477E+00 2.7795E+00 2.7991E+00 2.7646E+00 2.6842E+00 2.6708E+00 2.7793E+00 2.8460E+00 2.8878E+00 2.9162E+00 2.9411E+00 2.9552E+00 2.9412E+00
6.8763E-01 9.2947E-01 1.1537E+00 1.3508E+00 1.3793E+00 1.2468E+00 1.0525E+00 9.8916E-01 1.0837E+00 1.1734E+00 1.2592E+00 1.3477E+00 1.4381E+00 1.5303E+00 1.6186E+00 1.6892E+00 1.8129E+00 2.0272E+00 2.2354E+00 2.4293E+00 2.5943E+00 2.7185E+00 2.7966E+00 2.8258E+00 2.8016E+00 2.7233E+00 2.5938E+00 2.5787E+00 2.4774E+00 2.6886E+00 2.9370E+00 3.0390E+00 3.3534E+00 3.9948E+00 4.4474E+00 4.6072E+00 4.5273E+00 4.3236E+00 4.0998E+00 3.8954E+00 3.6967E+00 3.4755E+00 3.2134E+00 2.9181E+00 2.6063E+00 2.6210E+00 2.6601E+00 2.6418E+00 2.5753E+00 2.5208E+00 2.6329E+00 2.7221E+00 2.7826E+00 2.8234E+00 2.8558E+00 2.8777E+00 2.8773E+00
7.7121E-01 1.0466E+00 1.2267E+00 1.3356E+00 1.2661E+00 1.0045E+00 9.7332E-01 1.0770E+00 1.1725E+00 1.2604E+00 1.3402E+00 1.4162E+00 1.4865E+00 1.5515E+00 1.6056E+00 1.6371E+00 1.7376E+00 1.9221E+00 2.0981E+00 2.2583E+00 2.3906E+00 2.4873E+00 2.5424E+00 2.5519E+00 2.5138E+00 2.4317E+00 2.4519E+00 2.4157E+00 2.2982E+00 2.5915E+00 2.8077E+00 2.9947E+00 3.1128E+00 3.7283E+00 4.1535E+00 4.3290E+00 4.2936E+00 4.1352E+00 3.9411E+00 3.7494E+00 3.5537E+00 3.3355E+00 3.0852E+00 2.8132E+00 2.5329E+00 2.4652E+00 2.5219E+00 2.5203E+00 2.4692E+00 2.4342E+00 2.4813E+00 2.5915E+00 2.6708E+00 2.7248E+00 2.7642E+00 2.7906E+00 2.7986E+00
8.8278E-01 1.1550E+00 1.2086E+00 1.1063E+00 9.3873E-01 9.4460E-01 1.0594E+00 1.1639E+00 1.2578E+00 1.3401E+00 1.4091E+00 1.4673E+00 1.5131E+00 1.5481E+00 1.5681E+00 1.5644E+00 1.6594E+00 1.8145E+00 1.9599E+00 2.0897E+00 2.1933E+00 2.2644E+00 2.2972E+00 2.2876E+00 2.2360E+00 2.3169E+00 2.3253E+00 2.2621E+00 2.2249E+00 2.5093E+00 2.7744E+00 2.9640E+00 3.0667E+00 3.5024E+00 3.9073E+00 4.0962E+00 4.0955E+00 3.9742E+00 3.8033E+00 3.6208E+00 3.4266E+00 3.2095E+00 2.9672E+00 2.7115E+00 2.4548E+00 2.3141E+00 2.3851E+00 2.4002E+00 2.3654E+00 2.3463E+00 2.3418E+00 2.4576E+00 2.5547E+00 2.6212E+00 2.6678E+00 2.6983E+00 2.7132E+00
8.9230E-01 1.1146E+00 1.0483E+00 8.1145E-01 9.0463E-01 1.0266E+00 1.1406E+00 1.2417E+00 1.3290E+00 1.4007E+00 1.4549E+00 1.4932E+00 1.5149E+00 1.5225E+00 1.5134E+00 1.4818E+00 1.5802E+00 1.7096E+00 1.8282E+00 1.9304E+00 2.0072E+00 2.0530E+00 2.0632E+00 2.0711E+00 2.1793E+00 2.2244E+00 2.1988E+00 2.1123E+00 2.1810E+00 2.5054E+00 2.7613E+00 2.9329E+00 3.0224E+00 3.2839E+00 3.6734E+00 3.8758E+00 3.9079E+00 3.8216E+00 3.6731E+00 3.5001E+00 3.3097E+00 3.0956E+00 2.8601E+00 2.6162E+00 2.3759E+00 2.1665E+00 2.2504E+00 2.2813E+00 2.2628E+00 2.2553E+00 2.2697E+00 2.3203E+00 2.4319E+00 2.5100E+00 2.5642E+00 2.5992E+00 2.6179E+00
7.8524E-01 9.0064E-01 7.5930E-01 8.5383E-01 9.8371E-01 1.1051E+00 1.2141E+00 1.3063E+00 1.3814E+00 1.4379E+00 1.4749E+00 1.4934E+00 1.4936E+00 1.4782E+00 1.4461E+00 1.3935E+00 1.4991E+00 1.6079E+00 1.7043E+00 1.7817E+00 1.8336E+00 1.8565E+00 1.9217E+00 2.0501E+00 2.1216E+00 2.1301E+00 2.0741E+00 1.9678E+00 2.2090E+00 2.5150E+00 2.7519E+00 2.9069E+00 2.9838E+00 3.0719E+00 3.4468E+00 3.6626E+00 3.7236E+00 3.6671E+00 3.5408E+00 3.3821E+00 3.2018E+00 2.9970E+00 2.7703E+00 2.5346E+00 2.3039E+00 2.0862E+00 2.1193E+00 2.1640E+00 2.1607E+00 2.1567E+00 2.1902E+00 2.1826E+00 2.3053E+00 2.3949E+00 2.4581E+00 2.4993E+00 2.5225E+00
6.3895E-01 6.6372E-01 7.8407E-01 9.2633E-01 1.0580E+00 1.1763E+00 1.2768E+00 1.3562E+00 1.4156E+00 1.4547E+00 1.4741E+00 1.4744E+00 1.4564E+00 1.4229E+00 1.3737E+00 1.3193E+00 1.4196E+00 1.5100E+00 1.5858E+00 1.6407E+00 1.6721E+00 1.7740E+00 1.9213E+00 2.0182E+00 2.0556E+00 2.0318E+00 1.9500E+00 1.9038E+00 2.2352E+00 2.5229E+00 2.7411E+00 2.8798E+00 2.9445E+00 2.9463E+00 3.2223E+00 3.4450E+00 3.5247E+00 3.4917E+00 3.3905E+00 3.2538E+00 3.0901E+00 2.8998E+00 2.6860E+00 2.4603E+00 2.2371E+00 2.0267E+00 1.9938E+00 2.0502E+00 2.0603E+00 2.0524E+00 2.1049E+00 2.1162E+00 2.1771E+00 2.2774E+00 2.3504E+00 2.3991E+00 2.4281E+00
5.2927E-01 6.8963E-01 8.4638E-01 9.9235E-01 1.1230E+00 1.2351E+00 1.3245E+00 1.3888E+00 1.4310E+00 1.4521E+00 1.4543E+00 1.4382E+00 1.4053E+00 1.3580E+00 1.2967E+00 1.2566E+00 1.3419E+00 1.4150E+00 1.4718E+00 1.5085E+00 1.6244E+00 1.7861E+00 1.9067E+00 1.9731E+00 1.9798E+00 1.9286E+00 1.8261E+00 1.9435E+00 2.2603E+00 2.5296E+00 2.7289E+00 2.8512E+00 2.9040E+00 2.8973E+00 3.0014E+00 3.2183E+00 3.3044E+00 3.2907E+00 3.2157E+00 3.1049E+00 2.9640E+00 2.7934E+00 2.5965E+00 2.3839E+00 2.1695E+00 1.9656E+00 1.8759E+00 1.9411E+00 1.9622E+00 1.9424E+00 2.0130E+00 2.0426E+00 2.0470E+00 2.1569E+00 2.2401E+00 2.2969E+00 2.3325E+00
5.7306E-01 7.4168E-01 9.0320E-01 1.0492E+00 1.1747E+00 1.2770E+00 1.3531E+00 1.4018E+00 1.4272E+00 1.4315E+00 1.4181E+00 1.3880E+00 1.3430E+00 1.2852E+00 1.2151E+00 1.1954E+00 1.2662E+00 1.3235E+00 1.3646E+00 1.4759E+00 1.6455E+00 1.7839E+00 1.8768E+00 1.9137E+00 1.8929E+00 1.8192E+00 1.7089E+00 1.9794E+00 2.2814E+00 2.5327E+00 2.7139E+00 2.8206E+00 2.8617E+00 2.8467E+00 2.7846E+00 2.9854E+00 3.0731E+00 3.0763E+00 3.0231E+00 2.9347E+00 2.8163E+00 2.6680E+00 2.4916E+00 2.2955E+00 2.0937E+00 1.8997E+00 1.7663E+00 1.8367E+00 1.8657E+00 1.8535E+00 1.9159E+00 1.9630E+00 1.9700E+00 2.0328E+00 2.1254E+00 2.1908E+00 2.2336E+00
6.1328E-01 7.8787E-01 9.5122E-01 1.0938E+00 1.2105E+00 1.2997E+00 1.3607E+00 1.3933E+00 1.4031E+00 1.3924E+00 1.3657E+00 1.3244E+00 1.2702E+00 1.2048E+00 1.1291E+00 1.1355E+00 1.1926E+00 1.2364E+00 1.3321E+00 1.5043E+00 1.6540E+00 1.7675E+00 1.8325E+00 1.8418E+00 1.7968E+00 1.7053E+00 1.6970E+00 2.0083E+00 2.2947E+00 2.5286E+00 2.6927E+00 2.7850E+00 2.8153E+00 2.7923E+00 2.7193E+00 2.7609E+00 2.8472E+00 2.8617E+00 2.8232E+00 2.7502E+00 2.6483E+00 2.5186E+00 2.3622E+00 2.1864E+00 2.0027E+00 1.8239E+00 1.6638E+00 1.7363E+00 1.7708E+00 1.7663E+00 1.8145E+00 1.8777E+00 1.9017E+00 1.9051E+00 2.0058E+00 2.0790E+00 2.1295E+00
6.4912E-01 8.2686E-01 9.8873E-01 1.1246E+00 1.2293E+00 1.3028E+00 1.3468E+00 1.3634E+00 1.3588E+00 1.3354E+00 1.2979E+00 1.2477E+00 1.1864E+00 1.1156E+00 1.0365E+00 1.0754E+00 1.1197E+00 1.1952E+00 1.3650E+00 1.5213E+00 1.6497E+00 1.7380E+00 1.7765E+00 1.7609E+00 1.6960E+00 1.5979E+00 1.7300E+00 2.0294E+00 2.3000E+00 2.5167E+00 2.6649E+00 2.7438E+00 2.7633E+00 2.7322E+00 2.6518E+00 2.5543E+00 2.6372E+00 2.6570E+00 2.6272E+00 2.5632E+00 2.4714E+00 2.3553E+00 2.2167E+00 2.0625E+00 1.9001E+00 1.7394E+00 1.5875E+00 1.6385E+00 1.6765E+00 1.6786E+00 1.7099E+00 1.7874E+00 1.8271E+00 1.8292E+00 1.8784E+00 1.9598E+00 2.0188E+00
6.7618E-01 8.5374E-01 1.0110E+00 1.1373E+00 1.2280E+00 1.2847E+00 1.3117E+00 1.3131E+00 1.2962E+00 1.2628E+00 1.2176E+00 1.1611E+00 1.0949E+00 1.0209E+00 9.7153E-01 1.0129E+00 1.0605E+00 1.2264E+00 1.3850E+00 1.5243E+00 1.6311E+00 1.6951E+00 1.7090E+00 1.6719E+00 1.5909E+00 1.5520E+00 1.7537E+00 2.0421E+00 2.2974E+00 2.4971E+00 2.6295E+00 2.6956E+00 2.7048E+00 2.6653E+00 2.5773E+00 2.4386E+00 2.4429E+00 2.4646E+00 2.4394E+00 2.3807E+00 2.2956E+00 2.1897E+00 2.0661E+00 1.9314E+00 1.7898E+00 1.6483E+00 1.5111E+00 1.5429E+00 1.5832E+00 1.5907E+00 1.6021E+00 1.6921E+00 1.7459E+00 1.7633E+00 1.7449E+00 1.8318E+00 1.8993E+00
6.9127E-01 8.6522E-01 1.0147E+00 1.1294E+00 1.2055E+00 1.2461E+00 1.2578E+00 1.2466E+00 1.2198E+00 1.1790E+00 1.1283E+00 1.0672E+00 9.9784E-01 9.2236E-01 9.0994E-01 9.4151E-01 1.0845E+00 1.2424E+00 1.3879E+00 1.5092E+00 1.5946E+00 1.6359E+00 1.6284E+00 1.5737E+00 1.4885E+00 1.4919E+00 1.7656E+00 2.0428E+00 2.2835E+00 2.4660E+00 2.5822E+00 2.6352E+00 2.6338E+00 2.5861E+00 2.4908E+00 2.3469E+00 2.2632E+00 2.2860E+00 2.2632E+00 2.2078E+00 2.1277E+00 2.0299E+00 1.9184E+00 1.8001E+00 1.6768E+00 1.5526E+00 1.4303E+00 1.4489E+00 1.4899E+00 1.5018E+00 1.4920E+00 1.5919E+00 1.6578E+00 1.6884E+00 1.6839E+00 1.6949E+00 1.7696E+00
