20231023_webinar_progetto_murano/data_input/lapost_grid/max1h.grd
ncols        81
nrows        81
xllcorner      7.602250000E+05
yllcorner      5.036725000E+06
cellsize      5.000000000E+01
nodata_value         -9
[rows 0 to 24 of 81, columns 0 to 56 of 81]
3.4855E-01 4.2483E-01 4.9634E-01 5.5889E-01 6.1096E-01 6.4988E-01 6.7412E-01 6.8197E-01 6.7460E-01 6.5166E-01 6.7640E-01 7.6168E-01 8.4941E-01 9.2676E-01 9.8053E-01 9.9371E-01 9.5582E-01 8.6874E-01 7.4529E-01 7.3534E-01 7.7950E-01 8.3694E-01 1.0015E+00 1.1361E+00 1.2304E+00 1.2805E+00 1.2787E+00 1.2217E+00 1.1214E+00 1.0032E+00 8.9094E-01 8.5774E-01 9.4879E-01 1.0164E+00 1.0506E+00 1.0417E+00 1.0598E+00 1.0813E+00 1.0847E+00 1.0850E+00 1.0961E+00 1.1243E+00 1.1648E+00 1.2022E+00 1.2179E+00 1.2027E+00 1.1462E+00 1.0450E+00 9.2737E-01 9.3390E-01 1.0535E+00 1.2250E+00 1.3322E+00 1.3668E+00 1.3083E+00 1.1337E+00 8.9430E-01
4.1311E-01 5.0470E-01 5.9104E-01 6.6714E-01 7.3111E-01 7.7963E-01 8.1107E-01 8.2405E-01 8.1989E-01 7.9765E-01 7.8717E-01 8.9087E-01 1.0024E+00 1.1076E+00 1.1911E+00 1.2297E+00 1.2062E+00 1.1168E+00 9.7287E-01 8.9450E-01 9.5852E-01 1.0294E+00 1.2417E+00 1.4164E+00 1.5412E+00 1.6120E+00 1.6190E+00 1.5530E+00 1.4261E+00 1.2723E+00 1.1263E+00 1.0596E+00 1.1787E+00 1.2676E+00 1.3116E+00 1.2981E+00 1.2843E+00 1.3044E+00 1.3030E+00 1.3003E+00 1.3139E+00 1.3511E+00 1.4057E+00 1.4572E+00 1.4807E+00 1.4645E+00 1.3959E+00 1.2700E+00 1.1749E+00 1.2166E+00 1.3877E+00 1.6654E+00 1.9036E+00 1.9460E+00 1.8108E+00 1.5290E+00 1.1761E+00
4.6720E-01 5.7215E-01 6.7157E-01 7.5996E-01 8.3507E-01 8.9312E-01 9.3259E-01 9.5262E-01 9.5454E-01 9.3670E-01 9.0262E-01 9.8847E-01 1.1178E+00 1.2477E+00 1.3631E+00 1.4351E+00 1.4398E+00 1.3641E+00 1.2131E+00 1.0349E+00 1.1227E+00 1.1938E+00 1.4515E+00 1.6638E+00 1.8161E+00 1.9067E+00 1.9253E+00 1.8567E+00 1.7095E+00 1.5230E+00 1.3441E+00 1.2573E+00 1.4035E+00 1.5109E+00 1.5590E+00 1.5322E+00 1.4953E+00 1.5103E+00 1.5016E+00 1.4949E+00 1.5508E+00 1.6328E+00 1.7104E+00 1.7074E+00 1.7258E+00 1.7121E+00 1.6319E+00 1.4799E+00 1.4063E+00 1.4598E+00 1.6443E+00 2.0089E+00 2.3357E+00 2.3721E+00 2.1628E+00 1.7962E+00 1.3650E+00
5.0796E-01 6.2358E-01 7.3347E-01 8.3179E-01 9.1629E-01 9.8337E-01 1.0317E+00 1.0608E+00 1.0714E+00 1.0615E+00 1.0344E+00 1.0523E+00 1.1901E+00 1.3373E+00 1.4810E+00 1.5910E+00 1.6368E+00 1.5937E+00 1.4559E+00 1.2447E+00 1.2640E+00 1.3596E+00 1.6123E+00 1.8589E+00 2.0368E+00 2.1468E+00 2.1817E+00 2.1209E+00 1.9641E+00 1.7492E+00 1.5361E+00 1.4440E+00 1.6151E+00 1.7393E+00 1.7923E+00 1.7532E+00 1.6808E+00 1.6870E+00 1.6684E+00 1.7144E+00 1.7704E+00 1.8515E+00 1.9299E+00 1.9225E+00 1.9454E+00 1.9379E+00 1.8487E+00 1.6732E+00 1.6087E+00 1.6748E+00 1.8454E+00 2.2270E+00 2.6644E+00 2.6712E+00 2.3870E+00 1.9427E+00 1.4546E+00
5.3390E-01 6.5727E-01 7.7500E-01 8.8117E-01 9.7378E-01 1.0501E+00 1.1090E+00 1.1492E+00 1.1709E+00 1.1713E+00 1.1537E+00 1.1171E+00 1.2230E+00 1.3765E+00 1.5403E+00 1.6884E+00 1.7861E+00 1.7949E+00 1.6931E+00 1.4907E+00 1.3770E+00 1.5056E+00 1.7200E+00 1.9988E+00 2.2015E+00 2.3314E+00 2.3873E+00 2.3449E+00 2.1906E+00 1.9518E+00 1.7020E+00 1.6171E+00 1.8125E+00 1.9526E+00 2.0099E+00 1.9576E+00 1.8382E+00 1.8319E+00 1.8057E+00 1.8920E+00 1.9412E+00 2.0054E+00 2.0938E+00 2.0939E+00 2.1442E+00 2.1478E+00 2.0549E+00 1.8587E+00 1.7914E+00 1.8546E+00 2.0402E+00 2.4624E+00 2.9026E+00 2.9278E+00 2.5822E+00 2.0399E+00 1.5637E+00
5.4454E-01 6.7288E-01 7.9633E-01 9.0911E-01 1.0095E+00 1.0959E+00 1.1672E+00 1.2206E+00 1.2558E+00 1.2687E+00 1.2623E+00 1.2346E+00 1.2247E+00 1.3734E+00 1.5462E+00 1.7261E+00 1.8787E+00 1.9530E+00 1.9089E+00 1.7386E+00 1.4678E+00 1.6303E+00 1.7789E+00 2.0894E+00 2.3169E+00 2.4671E+00 2.5466E+00 2.5316E+00 2.3919E+00 2.1361E+00 1.8480E+00 1.7776E+00 1.9993E+00 2.1554E+00 2.2155E+00 2.1482E+00 1.9676E+00 1.9453E+00 2.0029E+00 2.0267E+00 2.0703E+00 2.1085E+00 2.2019E+00 2.2346E+00 2.3295E+00 2.3510E+00 2.2555E+00 2.0357E+00 1.9676E+00 1.9868E+00 2.2064E+00 2.6934E+00 3.1247E+00 3.1247E+00 2.7174E+00 2.0933E+00 1.7366E+00
5.5493E-01 6.7170E-01 7.9961E-01 9.1879E-01 1.0274E+00 1.1246E+00 1.2086E+00 1.2757E+00 1.3245E+00 1.3502E+00 1.3548E+00 1.3363E+00 1.3015E+00 1.3435E+00 1.5120E+00 1.7090E+00 1.9069E+00 2.0506E+00 2.0846E+00 1.9785E+00 1.7373E+00 1.7327E+00 1.9206E+00 2.1410E+00 2.3928E+00 2.5607E+00 2.6585E+00 2.6683E+00 2.5490E+00 2.2870E+00 1.9677E+00 1.9322E+00 2.1853E+00 2.3605E+00 2.4207E+00 2.3321E+00 2.0960E+00 2.0324E+00 2.1673E+00 2.1229E+00 2.1640E+00 2.1839E+00 2.2449E+00 2.3810E+00 2.5085E+00 2.5546E+00 2.4614E+00 2.2149E+00 2.1327E+00 2.1017E+00 2.3400E+00 2.9024E+00 3.3198E+00 3.1884E+00 2.7332E+00 2.0793E+00 1.8988E+00
5.7487E-01 6.8380E-01 7.8916E-01 9.1193E-01 1.0295E+00 1.1379E+00 1.2344E+00 1.3144E+00 1.3756E+00 1.4131E+00 1.4286E+00 1.4201E+00 1.3946E+00 1.3547E+00 1.4478E+00 1.6407E+00 1.8626E+00 2.0668E+00 2.1936E+00 2.1889E+00 2.0197E+00 1.8088E+00 2.0557E+00 2.2546E+00 2.4285E+00 2.6097E+00 2.7196E+00 2.7520E+00 2.6608E+00 2.4052E+00 2.0606E+00 2.0853E+00 2.3725E+00 2.5717E+00 2.6293E+00 2.5094E+00 2.2248E+00 2.1298E+00 2.2909E+00 2.2250E+00 2.2687E+00 2.2891E+00 2.3301E+00 2.5189E+00 2.6888E+00 2.7682E+00 2.6831E+00 2.4089E+00 2.2758E+00 2.2166E+00 2.4422E+00 3.0430E+00 3.4714E+00 3.2644E+00 2.7291E+00 2.0315E+00 2.0491E+00
5.9084E-01 7.0189E-01 8.0898E-01 9.1025E-01 1.0124E+00 1.1322E+00 1.2419E+00 1.3352E+00 1.4079E+00 1.4568E+00 1.4835E+00 1.4860E+00 1.4699E+00 1.4373E+00 1.3944E+00 1.5377E+00 1.7568E+00 2.0016E+00 2.2224E+00 2.3460E+00 2.2908E+00 2.0253E+00 2.1639E+00 2.4328E+00 2.6234E+00 2.7249E+00 2.7491E+00 2.8062E+00 2.7481E+00 2.5032E+00 2.1281E+00 2.2323E+00 2.5672E+00 2.7958E+00 2.8506E+00 2.6901E+00 2.3447E+00 2.2743E+00 2.3831E+00 2.3613E+00 2.3975E+00 2.4067E+00 2.4181E+00 2.6497E+00 2.8661E+00 2.9856E+00 2.9090E+00 2.6029E+00 2.3861E+00 2.3014E+00 2.4784E+00 3.2501E+00 3.7810E+00 3.4377E+00 2.7446E+00 2.1084E+00 2.1862E+00
6.0238E-01 7.1518E-01 8.2337E-01 9.2594E-01 1.0212E+00 1.1132E+00 1.2341E+00 1.3417E+00 1.4261E+00 1.4858E+00 1.5228E+00 1.5361E+00 1.5286E+00 1.5020E+00 1.4678E+00 1.4320E+00 1.6201E+00 1.8763E+00 2.1676E+00 2.4163E+00 2.5016E+00 2.3459E+00 2.2285E+00 2.5803E+00 2.8421E+00 2.9924E+00 3.0432E+00 2.9967E+00 2.8201E+00 2.6042E+00 2.1950E+00 2.3824E+00 2.7660E+00 3.0293E+00 3.0862E+00 2.8796E+00 2.4700E+00 2.4510E+00 2.4809E+00 2.4828E+00 2.5036E+00 2.4713E+00 2.4798E+00 2.7584E+00 3.0316E+00 3.1943E+00 3.1215E+00 2.7779E+00 2.5022E+00 2.3773E+00 2.4881E+00 3.3830E+00 3.9982E+00 3.5314E+00 2.7196E+00 2.2266E+00 2.3103E+00
6.0852E-01 7.2296E-01 8.3244E-01 9.3605E-01 1.0324E+00 1.1267E+00 1.2217E+00 1.3324E+00 1.4312E+00 1.5018E+00 1.5655E+00 1.6103E+00 1.6150E+00 1.5662E+00 1.5244E+00 1.5040E+00 1.5568E+00 1.7076E+00 2.0218E+00 2.3611E+00 2.5980E+00 2.6115E+00 2.3697E+00 2.6730E+00 3.0285E+00 3.2523E+00 3.3570E+00 3.3489E+00 3.1919E+00 2.8540E+00 2.3556E+00 2.5376E+00 2.9796E+00 3.2860E+00 3.3465E+00 3.0783E+00 2.7404E+00 2.6318E+00 2.5585E+00 2.5670E+00 2.5778E+00 2.4941E+00 2.5232E+00 2.8474E+00 3.1924E+00 3.4025E+00 3.3279E+00 2.9379E+00 2.6407E+00 2.5237E+00 2.5553E+00 3.5266E+00 4.2736E+00 3.6117E+00 2.6551E+00 2.3318E+00 2.4262E+00
6.0778E-01 7.2359E-01 8.3473E-01 9.3965E-01 1.0370E+00 1.1321E+00 1.2283E+00 1.3247E+00 1.4235E+00 1.5209E+00 1.6144E+00 1.6909E+00 1.7381E+00 1.7384E+00 1.6805E+00 1.5620E+00 1.6207E+00 1.7087E+00 1.7996E+00 2.1641E+00 2.5217E+00 2.7416E+00 2.7055E+00 2.6860E+00 3.1619E+00 3.5003E+00 3.6908E+00 3.7316E+00 3.5981E+00 3.2600E+00 2.7123E+00 2.7022E+00 3.2126E+00 3.5658E+00 3.6261E+00 3.2796E+00 3.0185E+00 2.8057E+00 2.5901E+00 2.6813E+00 2.6473E+00 2.5574E+00 2.5842E+00 2.9190E+00 3.3429E+00 3.6204E+00 3.5433E+00 3.0951E+00 2.8022E+00 2.6919E+00 2.6855E+00 3.7046E+00 4.4595E+00 3.6228E+00 2.5810E+00 2.4310E+00 2.5367E+00
6.2796E-01 7.4593E-01 8.4476E-01 9.3704E-01 1.0365E+00 1.1325E+00 1.2286E+00 1.3244E+00 1.4230E+00 1.5234E+00 1.6269E+00 1.7248E+00 1.8081E+00 1.8597E+00 1.8637E+00 1.7983E+00 1.6936E+00 1.7843E+00 1.8544E+00 1.9354E+00 2.3047E+00 2.7231E+00 2.9500E+00 2.7872E+00 3.2360E+00 3.7503E+00 4.0626E+00 4.1479E+00 4.0363E+00 3.7161E+00 3.1290E+00 2.8888E+00 3.4800E+00 3.8874E+00 3.9542E+00 3.5224E+00 3.2786E+00 3.0419E+00 2.6286E+00 2.7876E+00 2.6976E+00 2.6051E+00 2.8919E+00 2.9862E+00 3.5257E+00 3.8996E+00 3.8164E+00 3.2828E+00 2.9536E+00 2.8229E+00 2.8051E+00 3.8025E+00 4.5448E+00 3.7377E+00 2.6164E+00 2.5328E+00 2.6441E+00
6.6085E-01 7.8995E-01 9.0223E-01 9.9185E-01 1.0589E+00 1.1279E+00 1.2241E+00 1.3182E+00 1.4132E+00 1.5100E+00 1.6134E+00 1.7202E+00 1.8271E+00 1.9213E+00 1.9880E+00 1.9975E+00 1.9283E+00 1.8644E+00 1.9226E+00 1.9732E+00 2.0545E+00 2.5285E+00 2.9859E+00 3.0955E+00 3.2238E+00 3.9978E+00 4.5084E+00 4.6486E+00 4.5351E+00 4.2129E+00 3.6246E+00 3.1611E+00 3.8768E+00 4.3639E+00 4.4492E+00 3.8968E+00 3.5699E+00 3.4721E+00 2.8281E+00 2.8358E+00 2.7008E+00 2.9025E+00 3.3312E+00 3.0831E+00 3.8093E+00 4.3280E+00 4.2207E+00 3.5519E+00 3.1833E+00 3.0672E+00 2.9364E+00 3.9395E+00 4.6756E+00 3.8450E+00 2.7073E+00 2.6468E+00 2.7484E+00
6.8329E-01 8.2106E-01 9.4591E-01 1.0516E+00 1.1369E+00 1.1977E+00 1.2296E+00 1.3085E+00 1.3995E+00 1.4901E+00 1.5871E+00 1.6923E+00 1.8083E+00 1.9282E+00 2.0445E+00 2.1301E+00 2.1535E+00 2.0796E+00 1.9972E+00 2.0287E+00 2.0721E+00 2.1664E+00 2.7359E+00 3.1370E+00 3.1028E+00 4.1913E+00 5.0938E+00 5.3966E+00 5.3229E+00 4.9350E+00 4.3172E+00 3.7915E+00 4.4688E+00 5.0897E+00 5.2017E+00 4.4344E+00 3.8823E+00 4.4248E+00 3.6480E+00 3.1765E+00 2.7968E+00 3.4360E+00 3.8494E+00 3.4304E+00 4.2516E+00 4.9995E+00 4.8251E+00 3.9375E+00 3.3829E+00 3.7384E+00 3.2710E+00 3.9026E+00 4.6403E+00 3.7715E+00 2.8201E+00 2.7712E+00 2.8415E+00
6.9555E-01 8.3991E-01 9.7537E-01 1.0957E+00 1.1974E+00 1.2766E+00 1.3287E+00 1.3541E+00 1.3890E+00 1.4750E+00 1.5647E+00 1.6617E+00 1.7726E+00 1.8971E+00 2.0384E+00 2.1787E+00 2.2845E+00 2.3085E+00 2.2306E+00 2.1079E+00 2.1259E+00 2.1713E+00 2.2999E+00 2.8973E+00 3.2868E+00 4.0664E+00 5.4111E+00 5.9532E+00 5.9584E+00 5.6883E+00 5.0673E+00 4.4852E+00 4.9726E+00 5.7475E+00 5.8643E+00 4.8321E+00 4.0050E+00 5.1374E+00 4.2161E+00 4.1043E+00 3.1900E+00 3.7988E+00 4.3008E+00 3.8800E+00 4.7503E+00 5.8174E+00 5.5749E+00 4.4089E+00 3.7281E+00 4.4229E+00 3.6690E+00 4.1923E+00 4.7643E+00 3.6140E+00 3.1569E+00 2.8872E+00 2.9034E+00
7.0211E-01 8.5162E-01 9.9487E-01 1.1260E+00 1.2402E+00 1.3341E+00 1.4049E+00 1.4537E+00 1.4822E+00 1.4865E+00 1.5477E+00 1.6351E+00 1.7332E+00 1.8475E+00 1.9891E+00 2.1498E+00 2.3031E+00 2.4107E+00 2.4521E+00 2.4074E+00 2.2275E+00 2.2295E+00 2.2730E+00 2.6208E+00 3.5769E+00 4.0184E+00 5.0850E+00 6.0006E+00 6.1878E+00 6.0978E+00 5.4235E+00 4.5692E+00 5.2387E+00 6.1380E+00 6.2310E+00 4.9211E+00 4.1966E+00 4.9450E+00 3.1795E+00 4.5685E+00 3.5909E+00 3.5615E+00 4.5899E+00 4.6014E+00 5.1612E+00 6.5803E+00 6.3211E+00 4.8896E+00 4.1621E+00 5.2401E+00 4.4535E+00 4.5566E+00 5.0191E+00 3.5046E+00 3.6854E+00 2.9601E+00 2.9866E+00
7.0208E-01 8.5472E-01 1.0026E+00 1.1401E+00 1.2617E+00 1.3661E+00 1.4528E+00 1.5233E+00 1.5772E+00 1.6107E+00 1.6200E+00 1.6185E+00 1.7036E+00 1.8015E+00 1.9260E+00 2.0785E+00 2.2453E+00 2.4099E+00 2.5539E+00 2.6444E+00 2.5962E+00 2.3644E+00 2.3473E+00 2.4629E+00 3.4043E+00 4.9721E+00 4.8550E+00 5.9861E+00 6.6259E+00 6.6284E+00 6.1138E+00 5.1240E+00 5.4469E+00 6.5353E+00 6.6066E+00 5.5833E+00 4.9781E+00 4.8146E+00 3.0528E+00 3.9087E+00 4.4319E+00 4.2042E+00 5.1740E+00 5.6952E+00 5.4517E+00 7.2588E+00 7.0050E+00 5.3289E+00 4.2269E+00 6.0216E+00 5.2827E+00 4.4332E+00 4.9301E+00 3.9311E+00 4.0330E+00 3.0988E+00 2.9968E+00
6.9303E-01 8.4778E-01 9.9817E-01 1.1391E+00 1.2649E+00 1.3763E+00 1.4746E+00 1.5609E+00 1.6352E+00 1.6946E+00 1.7342E+00 1.7470E+00 1.7289E+00 1.7742E+00 1.8770E+00 2.0068E+00 2.1625E+00 2.3467E+00 2.5441E+00 2.7314E+00 2.8639E+00 2.8546E+00 2.5775E+00 2.5103E+00 2.7464E+00 4.8194E+00 6.1844E+00 5.7547E+00 7.1268E+00 7.4656E+00 6.8923E+00 5.5227E+00 5.7463E+00 7.1615E+00 7.3518E+00 6.2650E+00 6.2755E+00 5.5861E+00 4.5145E+00 3.4396E+00 4.5303E+00 4.6552E+00 5.2817E+00 6.3126E+00 5.6719E+00 7.9325E+00 7.7049E+00 5.7625E+00 4.6466E+00 6.5148E+00 6.1166E+00 4.3520E+00 4.5964E+00 4.3473E+00 3.6174E+00 3.4142E+00 3.0699E+00
6.7296E-01 8.2853E-01 9.8107E-01 1.1236E+00 1.2520E+00 1.3690E+00 1.4755E+00 1.5712E+00 1.6591E+00 1.7364E+00 1.8004E+00 1.8459E+00 1.8654E+00 1.8514E+00 1.8583E+00 1.9632E+00 2.0919E+00 2.2596E+00 2.4662E+00 2.7129E+00 2.9654E+00 3.1346E+00 3.0900E+00 2.8175E+00 2.6707E+00 3.5265E+00 6.1318E+00 5.9397E+00 7.0954E+00 8.1374E+00 7.5969E+00 6.1112E+00 6.1291E+00 7.9224E+00 8.2295E+00 5.5267E+00 6.7063E+00 6.8659E+00 6.2064E+00 5.3592E+00 5.0239E+00 5.3378E+00 6.5011E+00 6.4772E+00 5.7743E+00 8.5597E+00 8.5499E+00 6.3154E+00 5.5091E+00 6.9039E+00 6.3591E+00 4.7355E+00 4.6688E+00 4.6952E+00 4.4422E+00 3.6733E+00 3.0147E+00
6.4374E-01 7.9795E-01 9.5193E-01 1.0951E+00 1.2261E+00 1.3492E+00 1.4631E+00 1.5654E+00 1.6613E+00 1.7495E+00 1.8301E+00 1.9005E+00 1.9528E+00 1.9826E+00 1.9880E+00 1.9608E+00 2.0889E+00 2.1858E+00 2.3671E+00 2.7046E+00 2.9267E+00 3.1785E+00 3.2981E+00 3.2956E+00 3.0714E+00 3.6583E+00 4.3809E+00 7.2926E+00 6.5246E+00 8.2660E+00 8.4811E+00 7.4679E+00 6.6992E+00 9.0258E+00 9.2733E+00 5.8269E+00 6.4134E+00 6.7157E+00 7.5385E+00 7.5111E+00 6.7967E+00 5.9688E+00 8.6127E+00 5.2341E+00 5.8623E+00 9.4399E+00 9.8177E+00 7.1040E+00 6.5680E+00 8.6427E+00 7.4513E+00 5.5418E+00 5.0061E+00 5.6739E+00 5.0652E+00 3.2520E+00 4.4016E+00
6.0458E-01 7.5456E-01 9.0561E-01 1.0491E+00 1.1844E+00 1.3138E+00 1.4347E+00 1.5442E+00 1.6467E+00 1.7423E+00 1.8327E+00 1.9184E+00 1.9938E+00 2.0598E+00 2.1191E+00 2.1611E+00 2.1643E+00 2.1898E+00 2.2742E+00 2.6810E+00 2.9986E+00 3.0496E+00 3.3161E+00 3.5391E+00 3.5791E+00 3.7769E+00 4.7072E+00 5.8173E+00 7.7715E+00 7.7521E+00 9.5034E+00 8.4189E+00 7.5303E+00 1.0183E+01 1.0602E+01 6.1470E+00 6.3489E+00 3.9821E+00 6.9212E+00 8.8296E+00 9.2243E+00 9.0306E+00 1.0113E+01 4.8884E+00 5.9517E+00 1.0645E+01 1.1596E+01 8.7549E+00 7.5128E+00 8.5650E+00 7.0541E+00 6.4032E+00 6.0976E+00 5.3316E+00 4.6411E+00 4.9837E+00 5.0405E+00
5.5344E-01 6.9686E-01 8.4324E-01 9.8648E-01 1.1261E+00 1.2615E+00 1.3894E+00 1.5078E+00 1.6183E+00 1.7211E+00 1.8187E+00 1.9136E+00 2.0022E+00 2.0922E+00 2.1932E+00 2.2978E+00 2.3771E+00 2.4014E+00 2.3641E+00 2.5781E+00 3.0435E+00 3.2511E+00 3.1769E+00 3.6348E+00 4.0360E+00 4.2045E+00 4.9321E+00 4.6150E+00 8.3137E+00 7.9740E+00 9.8189E+00 1.0068E+01 8.4075E+00 1.1485E+01 1.2198E+01 7.0268E+00 6.6616E+00 5.0188E+00 7.8784E+00 6.3693E+00 9.7297E+00 1.0755E+01 9.2133E+00 6.7275E+00 5.9352E+00 1.1972E+01 1.3980E+01 1.2009E+01 8.2551E+00 8.3114E+00 8.4182E+00 6.0694E+00 7.3705E+00 7.4316E+00 5.4844E+00 8.8079E+00 6.8215E+00
4.8977E-01 6.2375E-01 7.6466E-01 9.0698E-01 1.0501E+00 1.1917E+00 1.3284E+00 1.4587E+00 1.5807E+00 1.6926E+00 1.7968E+00 1.8971E+00 1.9908E+00 2.0907E+00 2.2107E+00 2.3499E+00 2.4862E+00 2.5919E+00 2.6560E+00 2.6585E+00 3.0191E+00 3.4471E+00 3.5327E+00 3.3933E+00 4.0886E+00 4.8761E+00 5.0732E+00 4.6842E+00 4.2672E+00 1.1924E+01 1.0141E+01 1.2005E+01 1.1236E+01 1.2758E+01 1.4081E+01 7.6649E+00 6.3939E+00 9.5480E+00 4.9950E+00 9.5061E+00 7.0366E+00 1.6862E+01 1.2551E+01 1.0992E+01 7.8674E+00 1.2935E+01 1.7429E+01 1.2978E+01 9.6746E+00 1.0353E+01 8.8429E+00 7.8301E+00 9.9611E+00 6.3991E+00 8.3030E+00 7.8278E+00 5.8164E+00
4.1831E-01 5.3972E-01 6.7254E-01 8.1154E-01 9.5571E-01 1.1026E+00 1.2486E+00 1.3920E+00 1.5290E+00 1.6549E+00 1.7688E+00 1.8747E+00 1.9730E+00 2.0764E+00 2.1965E+00 2.3386E+00 2.4930E+00 2.6464E+00 2.7985E+00 2.9283E+00 3.0137E+00 3.4876E+00 3.9357E+00 3.8976E+00 3.6277E+00 4.6962E+00 5.9345E+00 6.1917E+00 5.7007E+00 5.8336E+00 1.4258E+01 1.3556E+01 1.2274E+01 1.3424E+01 1.6810E+01 9.2775E+00 1.1062E+01 6.9959E+00 4.3333E+00 9.8832E+00 1.6024E+01 2.1919E+01 1.0043E+01 1.4902E+01 1.3319E+01 1.4114E+01 2.0767E+01 1.6775E+01 1.2709E+01 1.7666E+01 1.2141E+01 1.1031E+01 1.1753E+01 9.3923E+00 1.0625E+01 6.8593E+00 5.2267E+00
