20231023_webinar_progetto_murano/data_input/lapost_grid/max24h.grd
ncols        81
nrows        81
xllcorner      7.602250000E+05
yllcorner      5.036725000E+06
cellsize      5.000000000E+01
nodata_value         -9
[rows 25 to 49 of 81, columns 0 to 56 of 81]
3.6044E-02 4.5578E-02 5.5570E-02 6.5506E-02 7.5383E-02 8.5237E-02 9.5132E-02 1.0524E-01 1.1546E-01 1.2551E-01 1.3489E-01 1.4370E-01 1.5235E-01 1.6117E-01 1.7052E-01 1.8091E-01 1.9220E-01 2.0955E-01 2.3809E-01 2.7529E-01 3.1160E-01 3.4625E-01 3.7165E-01 3.7613E-01 3.4480E-01 3.4462E-01 6.3959E-01 6.3692E-01 5.7477E-01 7.0837E-01 1.4621E+00 2.7679E+00 2.5045E+00 1.7664E+00 1.6263E+00 9.9932E-01 8.4192E-01 7.2153E-01 7.1685E-01 1.3911E+00 4.0376E+00 3.9984E+00 1.8902E+00 1.3660E+00 1.9424E+00 4.2294E+00 6.1402E+00 2.6120E+00 4.0256E+00 4.4177E+00 2.2671E+00 1.1283E+00 1.0441E+00 1.3664E+00 9.2902E-01 7.1111E-01 5.3415E-01
3.2504E-02 4.0060E-02 4.9211E-02 5.8498E-02 6.8026E-02 7.7845E-02 8.8112E-02 9.9022E-02 1.1036E-01 1.2169E-01 1.3232E-01 1.4213E-01 1.5156E-01 1.6087E-01 1.7013E-01 1.8012E-01 1.9088E-01 2.0186E-01 2.3236E-01 2.7465E-01 3.1397E-01 3.5176E-01 3.9434E-01 4.4446E-01 4.2132E-01 3.7040E-01 5.8541E-01 7.8798E-01 6.0593E-01 6.6531E-01 1.2620E+00 3.2765E+00 2.3872E+00 4.4659E+00 2.4114E+00 1.7897E+00 8.9446E-01 7.4901E-01 6.5024E-01 1.5360E+00 3.8007E+00 2.8204E+00 1.8908E+00 1.4835E+00 2.2695E+00 4.2060E+00 1.1483E+01 5.6366E+00 4.9493E+00 3.6095E+00 2.8844E+00 1.5640E+00 1.5897E+00 1.2129E+00 9.2133E-01 8.9689E-01 8.5757E-01
3.3792E-02 4.3148E-02 5.0997E-02 5.6940E-02 6.1239E-02 6.9411E-02 7.9732E-02 9.1084E-02 1.0329E-01 1.1593E-01 1.2807E-01 1.3942E-01 1.5035E-01 1.6099E-01 1.7104E-01 1.8127E-01 1.9159E-01 2.0151E-01 2.3082E-01 2.8160E-01 3.1920E-01 3.5600E-01 4.0301E-01 4.7950E-01 5.0667E-01 4.2709E-01 4.5842E-01 9.1800E-01 6.6158E-01 7.3635E-01 1.3558E+00 1.9590E+00 7.2542E+00 3.4557E+00 4.0558E+00 1.4069E+00 8.6827E-01 7.6562E-01 7.9848E-01 1.1926E+00 2.5500E+00 1.9896E+00 9.0225E-01 1.5347E+00 2.7127E+00 4.4261E+00 1.5875E+01 1.0036E+01 4.3220E+00 5.4456E+00 4.9908E+00 3.8816E+00 2.7952E+00 2.4694E+00 2.0235E+00 1.5953E+00 1.5658E+00
3.6244E-02 4.6573E-02 5.5439E-02 6.2271E-02 6.7185E-02 7.0627E-02 7.2911E-02 8.1536E-02 9.4063E-02 1.0764E-01 1.2124E-01 1.3438E-01 1.4748E-01 1.6043E-01 1.7243E-01 1.8382E-01 1.9443E-01 2.0400E-01 2.1285E-01 2.5752E-01 3.0305E-01 3.5810E-01 4.1629E-01 4.8954E-01 5.7215E-01 5.3539E-01 4.6746E-01 9.3130E-01 7.5706E-01 7.3272E-01 1.0572E+00 1.6425E+00 5.1764E+00 2.4857E+00 3.8745E+00 1.5103E+00 8.4470E-01 8.0088E-01 8.7432E-01 1.1225E+00 2.1553E+00 1.4475E+00 8.5321E-01 9.1108E-01 1.6928E+00 4.2682E+00 1.2496E+01 5.2845E+00 4.5584E+00 3.3106E+00 1.9417E+01 6.8849E+00 6.1108E+00 5.7935E+00 4.6187E+00 3.6207E+00 3.1432E+00
3.8518E-02 4.9809E-02 5.9574E-02 6.7083E-02 7.2268E-02 7.5692E-02 7.8188E-02 8.1229E-02 8.4326E-02 9.6311E-02 1.1052E-01 1.2518E-01 1.4062E-01 1.5657E-01 1.7162E-01 1.8535E-01 1.9758E-01 2.0837E-01 2.1781E-01 2.2920E-01 2.8364E-01 3.3567E-01 4.2499E-01 4.8487E-01 5.7842E-01 6.6031E-01 5.5494E-01 8.5680E-01 9.7989E-01 7.6718E-01 7.8793E-01 1.8907E+00 2.5157E+00 2.8370E+00 4.9958E+00 2.7059E+00 1.7738E+00 1.2400E+00 1.0080E+00 1.2148E+00 1.7419E+00 1.3474E+00 9.2358E-01 1.1854E+00 1.7571E+00 3.2728E+00 7.2721E+00 4.8158E+00 4.1479E+00 7.5706E+00 5.4011E+00 3.7563E+00 3.0023E+00 2.3796E+00 1.9500E+00 1.5907E+00 1.4190E+00
4.0182E-02 5.2224E-02 6.2631E-02 7.0633E-02 7.6053E-02 7.9621E-02 8.2525E-02 8.6508E-02 9.0791E-02 9.5051E-02 9.9671E-02 1.1150E-01 1.2871E-01 1.4768E-01 1.6650E-01 1.8383E-01 1.9924E-01 2.1282E-01 2.2433E-01 2.3502E-01 2.6439E-01 3.3037E-01 4.2862E-01 4.9302E-01 6.0260E-01 7.6154E-01 6.9702E-01 7.9073E-01 1.2844E+00 8.2369E-01 9.3414E-01 1.1645E+00 1.7261E+00 3.0913E+00 4.8848E+00 3.5613E+00 1.7032E+00 1.0806E+00 1.0377E+00 1.4686E+00 1.4868E+00 1.2565E+00 8.4558E-01 8.2557E-01 1.1852E+00 2.5203E+00 5.7894E+00 3.4171E+00 4.1947E+00 3.9396E+00 4.2375E+00 2.8122E+00 2.3634E+00 2.0015E+00 1.7322E+00 1.5196E+00 1.3110E+00
4.1063E-02 5.3469E-02 6.4213E-02 7.2610E-02 7.8463E-02 8.2556E-02 8.6245E-02 9.1143E-02 9.6371E-02 1.0120E-01 1.0612E-01 1.1120E-01 1.1584E-01 1.3327E-01 1.5533E-01 1.7672E-01 1.9666E-01 2.1520E-01 2.3133E-01 2.4551E-01 2.5720E-01 2.9106E-01 3.8435E-01 5.2526E-01 6.4021E-01 8.5698E-01 9.6463E-01 9.3878E-01 1.5920E+00 9.8668E-01 1.0208E+00 1.0233E+00 1.3844E+00 2.8721E+00 9.0364E+00 3.2637E+00 1.7107E+00 1.1109E+00 9.7951E-01 2.9132E+00 1.8606E+00 1.4071E+00 9.5213E-01 9.5881E-01 1.2999E+00 2.3543E+00 4.3605E+00 3.3422E+00 2.4621E+00 3.3464E+00 3.2509E+00 2.6494E+00 1.7483E+00 1.5552E+00 1.4166E+00 1.2872E+00 1.1907E+00
4.1464E-02 5.3993E-02 6.4992E-02 7.3831E-02 8.0262E-02 8.4991E-02 8.9449E-02 9.4996E-02 1.0119E-01 1.0682E-01 1.1146E-01 1.1610E-01 1.2071E-01 1.2394E-01 1.3646E-01 1.6046E-01 1.8530E-01 2.1184E-01 2.3725E-01 2.5863E-01 2.7353E-01 2.8421E-01 3.1916E-01 4.2724E-01 5.9813E-01 8.9933E-01 1.3017E+00 1.5486E+00 1.8600E+00 1.3290E+00 1.0042E+00 1.0630E+00 1.2269E+00 1.8515E+00 6.4873E+00 5.4261E+00 2.2400E+00 1.4462E+00 1.1716E+00 2.1345E+00 2.5850E+00 1.8633E+00 1.1134E+00 1.0058E+00 1.4084E+00 2.8391E+00 3.2639E+00 2.5223E+00 2.2121E+00 2.5797E+00 3.0822E+00 3.1351E+00 1.6464E+00 1.2389E+00 1.1978E+00 1.1017E+00 1.0744E+00
4.1844E-02 5.4503E-02 6.5814E-02 7.5129E-02 8.2156E-02 8.7487E-02 9.2567E-02 9.8538E-02 1.0533E-01 1.1208E-01 1.1797E-01 1.2347E-01 1.2811E-01 1.3141E-01 1.3790E-01 1.5124E-01 1.6775E-01 1.9752E-01 2.3390E-01 2.6499E-01 2.8889E-01 3.0635E-01 3.2009E-01 3.3311E-01 4.5741E-01 7.0480E-01 1.1051E+00 2.1154E+00 2.5368E+00 1.9647E+00 1.6013E+00 1.2153E+00 1.5750E+00 2.1220E+00 3.4566E+00 4.6081E+00 2.6507E+00 1.4523E+00 1.3427E+00 2.0226E+00 2.3161E+00 1.8946E+00 1.1780E+00 1.1132E+00 1.3875E+00 3.5657E+00 3.3273E+00 2.0322E+00 1.9217E+00 2.5428E+00 2.7011E+00 2.5941E+00 1.6238E+00 1.1916E+00 9.8489E-01 9.6099E-01 9.4424E-01
4.2268E-02 5.5063E-02 6.6589E-02 7.6165E-02 8.3470E-02 8.9113E-02 9.4694E-02 1.0131E-01 1.0851E-01 1.1599E-01 1.2393E-01 1.3179E-01 1.3727E-01 1.4111E-01 1.4945E-01 1.6297E-01 1.7581E-01 1.7984E-01 2.0897E-01 2.4853E-01 2.8962E-01 3.2897E-01 3.5616E-01 3.6891E-01 3.8560E-01 5.2771E-01 7.5163E-01 1.0950E+00 4.4813E+00 4.1078E+00 1.5628E+00 1.2670E+00 1.7375E+00 2.6211E+00 2.5934E+00 4.2520E+00 3.0901E+00 1.7558E+00 1.9818E+00 2.5628E+00 2.7084E+00 1.9176E+00 1.4244E+00 1.6111E+00 2.3959E+00 3.0179E+00 4.6755E+00 2.6381E+00 1.8274E+00 2.2754E+00 2.4965E+00 2.3546E+00 1.5584E+00 1.1644E+00 9.8199E-01 8.2187E-01 8.1573E-01
4.2874E-02 5.5849E-02 6.7451E-02 7.6978E-02 8.4172E-02 8.9737E-02 9.5459E-02 1.0265E-01 1.1047E-01 1.1827E-01 1.2657E-01 1.3529E-01 1.4243E-01 1.4855E-01 1.5653E-01 1.6792E-01 1.7914E-01 1.8859E-01 2.0565E-01 2.2939E-01 2.5785E-01 3.2231E-01 3.8047E-01 4.2172E-01 4.5045E-01 5.5989E-01 7.3715E-01 1.3203E+00 3.1912E+00 6.3962E+00 2.7642E+00 1.8432E+00 1.7286E+00 2.3551E+00 2.6197E+00 7.1229E+00 4.2576E+00 2.1685E+00 1.7716E+00 3.4062E+00 3.4584E+00 2.0128E+00 2.0536E+00 1.5676E+00 1.8054E+00 3.8633E+00 9.4173E+00 3.1271E+00 1.9172E+00 2.1615E+00 2.1853E+00 2.1068E+00 1.6496E+00 1.1029E+00 1.0097E+00 8.0527E-01 7.3552E-01
4.3520E-02 5.6681E-02 6.8332E-02 7.7741E-02 8.4776E-02 9.0155E-02 9.5747E-02 1.0314E-01 1.1144E-01 1.1938E-01 1.2721E-01 1.3570E-01 1.4383E-01 1.5106E-01 1.5777E-01 1.6748E-01 1.7909E-01 1.8909E-01 2.0384E-01 2.2179E-01 2.2487E-01 2.6336E-01 3.4142E-01 4.2633E-01 5.4285E-01 7.5427E-01 1.0736E+00 1.5711E+00 3.5406E+00 4.3220E+00 1.7485E+00 1.7915E+00 2.1267E+00 3.9846E+00 3.3841E+00 4.3991E+00 4.6815E+00 2.6831E+00 1.7913E+00 3.1798E+00 4.9344E+00 3.1590E+00 3.0521E+00 2.0701E+00 3.4473E+00 5.3097E+00 4.9355E+00 3.7586E+00 2.0158E+00 2.0435E+00 1.8368E+00 1.6383E+00 1.4701E+00 1.0661E+00 9.9018E-01 8.5915E-01 6.9686E-01
4.8681E-02 6.2971E-02 7.5693E-02 8.5701E-02 9.2903E-02 9.8028E-02 1.0114E-01 1.0433E-01 1.1273E-01 1.2093E-01 1.2890E-01 1.3735E-01 1.4519E-01 1.5153E-01 1.5820E-01 1.6747E-01 1.7570E-01 1.8218E-01 1.9294E-01 2.1157E-01 2.6976E-01 3.4284E-01 4.2885E-01 5.6127E-01 7.4842E-01 9.0743E-01 9.7950E-01 1.2074E+00 1.7011E+00 3.2376E+00 1.9937E+00 1.8495E+00 2.5247E+00 3.3248E+00 3.6397E+00 2.9475E+00 3.0692E+00 2.6763E+00 1.9546E+00 2.7683E+00 7.5515E+00 5.7258E+00 2.7666E+00 1.8294E+00 1.7909E+00 1.1758E+01 4.0751E+00 2.3322E+00 2.1959E+00 1.8306E+00 1.5916E+00 1.3788E+00 1.3201E+00 9.2890E-01 9.4033E-01 8.7364E-01 7.6743E-01
5.4220E-02 6.9770E-02 8.3121E-02 9.3283E-02 1.0054E-01 1.0560E-01 1.0872E-01 1.1154E-01 1.1606E-01 1.2197E-01 1.2990E-01 1.3871E-01 1.4624E-01 1.5217E-01 1.5883E-01 1.6564E-01 1.7249E-01 1.7849E-01 2.1838E-01 2.7602E-01 3.4459E-01 4.2041E-01 5.1760E-01 6.2298E-01 7.1999E-01 7.6415E-01 7.4689E-01 1.0265E+00 1.4777E+00 2.4988E+00 1.7817E+00 2.2476E+00 3.1217E+00 3.6827E+00 4.1653E+00 4.3105E+00 2.9541E+00 2.4855E+00 2.1781E+00 3.5052E+00 8.0401E+00 4.9040E+00 3.5908E+00 3.1272E+00 2.1343E+00 6.0206E+00 4.0955E+00 2.4306E+00 2.1078E+00 1.8889E+00 1.5994E+00 1.2645E+00 1.1679E+00 9.0812E-01 8.8564E-01 8.5872E-01 7.9535E-01
5.8421E-02 7.4825E-02 8.8441E-02 9.8402E-02 1.0523E-01 1.0963E-01 1.1229E-01 1.1524E-01 1.2022E-01 1.2600E-01 1.3168E-01 1.3724E-01 1.4270E-01 1.4975E-01 1.5699E-01 1.6214E-01 1.7101E-01 2.0730E-01 2.5868E-01 3.1931E-01 3.8254E-01 4.4912E-01 5.3820E-01 5.8610E-01 5.7883E-01 5.7860E-01 7.1711E-01 8.9775E-01 1.3144E+00 2.1978E+00 1.8968E+00 2.6057E+00 3.1840E+00 5.2943E+00 3.9176E+00 6.1318E+00 4.4901E+00 2.6344E+00 2.1173E+00 2.8045E+00 5.9815E+00 3.6858E+00 2.6515E+00 2.0272E+00 1.8013E+00 3.5908E+00 2.6484E+00 2.4100E+00 1.7681E+00 1.7670E+00 1.6182E+00 1.3503E+00 1.1035E+00 9.5229E-01 8.3505E-01 8.1612E-01 7.7738E-01
6.0008E-02 7.6688E-02 9.0212E-02 9.9678E-02 1.0568E-01 1.0917E-01 1.1133E-01 1.1394E-01 1.1816E-01 1.2296E-01 1.2820E-01 1.3419E-01 1.4005E-01 1.4718E-01 1.5494E-01 1.6867E-01 1.9644E-01 2.3353E-01 2.8301E-01 3.3959E-01 3.9390E-01 4.3965E-01 4.7881E-01 4.7395E-01 4.7085E-01 5.6282E-01 6.7098E-01 7.7105E-01 1.1087E+00 1.7284E+00 2.0542E+00 2.6568E+00 5.7162E+00 4.8530E+00 6.7683E+00 5.0410E+00 3.1227E+00 1.9563E+00 1.9829E+00 2.9455E+00 4.6956E+00 3.1520E+00 2.2796E+00 2.0284E+00 1.5816E+00 2.1395E+00 1.9922E+00 2.2237E+00 1.6888E+00 1.6801E+00 1.5314E+00 1.3120E+00 1.1261E+00 9.6940E-01 8.4720E-01 7.5966E-01 7.3675E-01
5.8386E-02 7.4669E-02 8.7707E-02 9.6458E-02 1.0151E-01 1.0421E-01 1.0618E-01 1.0863E-01 1.1201E-01 1.1678E-01 1.2536E-01 1.3530E-01 1.4641E-01 1.5883E-01 1.7207E-01 1.8642E-01 2.1539E-01 2.4963E-01 2.9397E-01 3.4565E-01 3.8725E-01 4.0991E-01 3.9855E-01 3.7500E-01 4.3935E-01 5.1978E-01 6.4409E-01 7.5346E-01 1.0533E+00 1.3893E+00 2.2332E+00 3.2460E+00 5.5698E+00 1.0650E+01 7.6327E+00 4.5552E+00 3.3754E+00 2.2748E+00 2.1070E+00 3.0248E+00 3.6068E+00 2.7290E+00 2.5317E+00 1.7651E+00 1.6638E+00 1.9416E+00 1.7630E+00 1.6297E+00 1.5355E+00 1.5341E+00 1.4251E+00 1.2391E+00 1.0741E+00 9.3131E-01 8.2366E-01 7.4766E-01 6.9046E-01
5.3379E-02 6.8566E-02 8.0837E-02 8.8987E-02 9.3436E-02 9.5700E-02 1.0000E-01 1.0653E-01 1.1351E-01 1.2139E-01 1.3058E-01 1.4153E-01 1.5389E-01 1.6779E-01 1.8272E-01 1.9924E-01 2.2971E-01 2.5935E-01 2.9674E-01 3.3722E-01 3.6383E-01 3.7562E-01 3.8680E-01 4.3818E-01 4.9173E-01 5.8372E-01 7.0924E-01 8.7470E-01 1.2192E+00 1.2847E+00 1.8233E+00 3.6644E+00 4.7034E+00 1.2261E+01 7.7636E+00 4.3201E+00 2.8873E+00 2.4457E+00 2.1059E+00 2.8513E+00 2.8303E+00 2.4516E+00 2.3000E+00 1.8280E+00 1.4969E+00 1.8190E+00 1.6019E+00 1.5864E+00 1.4967E+00 1.3635E+00 1.2651E+00 1.1146E+00 9.8613E-01 8.8635E-01 7.9740E-01 7.2263E-01 6.6296E-01
4.7153E-02 6.0002E-02 7.1294E-02 7.9006E-02 8.6515E-02 9.3508E-02 1.0003E-01 1.0625E-01 1.1282E-01 1.2036E-01 1.2946E-01 1.4062E-01 1.5290E-01 1.6625E-01 1.8880E-01 2.1620E-01 2.4794E-01 2.8635E-01 3.2334E-01 3.6013E-01 3.9042E-01 4.1495E-01 4.3429E-01 4.7262E-01 5.0636E-01 5.7781E-01 6.7004E-01 7.9041E-01 1.0855E+00 2.0651E+00 4.6363E+00 6.0224E+00 5.0449E+00 8.2197E+00 5.8271E+00 4.1431E+00 2.6116E+00 2.0622E+00 2.3292E+00 2.6363E+00 2.3421E+00 2.2606E+00 1.9516E+00 2.0685E+00 1.5599E+00 1.6754E+00 1.4061E+00 1.4823E+00 1.4507E+00 1.3186E+00 1.1817E+00 1.0222E+00 9.0086E-01 8.2513E-01 7.5689E-01 6.9065E-01 6.3568E-01
4.5821E-02 5.6848E-02 6.6993E-02 7.5850E-02 8.3442E-02 9.0006E-02 9.9364E-02 1.0927E-01 1.1940E-01 1.3025E-01 1.4279E-01 1.5772E-01 1.7667E-01 1.9754E-01 2.1928E-01 2.4561E-01 2.7857E-01 3.1247E-01 3.4440E-01 3.8086E-01 4.2493E-01 4.6914E-01 5.1838E-01 5.3607E-01 5.9070E-01 7.6043E-01 9.7201E-01 1.2916E+00 1.8182E+00 2.6726E+00 2.6720E+00 3.9944E+00 5.7336E+00 6.7205E+00 4.7020E+00 4.0096E+00 2.6828E+00 2.3552E+00 2.3298E+00 2.6395E+00 2.3528E+00 2.3000E+00 1.8573E+00 2.0900E+00 1.6270E+00 1.5840E+00 1.4261E+00 1.3448E+00 1.3526E+00 1.2785E+00 1.1528E+00 9.8539E-01 8.5401E-01 7.7216E-01 7.0960E-01 6.5475E-01 6.0845E-01
4.2996E-02 5.6494E-02 6.9185E-02 8.0235E-02 9.0521E-02 1.0106E-01 1.1247E-01 1.2419E-01 1.3585E-01 1.4813E-01 1.6238E-01 1.8136E-01 2.0533E-01 2.2653E-01 2.4448E-01 2.6502E-01 2.9363E-01 3.2625E-01 3.5801E-01 3.8788E-01 4.4692E-01 4.8865E-01 5.9685E-01 7.2140E-01 8.6510E-01 1.0981E+00 1.3281E+00 1.5832E+00 1.8009E+00 1.5528E+00 2.3318E+00 3.8466E+00 5.4086E+00 5.4964E+00 3.9152E+00 4.3190E+00 3.1167E+00 2.7054E+00 2.4929E+00 2.4540E+00 2.4919E+00 2.2999E+00 1.8498E+00 1.8931E+00 1.8385E+00 1.5678E+00 1.4767E+00 1.2289E+00 1.2604E+00 1.1678E+00 1.0739E+00 9.4417E-01 8.5696E-01 7.3210E-01 6.7101E-01 6.2285E-01 5.8096E-01
4.6084E-02 6.1257E-02 7.5200E-02 8.7582E-02 9.9310E-02 1.1193E-01 1.2573E-01 1.3854E-01 1.5075E-01 1.6452E-01 1.7928E-01 1.9810E-01 2.2265E-01 2.4121E-01 2.5373E-01 2.7254E-01 3.0428E-01 3.3358E-01 3.5851E-01 4.1244E-01 4.9265E-01 6.0574E-01 7.3964E-01 9.0820E-01 1.0961E+00 1.2453E+00 1.3497E+00 1.3303E+00 1.0923E+00 1.4106E+00 2.4354E+00 3.6132E+00 4.5742E+00 4.4622E+00 3.5073E+00 3.7344E+00 3.5544E+00 2.7156E+00 2.4984E+00 2.3454E+00 2.3149E+00 2.2106E+00 1.8545E+00 1.7052E+00 1.7155E+00 1.3976E+00 1.4067E+00 1.2382E+00 1.1270E+00 1.0833E+00 9.5779E-01 8.5587E-01 8.1774E-01 7.3925E-01 6.3112E-01 5.8918E-01 5.5134E-01
4.8945E-02 6.5322E-02 8.0494E-02 9.4559E-02 1.0801E-01 1.2205E-01 1.3615E-01 1.4846E-01 1.5972E-01 1.7301E-01 1.8709E-01 2.0223E-01 2.2112E-01 2.3740E-01 2.5423E-01 2.8147E-01 3.1258E-01 3.5108E-01 4.0221E-01 4.7639E-01 5.8091E-01 6.9504E-01 8.2327E-01 9.8369E-01 1.1448E+00 1.1843E+00 1.0486E+00 8.5634E-01 1.0650E+00 1.4848E+00 2.3636E+00 3.2429E+00 3.9288E+00 3.8509E+00 2.9001E+00 3.0715E+00 3.3311E+00 2.8335E+00 2.3470E+00 2.1937E+00 2.1094E+00 2.0540E+00 1.8092E+00 1.5937E+00 1.5506E+00 1.3826E+00 1.2834E+00 1.1940E+00 1.0370E+00 9.5497E-01 8.9719E-01 7.9962E-01 7.3185E-01 6.8970E-01 5.9894E-01 5.5264E-01 5.2727E-01
5.3173E-02 6.9088E-02 8.5296E-02 1.0084E-01 1.1524E-01 1.2835E-01 1.3981E-01 1.5065E-01 1.6132E-01 1.7306E-01 1.8763E-01 2.0461E-01 2.2486E-01 2.4842E-01 2.7494E-01 3.0478E-01 3.3971E-01 3.8481E-01 4.4614E-01 5.2604E-01 6.1858E-01 7.2378E-01 8.3994E-01 9.3651E-01 9.6922E-01 8.7835E-01 6.8526E-01 7.5795E-01 1.0506E+00 1.4652E+00 2.1629E+00 2.8074E+00 3.2561E+00 3.1296E+00 2.4658E+00 2.4255E+00 2.7160E+00 2.6713E+00 2.2573E+00 1.9810E+00 1.8954E+00 1.8657E+00 1.6981E+00 1.4775E+00 1.3858E+00 1.2874E+00 1.1599E+00 1.1210E+00 1.0130E+00 8.7816E-01 8.0073E-01 7.4135E-01 6.9743E-01 6.4781E-01 6.0133E-01 5.4167E-01 5.0765E-01
5.9578E-02 7.4911E-02 9.0531E-02 1.0578E-01 1.2037E-01 1.3423E-01 1.4774E-01 1.6124E-01 1.7467E-01 1.8856E-01 2.0378E-01 2.2158E-01 2.4256E-01 2.6699E-01 2.9431E-01 3.2515E-01 3.6238E-01 4.1100E-01 4.7894E-01 5.5777E-01 6.2409E-01 7.0038E-01 7.8065E-01 7.8726E-01 7.0777E-01 5.8637E-01 5.7844E-01 7.9144E-01 9.7900E-01 1.4056E+00 1.9251E+00 2.3691E+00 2.6805E+00 2.5610E+00 2.1784E+00 1.9509E+00 2.1878E+00 2.2669E+00 2.0900E+00 1.8220E+00 1.6794E+00 1.6393E+00 1.5339E+00 1.3524E+00 1.2390E+00 1.1615E+00 1.0592E+00 1.0347E+00 9.5743E-01 8.4924E-01 7.3680E-01 6.5599E-01 6.4700E-01 6.1445E-01 5.6910E-01 5.3865E-01 4.9279E-01
