20231023_webinar_progetto_murano/data_input/lapost_grid/max24h.grd
ncols        81
nrows        81
xllcorner      7.602250000E+05
yllcorner      5.036725000E+06
cellsize      5.000000000E+01
nodata_value         -9
[rows 0 to 24 of 81, columns 0 to 56 of 81]
2.4766E-02 3.0185E-02 3.5358E-02 4.0053E-02 4.4258E-02 4.9893E-02 5.5396E-02 6.0852E-02 6.6144E-02 7.1410E-02 7.6872E-02 8.2636E-02 8.8843E-02 9.5166E-02 1.0121E-01 1.0610E-01 1.0895E-01 1.0934E-01 1.0728E-01 1.0333E-01 1.0234E-01 1.1632E-01 1.2839E-01 1.3729E-01 1.4251E-01 1.4389E-01 1.4141E-01 1.3549E-01 1.2735E-01 1.1846E-01 1.1004E-01 1.0227E-01 9.4692E-02 8.7266E-02 8.0706E-02 8.8996E-02 9.9246E-02 1.0893E-01 1.1747E-01 1.2406E-01 1.2783E-01 1.2889E-01 1.2870E-01 1.2797E-01 1.2593E-01 1.2215E-01 1.1573E-01 1.0627E-01 9.4850E-02 8.4211E-02 8.4905E-02 8.6493E-02 8.5789E-02 8.4187E-02 8.1081E-02 7.4331E-02 6.4948E-02
2.9513E-02 3.6040E-02 4.2285E-02 4.7954E-02 5.3040E-02 5.8675E-02 6.5304E-02 7.1969E-02 7.8497E-02 8.5001E-02 9.1691E-02 9.8735E-02 1.0649E-01 1.1472E-01 1.2303E-01 1.3011E-01 1.3473E-01 1.3622E-01 1.3439E-01 1.2986E-01 1.2514E-01 1.4307E-01 1.5871E-01 1.7034E-01 1.7736E-01 1.7965E-01 1.7710E-01 1.7003E-01 1.5984E-01 1.4854E-01 1.3791E-01 1.2891E-01 1.2000E-01 1.0967E-01 1.0132E-01 1.0950E-01 1.2272E-01 1.3551E-01 1.4682E-01 1.5542E-01 1.5997E-01 1.6072E-01 1.5990E-01 1.5884E-01 1.5677E-01 1.5288E-01 1.4567E-01 1.3380E-01 1.1925E-01 1.0920E-01 1.1074E-01 1.1478E-01 1.1753E-01 1.1500E-01 1.0836E-01 9.7269E-02 8.3316E-02
3.3674E-02 4.1205E-02 4.8424E-02 5.4975E-02 6.0854E-02 6.6208E-02 7.3784E-02 8.1508E-02 8.9169E-02 9.6805E-02 1.0454E-01 1.1256E-01 1.2150E-01 1.3129E-01 1.4161E-01 1.5078E-01 1.5727E-01 1.6027E-01 1.5926E-01 1.5470E-01 1.4800E-01 1.6712E-01 1.8631E-01 2.0068E-01 2.0951E-01 2.1280E-01 2.1046E-01 2.0261E-01 1.9064E-01 1.7704E-01 1.6423E-01 1.5696E-01 1.4674E-01 1.3232E-01 1.2074E-01 1.2820E-01 1.4432E-01 1.6024E-01 1.7398E-01 1.8389E-01 1.8855E-01 1.8842E-01 1.8634E-01 1.8466E-01 1.8597E-01 1.8551E-01 1.7805E-01 1.6284E-01 1.4197E-01 1.3020E-01 1.3150E-01 1.3798E-01 1.4294E-01 1.3918E-01 1.2921E-01 1.1465E-01 9.7486E-02
3.7048E-02 4.5438E-02 5.3484E-02 6.0768E-02 6.7293E-02 7.2958E-02 8.0421E-02 8.9011E-02 9.7676E-02 1.0633E-01 1.1494E-01 1.2369E-01 1.3337E-01 1.4417E-01 1.5593E-01 1.6685E-01 1.7533E-01 1.8043E-01 1.8115E-01 1.7763E-01 1.7133E-01 1.8699E-01 2.0965E-01 2.2678E-01 2.3751E-01 2.4197E-01 2.4016E-01 2.3199E-01 2.1863E-01 2.0284E-01 1.8781E-01 1.8285E-01 1.7171E-01 1.5477E-01 1.3832E-01 1.4421E-01 1.6298E-01 1.8177E-01 1.9755E-01 2.0824E-01 2.1241E-01 2.1077E-01 2.0702E-01 2.0727E-01 2.1375E-01 2.1432E-01 2.0689E-01 1.9010E-01 1.6605E-01 1.4883E-01 1.4911E-01 1.5547E-01 1.6367E-01 1.5768E-01 1.4434E-01 1.2656E-01 1.0694E-01
3.9551E-02 4.8621E-02 5.7322E-02 6.5179E-02 7.2214E-02 7.8384E-02 8.5183E-02 9.4416E-02 1.0391E-01 1.1343E-01 1.2281E-01 1.3212E-01 1.4210E-01 1.5320E-01 1.6559E-01 1.7781E-01 1.8848E-01 1.9640E-01 2.0007E-01 1.9913E-01 1.9463E-01 2.0226E-01 2.2844E-01 2.4856E-01 2.6148E-01 2.6741E-01 2.6651E-01 2.5849E-01 2.4408E-01 2.2606E-01 2.0857E-01 2.0685E-01 1.9476E-01 1.7506E-01 1.5567E-01 1.5777E-01 1.7807E-01 1.9881E-01 2.1656E-01 2.2837E-01 2.3164E-01 2.2767E-01 2.2258E-01 2.2844E-01 2.3738E-01 2.3970E-01 2.3256E-01 2.1416E-01 1.8687E-01 1.6648E-01 1.6714E-01 1.7378E-01 1.8033E-01 1.7396E-01 1.5784E-01 1.3601E-01 1.1332E-01
4.1180E-02 5.0755E-02 5.9955E-02 6.8277E-02 7.5761E-02 8.2431E-02 8.8509E-02 9.7882E-02 1.0793E-01 1.1811E-01 1.2817E-01 1.3800E-01 1.4808E-01 1.5898E-01 1.7127E-01 1.8421E-01 1.9693E-01 2.0808E-01 2.1580E-01 2.1902E-01 2.1784E-01 2.1305E-01 2.4285E-01 2.6625E-01 2.8170E-01 2.8946E-01 2.8995E-01 2.8273E-01 2.6780E-01 2.4756E-01 2.2997E-01 2.2951E-01 2.1578E-01 1.9288E-01 1.7049E-01 1.7007E-01 1.9118E-01 2.1294E-01 2.3183E-01 2.4390E-01 2.4541E-01 2.3911E-01 2.3401E-01 2.4469E-01 2.5732E-01 2.6287E-01 2.5656E-01 2.3605E-01 2.0469E-01 1.8344E-01 1.8595E-01 1.9318E-01 1.9663E-01 1.8761E-01 1.6861E-01 1.4333E-01 1.2033E-01
4.2024E-02 5.1947E-02 6.1525E-02 7.0247E-02 7.8175E-02 8.5363E-02 9.2017E-02 9.9472E-02 1.0982E-01 1.2045E-01 1.3110E-01 1.4151E-01 1.5183E-01 1.6251E-01 1.7437E-01 1.8739E-01 2.0146E-01 2.1544E-01 2.2777E-01 2.3680E-01 2.4081E-01 2.3793E-01 2.5357E-01 2.8053E-01 2.9876E-01 3.0860E-01 3.1070E-01 3.0465E-01 2.8965E-01 2.6731E-01 2.5154E-01 2.5018E-01 2.3442E-01 2.0849E-01 1.8332E-01 1.8241E-01 2.0425E-01 2.2695E-01 2.4648E-01 2.5719E-01 2.5598E-01 2.4766E-01 2.4296E-01 2.5773E-01 2.7482E-01 2.8512E-01 2.8068E-01 2.5803E-01 2.2217E-01 1.9892E-01 2.0399E-01 2.1302E-01 2.1206E-01 1.9548E-01 1.7429E-01 1.4770E-01 1.3339E-01
4.2175E-02 5.2347E-02 6.2240E-02 7.1349E-02 7.9754E-02 8.7480E-02 9.4672E-02 1.0128E-01 1.1011E-01 1.2097E-01 1.3200E-01 1.4289E-01 1.5362E-01 1.6436E-01 1.7583E-01 1.8842E-01 2.0275E-01 2.1838E-01 2.3485E-01 2.5050E-01 2.6134E-01 2.6288E-01 2.6103E-01 2.9171E-01 3.1280E-01 3.2477E-01 3.2873E-01 3.2451E-01 3.1012E-01 2.8585E-01 2.7379E-01 2.6940E-01 2.5100E-01 2.2306E-01 1.9603E-01 1.9388E-01 2.1610E-01 2.3950E-01 2.5964E-01 2.6857E-01 2.6497E-01 2.5521E-01 2.5161E-01 2.7157E-01 2.9440E-01 3.1253E-01 3.1258E-01 2.8790E-01 2.4581E-01 2.1445E-01 2.1936E-01 2.2801E-01 2.2424E-01 2.0358E-01 1.7923E-01 1.5079E-01 1.4604E-01
4.1650E-02 5.1960E-02 6.2097E-02 7.1567E-02 8.0470E-02 8.8761E-02 9.6482E-02 1.0352E-01 1.0993E-01 1.2046E-01 1.3171E-01 1.4291E-01 1.5410E-01 1.6514E-01 1.7652E-01 1.8856E-01 2.0230E-01 2.1831E-01 2.3736E-01 2.5811E-01 2.7518E-01 2.8313E-01 2.8110E-01 3.0004E-01 3.2417E-01 3.3836E-01 3.4447E-01 3.4285E-01 3.2994E-01 3.0389E-01 2.9682E-01 2.8771E-01 2.6566E-01 2.3628E-01 2.0826E-01 2.0349E-01 2.2595E-01 2.4855E-01 2.6736E-01 2.7422E-01 2.6887E-01 2.5925E-01 2.6335E-01 2.8771E-01 3.1869E-01 3.4872E-01 3.5586E-01 3.2831E-01 2.7730E-01 2.3301E-01 2.3446E-01 2.4558E-01 2.4230E-01 2.1545E-01 1.8503E-01 1.5347E-01 1.5827E-01
4.0632E-02 5.1013E-02 6.1359E-02 7.1178E-02 8.0560E-02 8.9374E-02 9.7588E-02 1.0505E-01 1.1183E-01 1.1936E-01 1.3074E-01 1.4210E-01 1.5364E-01 1.6505E-01 1.7658E-01 1.8822E-01 2.0119E-01 2.1663E-01 2.3642E-01 2.5989E-01 2.8148E-01 2.9661E-01 3.0368E-01 3.0656E-01 3.3404E-01 3.5020E-01 3.5776E-01 3.5853E-01 3.4835E-01 3.2231E-01 3.1895E-01 3.0790E-01 2.7933E-01 2.4418E-01 2.1482E-01 2.1229E-01 2.3504E-01 2.5507E-01 2.7075E-01 2.7488E-01 2.6712E-01 2.5933E-01 2.7499E-01 3.0686E-01 3.4849E-01 3.9273E-01 4.0698E-01 3.7387E-01 3.1070E-01 2.5482E-01 2.5037E-01 2.5997E-01 2.5538E-01 2.2325E-01 1.8895E-01 1.6580E-01 1.7018E-01
4.2500E-02 4.9514E-02 5.9924E-02 6.9943E-02 7.9651E-02 8.8885E-02 9.7612E-02 1.0566E-01 1.1299E-01 1.1982E-01 1.2894E-01 1.4028E-01 1.5198E-01 1.6361E-01 1.7538E-01 1.8701E-01 1.9969E-01 2.1438E-01 2.3312E-01 2.5690E-01 2.8213E-01 3.0473E-01 3.2202E-01 3.2979E-01 3.4298E-01 3.6087E-01 3.6833E-01 3.6968E-01 3.6341E-01 3.4105E-01 3.4035E-01 3.3099E-01 2.9350E-01 2.4653E-01 2.2587E-01 2.2029E-01 2.4249E-01 2.5996E-01 2.7279E-01 2.7455E-01 2.6563E-01 2.6064E-01 2.8726E-01 3.2800E-01 3.7941E-01 4.3538E-01 4.5572E-01 4.1830E-01 3.4373E-01 2.7938E-01 2.6833E-01 2.7518E-01 2.7139E-01 2.3088E-01 1.9187E-01 1.7832E-01 1.8216E-01
4.5899E-02 5.3539E-02 5.9861E-02 6.7972E-02 7.7821E-02 8.7357E-02 9.6587E-02 1.0536E-01 1.1340E-01 1.2084E-01 1.2788E-01 1.3775E-01 1.4933E-01 1.6091E-01 1.7275E-01 1.8465E-01 1.9783E-01 2.1235E-01 2.2883E-01 2.4997E-01 2.7696E-01 3.0650E-01 3.3317E-01 3.5203E-01 3.6146E-01 3.7241E-01 3.7917E-01 3.7946E-01 3.7689E-01 3.6091E-01 3.5805E-01 3.4663E-01 3.0733E-01 2.5781E-01 2.3983E-01 2.2751E-01 2.4996E-01 2.6661E-01 2.7756E-01 2.7609E-01 2.6596E-01 2.6273E-01 2.9507E-01 3.4519E-01 4.0519E-01 4.7124E-01 5.0017E-01 4.6525E-01 3.8367E-01 3.0487E-01 2.9108E-01 2.9581E-01 2.8615E-01 2.3698E-01 1.9646E-01 1.9123E-01 1.9401E-01
4.8938E-02 5.7482E-02 6.4707E-02 7.0248E-02 7.5061E-02 8.4790E-02 9.4456E-02 1.0395E-01 1.1280E-01 1.2094E-01 1.2863E-01 1.3603E-01 1.4578E-01 1.5720E-01 1.6910E-01 1.8153E-01 1.9594E-01 2.1158E-01 2.2690E-01 2.4405E-01 2.6862E-01 3.0142E-01 3.3580E-01 3.6549E-01 3.8772E-01 3.9009E-01 3.9250E-01 3.9049E-01 3.8948E-01 3.8172E-01 3.7721E-01 3.6022E-01 3.2090E-01 2.7081E-01 2.5740E-01 2.3534E-01 2.5823E-01 2.7601E-01 2.8585E-01 2.7893E-01 2.6584E-01 2.6814E-01 2.9392E-01 3.5455E-01 4.2365E-01 5.0433E-01 5.5122E-01 5.2339E-01 4.3567E-01 3.2932E-01 3.1694E-01 3.1133E-01 2.9566E-01 2.4912E-01 2.0833E-01 2.0562E-01 2.0635E-01
5.1405E-02 6.0783E-02 6.8951E-02 7.5498E-02 8.0360E-02 8.3490E-02 9.1299E-02 1.0135E-01 1.1094E-01 1.1989E-01 1.2843E-01 1.3682E-01 1.4476E-01 1.5362E-01 1.6565E-01 1.7851E-01 1.9380E-01 2.1092E-01 2.2731E-01 2.4203E-01 2.6057E-01 2.9003E-01 3.2880E-01 3.6992E-01 4.0348E-01 4.2029E-01 4.1755E-01 4.1291E-01 4.0783E-01 4.0954E-01 4.0808E-01 3.8829E-01 3.3786E-01 2.9173E-01 2.9001E-01 2.5678E-01 2.6952E-01 2.8876E-01 2.9213E-01 2.8289E-01 2.7962E-01 2.9992E-01 3.1168E-01 3.6425E-01 4.3889E-01 5.3067E-01 6.0008E-01 5.8545E-01 4.9470E-01 3.7033E-01 3.4548E-01 3.2503E-01 3.0597E-01 2.6163E-01 2.1997E-01 2.2105E-01 2.1915E-01
5.3216E-02 6.3322E-02 7.2418E-02 8.0052E-02 8.6079E-02 9.0368E-02 9.2813E-02 9.7833E-02 1.0804E-01 1.1768E-01 1.2708E-01 1.3649E-01 1.4564E-01 1.5460E-01 1.6314E-01 1.7637E-01 1.9147E-01 2.0833E-01 2.2577E-01 2.4133E-01 2.5571E-01 2.7644E-01 3.1079E-01 3.5787E-01 4.0869E-01 4.5818E-01 4.7580E-01 4.6622E-01 4.5970E-01 4.6554E-01 4.6933E-01 4.5372E-01 3.9431E-01 3.2008E-01 3.3990E-01 2.8989E-01 2.9802E-01 3.5138E-01 3.1789E-01 3.1125E-01 3.1228E-01 3.4557E-01 3.5602E-01 3.8728E-01 4.6220E-01 5.5470E-01 6.4552E-01 6.5160E-01 5.6404E-01 4.1398E-01 3.6779E-01 3.3124E-01 3.1055E-01 2.7698E-01 2.3757E-01 2.3601E-01 2.3060E-01
5.4396E-02 6.5121E-02 7.5040E-02 8.3685E-02 9.0819E-02 9.6269E-02 9.9868E-02 1.0168E-01 1.0444E-01 1.1462E-01 1.2468E-01 1.3502E-01 1.4548E-01 1.5600E-01 1.6613E-01 1.7560E-01 1.8936E-01 2.0415E-01 2.2051E-01 2.3874E-01 2.5541E-01 2.6979E-01 2.9234E-01 3.3458E-01 3.9884E-01 4.8453E-01 5.3057E-01 5.1322E-01 5.1491E-01 5.3203E-01 5.3981E-01 5.1567E-01 4.5173E-01 3.5647E-01 3.8040E-01 3.2645E-01 3.2143E-01 3.9310E-01 3.5337E-01 3.4766E-01 3.4095E-01 3.8476E-01 3.9777E-01 4.0441E-01 4.9488E-01 5.9154E-01 7.1700E-01 7.5231E-01 6.6601E-01 4.8284E-01 3.9477E-01 3.4585E-01 3.1891E-01 2.9793E-01 2.5680E-01 2.5068E-01 2.4010E-01
5.5138E-02 6.6390E-02 7.6976E-02 8.6430E-02 9.4452E-02 1.0088E-01 1.0561E-01 1.0873E-01 1.1035E-01 1.1044E-01 1.2089E-01 1.3215E-01 1.4411E-01 1.5655E-01 1.6882E-01 1.8049E-01 1.9047E-01 2.0113E-01 2.1571E-01 2.3453E-01 2.5489E-01 2.7061E-01 2.8295E-01 3.1139E-01 3.7391E-01 4.8249E-01 5.6819E-01 5.4734E-01 5.4991E-01 5.7997E-01 5.7620E-01 5.4064E-01 4.7829E-01 3.8322E-01 4.0221E-01 3.6429E-01 3.5096E-01 3.8189E-01 3.6915E-01 3.6496E-01 3.5516E-01 3.9552E-01 4.3481E-01 4.4073E-01 5.2766E-01 6.3888E-01 8.1874E-01 8.7795E-01 7.8627E-01 5.6949E-01 4.3385E-01 3.7343E-01 3.3748E-01 2.8269E-01 2.7577E-01 2.6497E-01 2.4875E-01
5.5469E-02 6.7101E-02 7.8144E-02 8.8126E-02 9.6722E-02 1.0388E-01 1.0961E-01 1.1404E-01 1.1720E-01 1.1904E-01 1.1935E-01 1.2887E-01 1.4254E-01 1.5700E-01 1.7152E-01 1.8593E-01 1.9840E-01 2.0740E-01 2.1471E-01 2.3164E-01 2.5167E-01 2.7084E-01 2.8154E-01 2.9741E-01 3.6904E-01 4.7016E-01 5.8768E-01 6.0325E-01 5.9134E-01 6.0673E-01 6.3351E-01 5.8831E-01 5.0991E-01 4.1093E-01 4.3347E-01 4.0823E-01 3.8001E-01 3.6442E-01 3.8069E-01 3.7490E-01 3.6917E-01 4.4275E-01 4.9397E-01 4.9535E-01 5.7232E-01 7.2400E-01 9.4119E-01 9.9217E-01 9.3916E-01 7.0165E-01 4.6720E-01 3.8186E-01 3.4536E-01 3.0344E-01 2.9281E-01 2.7655E-01 2.6073E-01
5.5259E-02 6.7150E-02 7.8461E-02 8.8739E-02 9.7657E-02 1.0530E-01 1.1181E-01 1.1733E-01 1.2193E-01 1.2554E-01 1.2782E-01 1.2838E-01 1.4082E-01 1.5689E-01 1.7354E-01 1.9145E-01 2.0780E-01 2.1999E-01 2.2658E-01 2.3084E-01 2.4673E-01 2.6380E-01 2.7795E-01 2.9355E-01 3.5764E-01 4.7036E-01 5.8829E-01 6.6611E-01 6.7758E-01 6.7811E-01 6.9559E-01 6.3817E-01 5.6463E-01 4.4868E-01 4.8079E-01 4.4823E-01 4.0752E-01 3.8390E-01 4.0049E-01 3.9366E-01 3.9274E-01 4.8453E-01 5.4818E-01 5.1500E-01 6.2354E-01 8.0510E-01 1.0550E+00 1.1269E+00 1.1400E+00 8.7087E-01 5.0175E-01 3.8763E-01 3.4623E-01 3.3022E-01 3.0726E-01 3.4148E-01 3.6069E-01
5.4426E-02 6.6453E-02 7.7943E-02 8.8359E-02 9.7456E-02 1.0545E-01 1.1252E-01 1.1882E-01 1.2453E-01 1.2959E-01 1.3371E-01 1.3650E-01 1.3969E-01 1.5659E-01 1.7453E-01 1.9473E-01 2.1490E-01 2.3167E-01 2.4245E-01 2.4417E-01 2.4324E-01 2.5392E-01 2.6626E-01 2.8531E-01 3.3795E-01 4.6741E-01 5.4319E-01 6.8382E-01 7.5802E-01 7.7073E-01 7.5671E-01 7.0192E-01 6.1570E-01 4.9275E-01 5.3694E-01 4.7211E-01 4.6538E-01 4.7068E-01 4.3583E-01 4.1740E-01 4.1958E-01 5.4765E-01 6.4234E-01 6.0781E-01 6.8378E-01 8.8365E-01 1.1570E+00 1.2059E+00 1.2937E+00 1.0451E+00 5.7426E-01 4.7547E-01 3.8150E-01 3.5726E-01 4.6935E-01 4.6316E-01 5.0917E-01
5.3020E-02 6.5031E-02 7.6616E-02 8.7080E-02 9.6311E-02 1.0462E-01 1.1214E-01 1.1897E-01 1.2544E-01 1.3157E-01 1.3717E-01 1.4197E-01 1.4547E-01 1.5633E-01 1.7482E-01 1.9490E-01 2.1622E-01 2.3646E-01 2.5248E-01 2.5829E-01 2.5306E-01 2.5155E-01 2.6094E-01 2.7555E-01 3.1022E-01 4.5959E-01 5.5258E-01 6.4918E-01 8.1270E-01 8.8278E-01 8.6099E-01 7.9473E-01 6.8782E-01 5.5744E-01 6.1272E-01 4.9332E-01 4.7607E-01 5.0942E-01 5.5064E-01 5.4313E-01 4.9688E-01 6.1289E-01 7.2469E-01 7.0563E-01 8.8001E-01 1.0057E+00 1.2686E+00 1.2486E+00 1.4423E+00 1.3047E+00 6.8822E-01 5.1898E-01 4.3341E-01 4.8874E-01 6.5654E-01 6.2148E-01 5.4098E-01
5.0977E-02 6.2807E-02 7.4279E-02 8.4761E-02 9.4186E-02 1.0279E-01 1.1066E-01 1.1792E-01 1.2492E-01 1.3178E-01 1.3845E-01 1.4480E-01 1.5046E-01 1.5507E-01 1.7446E-01 1.9456E-01 2.1460E-01 2.3491E-01 2.5505E-01 2.6767E-01 2.6778E-01 2.5639E-01 2.6549E-01 2.7649E-01 2.8616E-01 4.5512E-01 5.7792E-01 5.8153E-01 8.3146E-01 9.6270E-01 1.0095E+00 8.8785E-01 7.6711E-01 6.2929E-01 7.0179E-01 4.8072E-01 5.3007E-01 4.4790E-01 5.7103E-01 6.7489E-01 6.8459E-01 8.1796E-01 7.5263E-01 7.8147E-01 1.0073E+00 1.2206E+00 1.5827E+00 1.3134E+00 1.5738E+00 1.6345E+00 8.3976E-01 5.0917E-01 7.9254E-01 8.5849E-01 8.7927E-01 6.0799E-01 6.4011E-01
4.8177E-02 5.9686E-02 7.0954E-02 8.1432E-02 9.1067E-02 9.9965E-02 1.0820E-01 1.1596E-01 1.2347E-01 1.3094E-01 1.3836E-01 1.4577E-01 1.5295E-01 1.5981E-01 1.7075E-01 1.9162E-01 2.1060E-01 2.3174E-01 2.5577E-01 2.7435E-01 2.8226E-01 2.7802E-01 2.7188E-01 2.8222E-01 2.9428E-01 4.3869E-01 5.9161E-01 5.3397E-01 7.6484E-01 1.0634E+00 1.1794E+00 1.0968E+00 8.8662E-01 7.3913E-01 8.1891E-01 5.5520E-01 5.6903E-01 4.6138E-01 5.5901E-01 6.1166E-01 7.9370E-01 1.0316E+00 7.4275E-01 8.2602E-01 1.0976E+00 1.5865E+00 2.0875E+00 1.2997E+00 1.8059E+00 2.0416E+00 9.7402E-01 1.1825E+00 1.2203E+00 9.6900E-01 8.1409E-01 7.6085E-01 8.2716E-01
4.4623E-02 5.5649E-02 6.6658E-02 7.7106E-02 8.6937E-02 9.6189E-02 1.0492E-01 1.1335E-01 1.2154E-01 1.2961E-01 1.3755E-01 1.4556E-01 1.5353E-01 1.6170E-01 1.7054E-01 1.8212E-01 2.0286E-01 2.2767E-01 2.5497E-01 2.7845E-01 2.9620E-01 3.0506E-01 2.9683E-01 2.9075E-01 3.0000E-01 3.9623E-01 6.3009E-01 5.2459E-01 6.7435E-01 1.1484E+00 1.4259E+00 1.5359E+00 1.0946E+00 9.0014E-01 9.7260E-01 6.3497E-01 5.9601E-01 6.0629E-01 4.9811E-01 1.3335E+00 1.0546E+00 1.4199E+00 1.0274E+00 9.6156E-01 1.2114E+00 1.9673E+00 2.7857E+00 1.6374E+00 2.0616E+00 2.4297E+00 1.8828E+00 1.9603E+00 1.3926E+00 1.1059E+00 7.7476E-01 8.8888E-01 6.1953E-01
4.0503E-02 5.0867E-02 6.1474E-02 7.1784E-02 8.1727E-02 9.1335E-02 1.0066E-01 1.0989E-01 1.1900E-01 1.2790E-01 1.3639E-01 1.4473E-01 1.5306E-01 1.6177E-01 1.7135E-01 1.8186E-01 1.9328E-01 2.1992E-01 2.5029E-01 2.8187E-01 3.0717E-01 3.3026E-01 3.3938E-01 3.2098E-01 3.0898E-01 3.4000E-01 6.5382E-01 5.6187E-01 5.9949E-01 9.4120E-01 1.8315E+00 1.8148E+00 1.6383E+00 1.1370E+00 1.1777E+00 8.0797E-01 7.2624E-01 6.3517E-01 6.9988E-01 1.0005E+00 3.6585E+00 2.7089E+00 1.0312E+00 1.3784E+00 1.6483E+00 2.3886E+00 3.8489E+00 3.0757E+00 2.1842E+00 2.6727E+00 2.9721E+00 1.6093E+00 9.5005E-01 9.6954E-01 1.1868E+00 8.0671E-01 6.3400E-01
