20231023_webinar_progetto_murano/data_input/lapost_grid/max24h.grd
ncols        81
nrows        81
xllcorner      7.602250000E+05
yllcorner      5.036725000E+06
cellsize      5.000000000E+01
nodata_value         -9
[rows 50 to 74 of 81, columns 0 to 56 of 81]
6.6320E-02 8.3074E-02 9.9964E-02 1.1633E-01 1.3194E-01 1.4670E-01 1.6095E-01 1.7508E-01 1.8906E-01 2.0356E-01 2.1937E-01 2.3747E-01 2.5864E-01 2.8300E-01 3.0922E-01 3.3891E-01 3.7687E-01 4.2631E-01 4.9069E-01 5.5591E-01 5.9469E-01 6.2566E-01 6.4097E-01 5.8405E-01 4.8352E-01 4.8372E-01 5.7316E-01 7.7989E-01 9.6873E-01 1.3323E+00 1.7253E+00 2.0457E+00 2.1994E+00 2.1308E+00 1.9024E+00 1.7204E+00 1.7741E+00 1.8840E+00 1.8597E+00 1.7010E+00 1.5309E+00 1.4536E+00 1.3747E+00 1.2360E+00 1.1198E+00 1.0430E+00 9.7006E-01 9.4185E-01 8.8518E-01 8.0470E-01 7.1474E-01 6.2996E-01 5.7664E-01 5.6620E-01 5.4153E-01 5.1337E-01 4.8347E-01
7.2990E-02 9.1057E-02 1.0906E-01 1.2632E-01 1.4266E-01 1.5799E-01 1.7263E-01 1.8705E-01 2.0128E-01 2.1606E-01 2.3206E-01 2.4978E-01 2.7004E-01 2.9300E-01 3.1730E-01 3.4584E-01 3.8443E-01 4.3124E-01 4.7949E-01 5.1711E-01 5.2811E-01 5.1552E-01 4.7716E-01 4.1133E-01 4.0189E-01 4.7790E-01 5.7585E-01 7.2580E-01 9.5499E-01 1.2577E+00 1.5690E+00 1.8047E+00 1.9368E+00 1.8617E+00 1.6716E+00 1.5431E+00 1.4866E+00 1.6184E+00 1.6547E+00 1.5675E+00 1.4196E+00 1.3130E+00 1.2286E+00 1.1181E+00 1.0138E+00 9.4159E-01 8.9167E-01 8.5843E-01 8.0748E-01 7.4648E-01 6.7810E-01 6.1061E-01 5.5168E-01 5.1979E-01 5.1176E-01 4.9530E-01 4.7258E-01
7.8999E-02 9.8133E-02 1.1698E-01 1.3481E-01 1.5148E-01 1.6697E-01 1.8156E-01 1.9580E-01 2.0977E-01 2.2423E-01 2.3974E-01 2.5624E-01 2.7438E-01 2.9493E-01 3.1794E-01 3.4547E-01 3.8023E-01 4.1777E-01 4.4759E-01 4.5735E-01 4.4259E-01 4.0735E-01 3.5910E-01 3.3295E-01 4.0145E-01 4.8099E-01 5.8486E-01 7.3451E-01 9.4034E-01 1.1928E+00 1.4278E+00 1.5951E+00 1.6949E+00 1.6267E+00 1.4664E+00 1.3930E+00 1.3253E+00 1.3938E+00 1.4540E+00 1.4137E+00 1.3151E+00 1.2119E+00 1.1182E+00 1.0181E+00 9.2691E-01 8.6318E-01 8.2197E-01 7.8933E-01 7.3978E-01 6.8866E-01 6.3599E-01 5.8566E-01 5.3869E-01 4.9573E-01 4.7600E-01 4.7080E-01 4.5509E-01
8.3770E-02 1.0359E-01 1.2289E-01 1.4089E-01 1.5747E-01 1.7266E-01 1.8677E-01 2.0041E-01 2.1363E-01 2.2711E-01 2.4139E-01 2.5616E-01 2.7184E-01 2.8985E-01 3.1168E-01 3.3684E-01 3.6359E-01 3.8705E-01 3.9908E-01 3.8863E-01 3.5820E-01 3.1802E-01 2.7886E-01 3.3544E-01 4.0463E-01 4.8772E-01 5.9458E-01 7.3911E-01 9.2297E-01 1.1266E+00 1.2994E+00 1.4101E+00 1.4701E+00 1.3978E+00 1.2863E+00 1.2434E+00 1.2160E+00 1.1921E+00 1.2615E+00 1.2631E+00 1.2126E+00 1.1337E+00 1.0447E+00 9.4925E-01 8.6398E-01 8.0421E-01 7.5784E-01 7.2805E-01 6.8302E-01 6.3827E-01 5.9649E-01 5.5858E-01 5.2222E-01 4.8534E-01 4.5090E-01 4.3841E-01 4.2999E-01
8.6903E-02 1.0699E-01 1.2633E-01 1.4411E-01 1.6025E-01 1.7485E-01 1.8824E-01 2.0105E-01 2.1324E-01 2.2526E-01 2.3757E-01 2.5010E-01 2.6307E-01 2.7805E-01 2.9677E-01 3.1702E-01 3.3415E-01 3.4345E-01 3.4022E-01 3.1860E-01 2.8547E-01 2.5214E-01 2.8679E-01 3.3993E-01 4.0935E-01 4.9410E-01 6.0222E-01 7.4024E-01 9.0417E-01 1.0714E+00 1.2068E+00 1.2894E+00 1.3104E+00 1.2455E+00 1.1564E+00 1.1160E+00 1.0954E+00 1.0527E+00 1.1006E+00 1.1315E+00 1.1165E+00 1.0652E+00 9.9009E-01 9.0266E-01 8.2104E-01 7.6166E-01 7.1835E-01 6.7376E-01 6.3476E-01 5.9429E-01 5.6041E-01 5.3073E-01 5.0258E-01 4.7332E-01 4.4308E-01 4.1470E-01 4.0252E-01
8.8803E-02 1.0893E-01 1.2808E-01 1.4546E-01 1.6102E-01 1.7493E-01 1.8743E-01 1.9929E-01 2.1041E-01 2.2096E-01 2.3112E-01 2.4099E-01 2.5062E-01 2.6121E-01 2.7387E-01 2.8713E-01 2.9587E-01 2.9581E-01 2.8448E-01 2.6181E-01 2.3556E-01 2.5238E-01 2.8756E-01 3.4535E-01 4.1488E-01 4.9970E-01 6.0459E-01 7.3242E-01 8.7498E-01 1.0160E+00 1.1257E+00 1.1838E+00 1.1869E+00 1.1274E+00 1.0578E+00 1.0131E+00 9.9005E-01 9.5632E-01 9.7390E-01 1.0215E+00 1.0292E+00 1.0007E+00 9.4286E-01 8.6783E-01 7.9185E-01 7.3174E-01 6.8734E-01 6.4665E-01 5.9788E-01 5.5476E-01 5.2609E-01 5.0211E-01 4.8050E-01 4.5846E-01 4.3389E-01 4.0802E-01 3.8496E-01
8.9636E-02 1.0974E-01 1.2868E-01 1.4570E-01 1.6077E-01 1.7409E-01 1.8579E-01 1.9664E-01 2.0658E-01 2.1553E-01 2.2320E-01 2.2957E-01 2.3486E-01 2.4020E-01 2.4645E-01 2.5352E-01 2.5753E-01 2.5377E-01 2.4121E-01 2.2336E-01 2.3106E-01 2.5465E-01 2.9368E-01 3.5078E-01 4.1982E-01 5.0301E-01 6.0218E-01 7.1720E-01 8.3922E-01 9.5467E-01 1.0440E+00 1.0915E+00 1.0913E+00 1.0384E+00 9.7462E-01 9.2961E-01 9.0498E-01 8.7532E-01 8.6894E-01 9.2425E-01 9.4745E-01 9.3757E-01 8.9744E-01 8.3658E-01 7.6844E-01 7.0857E-01 6.6177E-01 6.2192E-01 5.7951E-01 5.2838E-01 4.9532E-01 4.7523E-01 4.5883E-01 4.4221E-01 4.2287E-01 4.0124E-01 3.7998E-01
9.0248E-02 1.1051E-01 1.2943E-01 1.4621E-01 1.6085E-01 1.7356E-01 1.8430E-01 1.9380E-01 2.0202E-01 2.0878E-01 2.1344E-01 2.1572E-01 2.1628E-01 2.1660E-01 2.1810E-01 2.2159E-01 2.2410E-01 2.2017E-01 2.0985E-01 2.1227E-01 2.3054E-01 2.5162E-01 2.9874E-01 3.5524E-01 4.2320E-01 5.0395E-01 5.9792E-01 7.0255E-01 8.0780E-01 9.0222E-01 9.7689E-01 1.0146E+00 1.0126E+00 9.6815E-01 9.0515E-01 8.5664E-01 8.2625E-01 7.9671E-01 7.7585E-01 8.3328E-01 8.6718E-01 8.7243E-01 8.4876E-01 8.0298E-01 7.4515E-01 6.8830E-01 6.3997E-01 5.9899E-01 5.5946E-01 5.1536E-01 4.6959E-01 4.5170E-01 4.3872E-01 4.2574E-01 4.1061E-01 3.9342E-01 3.7507E-01
9.1235E-02 1.1198E-01 1.3106E-01 1.4759E-01 1.6155E-01 1.7322E-01 1.8240E-01 1.8984E-01 1.9536E-01 1.9889E-01 1.9997E-01 1.9836E-01 1.9500E-01 1.9172E-01 1.9051E-01 1.9239E-01 1.9481E-01 1.9263E-01 1.9061E-01 2.0874E-01 2.2136E-01 2.5758E-01 3.0241E-01 3.5845E-01 4.2512E-01 5.0294E-01 5.9092E-01 6.8433E-01 7.7553E-01 8.5614E-01 9.1782E-01 9.4693E-01 9.3713E-01 8.9526E-01 8.3845E-01 7.9134E-01 7.5755E-01 7.2843E-01 6.9281E-01 7.4910E-01 7.8867E-01 8.0478E-01 7.9497E-01 7.6369E-01 7.1778E-01 6.6728E-01 6.2011E-01 5.7850E-01 5.4014E-01 5.0046E-01 4.5595E-01 4.3131E-01 4.2026E-01 4.0960E-01 3.9765E-01 3.8412E-01 3.6894E-01
9.2453E-02 1.1379E-01 1.3295E-01 1.4891E-01 1.6163E-01 1.7150E-01 1.7835E-01 1.8302E-01 1.8514E-01 1.8491E-01 1.8261E-01 1.7826E-01 1.7271E-01 1.6788E-01 1.6583E-01 1.6732E-01 1.7029E-01 1.7102E-01 1.8560E-01 1.9836E-01 2.2468E-01 2.6362E-01 3.0463E-01 3.6020E-01 4.2527E-01 4.9936E-01 5.7998E-01 6.6188E-01 7.4031E-01 8.0880E-01 8.5745E-01 8.7725E-01 8.6206E-01 8.1737E-01 7.6947E-01 7.3124E-01 7.0036E-01 6.7264E-01 6.3066E-01 6.7305E-01 7.1388E-01 7.3687E-01 7.3827E-01 7.2020E-01 6.8672E-01 6.4472E-01 6.0125E-01 5.6036E-01 5.2267E-01 4.8559E-01 4.4609E-01 4.1393E-01 4.0410E-01 3.9474E-01 3.8488E-01 3.7406E-01 3.6168E-01
9.3445E-02 1.1510E-01 1.3384E-01 1.4850E-01 1.5911E-01 1.6631E-01 1.7018E-01 1.7179E-01 1.7076E-01 1.6760E-01 1.6319E-01 1.5773E-01 1.5184E-01 1.4718E-01 1.4553E-01 1.4744E-01 1.5218E-01 1.6622E-01 1.7712E-01 1.9667E-01 2.3041E-01 2.6743E-01 3.0603E-01 3.6086E-01 4.2403E-01 4.9401E-01 5.6717E-01 6.3897E-01 7.0579E-01 7.6193E-01 7.9903E-01 8.1070E-01 7.9613E-01 7.5317E-01 7.1010E-01 6.7769E-01 6.4956E-01 6.2155E-01 5.8367E-01 6.0447E-01 6.4431E-01 6.7153E-01 6.8182E-01 6.7521E-01 6.5339E-01 6.2061E-01 5.8259E-01 5.4407E-01 5.0747E-01 4.7213E-01 4.3594E-01 3.9876E-01 3.8940E-01 3.8085E-01 3.7258E-01 3.6388E-01 3.5389E-01
9.3327E-02 1.1462E-01 1.3216E-01 1.4474E-01 1.5255E-01 1.5659E-01 1.5730E-01 1.5606E-01 1.5272E-01 1.4813E-01 1.4317E-01 1.3809E-01 1.3335E-01 1.3002E-01 1.2960E-01 1.3648E-01 1.4860E-01 1.5914E-01 1.7226E-01 2.0085E-01 2.3352E-01 2.6905E-01 3.0707E-01 3.6083E-01 4.2157E-01 4.8700E-01 5.5290E-01 6.1574E-01 6.7293E-01 7.1904E-01 7.4921E-01 7.5520E-01 7.3765E-01 7.0080E-01 6.6070E-01 6.2897E-01 6.0234E-01 5.7542E-01 5.4216E-01 5.4298E-01 5.8096E-01 6.1061E-01 6.2767E-01 6.3051E-01 6.1900E-01 5.9534E-01 5.6389E-01 5.2924E-01 4.9464E-01 4.6086E-01 4.2692E-01 3.9133E-01 3.7551E-01 3.6759E-01 3.6063E-01 3.5352E-01 3.4543E-01
9.1037E-02 1.1106E-01 1.2662E-01 1.3665E-01 1.4158E-01 1.4268E-01 1.4080E-01 1.3759E-01 1.3324E-01 1.2852E-01 1.2404E-01 1.2016E-01 1.1723E-01 1.1572E-01 1.2363E-01 1.3272E-01 1.4157E-01 1.4905E-01 1.7395E-01 2.0243E-01 2.3405E-01 2.6705E-01 3.0777E-01 3.5983E-01 4.1757E-01 4.7840E-01 5.3812E-01 5.9328E-01 6.4118E-01 6.7857E-01 7.0265E-01 7.0519E-01 6.8649E-01 6.5388E-01 6.1653E-01 5.8539E-01 5.6043E-01 5.3573E-01 5.0553E-01 4.8905E-01 5.2488E-01 5.5564E-01 5.7744E-01 5.8760E-01 5.8466E-01 5.6938E-01 5.4490E-01 5.1516E-01 4.8352E-01 4.5164E-01 4.1952E-01 3.8632E-01 3.6264E-01 3.5549E-01 3.4954E-01 3.4361E-01 3.3698E-01
8.6133E-02 1.0403E-01 1.1715E-01 1.2468E-01 1.2726E-01 1.2635E-01 1.2314E-01 1.1927E-01 1.1505E-01 1.1093E-01 1.0742E-01 1.0490E-01 1.0821E-01 1.1412E-01 1.2031E-01 1.2654E-01 1.3240E-01 1.4988E-01 1.7528E-01 2.0220E-01 2.3209E-01 2.6445E-01 3.0769E-01 3.5695E-01 4.1074E-01 4.6680E-01 5.2124E-01 5.7015E-01 6.1022E-01 6.4005E-01 6.5721E-01 6.5618E-01 6.3657E-01 6.0633E-01 5.7409E-01 5.4655E-01 5.2370E-01 5.0039E-01 4.7109E-01 4.5034E-01 4.7607E-01 5.0675E-01 5.3137E-01 5.4667E-01 5.5051E-01 5.4269E-01 5.2520E-01 5.0109E-01 4.7329E-01 4.4387E-01 4.1355E-01 3.8221E-01 3.5047E-01 3.4455E-01 3.3936E-01 3.3419E-01 3.2858E-01
7.8967E-02 9.4288E-02 1.0490E-01 1.1028E-01 1.1129E-01 1.0952E-01 1.0622E-01 1.0269E-01 9.9250E-02 9.6254E-02 9.6113E-02 1.0161E-01 1.0650E-01 1.1104E-01 1.1540E-01 1.1940E-01 1.2746E-01 1.5022E-01 1.7414E-01 1.9903E-01 2.2922E-01 2.6552E-01 3.0692E-01 3.5289E-01 4.0202E-01 4.5245E-01 5.0114E-01 5.4440E-01 5.7912E-01 6.0346E-01 6.1527E-01 6.1128E-01 5.9098E-01 5.6297E-01 5.3540E-01 5.1169E-01 4.9104E-01 4.6877E-01 4.4033E-01 4.2929E-01 4.3327E-01 4.6304E-01 4.8893E-01 5.0757E-01 5.1667E-01 5.1533E-01 5.0455E-01 4.8635E-01 4.6302E-01 4.3664E-01 4.0842E-01 3.7884E-01 3.4801E-01 3.3453E-01 3.2983E-01 3.2501E-01 3.1998E-01
7.0263E-02 8.2895E-02 9.1235E-02 9.5070E-02 9.5475E-02 9.4032E-02 9.1856E-02 8.9211E-02 8.6828E-02 9.0571E-02 9.5412E-02 9.9752E-02 1.0350E-01 1.0677E-01 1.0976E-01 1.1227E-01 1.2944E-01 1.4976E-01 1.7325E-01 2.0033E-01 2.3141E-01 2.6688E-01 3.0638E-01 3.4919E-01 3.9389E-01 4.3895E-01 4.8089E-01 5.1836E-01 5.4825E-01 5.6844E-01 5.7712E-01 5.7212E-01 5.5290E-01 5.2674E-01 5.0118E-01 4.7975E-01 4.6064E-01 4.3998E-01 4.1337E-01 4.1002E-01 4.0546E-01 4.2373E-01 4.4975E-01 4.7043E-01 4.8351E-01 4.8763E-01 4.8273E-01 4.7035E-01 4.5183E-01 4.2901E-01 4.0329E-01 3.7563E-01 3.4649E-01 3.2452E-01 3.2018E-01 3.1570E-01 3.1135E-01
6.1214E-02 7.1524E-02 7.8156E-02 8.1152E-02 8.1675E-02 8.1088E-02 8.0017E-02 8.2144E-02 8.6202E-02 8.9946E-02 9.3357E-02 9.6346E-02 9.9035E-02 1.0145E-01 1.0358E-01 1.1357E-01 1.3105E-01 1.5144E-01 1.7502E-01 2.0210E-01 2.3280E-01 2.6711E-01 3.0451E-01 3.4413E-01 3.8446E-01 4.2425E-01 4.6069E-01 4.9319E-01 5.1879E-01 5.3551E-01 5.4216E-01 5.3668E-01 5.1859E-01 4.9432E-01 4.7044E-01 4.5028E-01 4.3246E-01 4.1374E-01 3.9781E-01 3.9185E-01 3.8873E-01 3.8752E-01 4.1291E-01 4.3469E-01 4.5069E-01 4.5925E-01 4.5966E-01 4.5273E-01 4.3913E-01 4.2027E-01 3.9757E-01 3.7217E-01 3.4486E-01 3.1622E-01 3.1026E-01 3.0620E-01 3.0237E-01
5.3901E-02 6.6286E-02 6.6788E-02 6.9652E-02 7.0728E-02 7.5145E-02 8.0040E-02 8.3539E-02 8.6055E-02 8.8172E-02 9.0192E-02 9.2129E-02 9.4134E-02 9.6088E-02 1.0034E-01 1.1499E-01 1.3250E-01 1.5296E-01 1.7660E-01 2.0357E-01 2.3376E-01 2.6679E-01 3.0202E-01 3.3857E-01 3.7506E-01 4.1045E-01 4.4232E-01 4.7073E-01 4.9265E-01 5.0669E-01 5.1193E-01 5.0592E-01 4.8843E-01 4.6560E-01 4.4303E-01 4.2402E-01 4.0720E-01 3.8966E-01 3.8596E-01 3.7646E-01 3.7242E-01 3.6871E-01 3.7867E-01 4.0074E-01 4.1861E-01 4.3048E-01 4.3526E-01 4.3318E-01 4.2433E-01 4.0962E-01 3.9028E-01 3.6750E-01 3.4225E-01 3.1534E-01 3.0012E-01 2.9660E-01 2.9331E-01
5.0522E-02 5.8488E-02 5.7791E-02 6.4790E-02 7.1662E-02 7.7021E-02 8.0836E-02 8.3066E-02 8.4242E-02 8.5044E-02 8.6040E-02 8.7379E-02 8.9080E-02 9.0861E-02 1.0146E-01 1.1614E-01 1.3369E-01 1.5421E-01 1.7784E-01 2.0464E-01 2.3423E-01 2.6595E-01 2.9909E-01 3.3285E-01 3.6590E-01 3.9726E-01 4.2505E-01 4.4957E-01 4.6797E-01 4.7930E-01 4.8275E-01 4.7638E-01 4.6056E-01 4.3974E-01 4.1886E-01 4.0116E-01 3.8499E-01 3.7757E-01 3.7547E-01 3.6520E-01 3.5738E-01 3.5396E-01 3.4940E-01 3.6914E-01 3.8794E-01 4.0205E-01 4.1020E-01 4.1224E-01 4.0776E-01 3.9713E-01 3.8134E-01 3.6143E-01 3.3848E-01 3.1347E-01 2.8974E-01 2.8700E-01 2.8422E-01
3.9924E-02 5.0864E-02 6.0135E-02 6.7411E-02 7.2978E-02 7.7013E-02 7.9533E-02 8.0630E-02 8.0886E-02 8.0958E-02 8.1433E-02 8.2534E-02 8.4145E-02 9.0001E-02 1.0227E-01 1.1700E-01 1.3459E-01 1.5510E-01 1.7862E-01 2.0508E-01 2.3393E-01 2.6432E-01 2.9543E-01 3.2641E-01 3.5620E-01 3.8408E-01 4.0827E-01 4.2912E-01 4.4408E-01 4.5235E-01 4.5362E-01 4.4715E-01 4.3348E-01 4.1508E-01 3.9635E-01 3.7976E-01 3.6371E-01 3.6355E-01 3.6224E-01 3.5214E-01 3.4399E-01 3.4063E-01 3.3618E-01 3.3978E-01 3.5873E-01 3.7419E-01 3.8486E-01 3.9029E-01 3.8966E-01 3.8288E-01 3.7064E-01 3.5378E-01 3.3337E-01 3.1048E-01 2.8590E-01 2.7723E-01 2.7491E-01
4.2755E-02 5.4404E-02 6.3118E-02 6.8985E-02 7.2942E-02 7.5585E-02 7.6966E-02 7.7247E-02 7.6993E-02 7.6748E-02 7.7024E-02 7.8037E-02 8.0283E-02 9.0436E-02 1.0280E-01 1.1759E-01 1.3518E-01 1.5559E-01 1.7883E-01 2.0469E-01 2.3255E-01 2.6154E-01 2.9079E-01 3.1923E-01 3.4576E-01 3.7022E-01 3.9146E-01 4.0939E-01 4.2142E-01 4.2723E-01 4.2661E-01 4.1955E-01 4.0704E-01 3.9078E-01 3.7419E-01 3.5864E-01 3.4270E-01 3.4869E-01 3.4776E-01 3.3878E-01 3.3179E-01 3.2852E-01 3.2342E-01 3.1650E-01 3.3130E-01 3.4743E-01 3.5986E-01 3.6792E-01 3.7055E-01 3.6722E-01 3.5837E-01 3.4461E-01 3.2688E-01 3.0628E-01 2.8366E-01 2.6698E-01 2.6520E-01
4.5038E-02 5.6626E-02 6.4642E-02 6.9268E-02 7.1845E-02 7.3279E-02 7.3759E-02 7.3555E-02 7.3121E-02 7.2826E-02 7.3089E-02 7.4057E-02 8.0277E-02 9.0908E-02 1.0300E-01 1.1785E-01 1.3542E-01 1.5563E-01 1.7843E-01 2.0352E-01 2.3025E-01 2.5777E-01 2.8519E-01 3.1137E-01 3.3489E-01 3.5600E-01 3.7432E-01 3.8999E-01 4.0005E-01 4.0419E-01 4.0221E-01 3.9464E-01 3.8259E-01 3.6746E-01 3.5214E-01 3.3743E-01 3.2741E-01 3.3453E-01 3.3352E-01 3.2548E-01 3.1933E-01 3.1621E-01 3.1089E-01 3.0370E-01 3.0575E-01 3.2205E-01 3.3557E-01 3.4555E-01 3.5076E-01 3.5043E-01 3.4471E-01 3.3397E-01 3.1899E-01 3.0080E-01 2.8027E-01 2.5818E-01 2.5490E-01
4.6296E-02 5.7349E-02 6.4570E-02 6.8413E-02 7.0217E-02 7.0877E-02 7.0748E-02 7.0242E-02 6.9709E-02 6.9405E-02 6.9679E-02 7.1418E-02 8.1163E-02 9.2110E-02 1.0404E-01 1.1776E-01 1.3526E-01 1.5519E-01 1.7746E-01 2.0167E-01 2.2720E-01 2.5316E-01 2.7848E-01 3.0216E-01 3.2298E-01 3.4135E-01 3.5691E-01 3.7027E-01 3.7880E-01 3.8189E-01 3.7937E-01 3.7173E-01 3.6021E-01 3.4602E-01 3.3149E-01 3.1722E-01 3.1446E-01 3.2076E-01 3.1934E-01 3.1179E-01 3.0548E-01 3.0248E-01 2.9729E-01 2.9023E-01 2.8178E-01 2.9790E-01 3.1195E-01 3.2323E-01 3.3045E-01 3.3268E-01 3.2977E-01 3.2190E-01 3.0964E-01 2.9391E-01 2.7552E-01 2.5523E-01 2.4386E-01
4.6645E-02 5.6941E-02 6.3318E-02 6.6619E-02 6.8041E-02 6.8333E-02 6.7917E-02 6.7273E-02 6.6677E-02 6.6342E-02 6.6565E-02 7.3364E-02 8.2594E-02 9.3088E-02 1.0477E-01 1.1734E-01 1.3445E-01 1.5400E-01 1.7561E-01 1.9886E-01 2.2308E-01 2.4739E-01 2.7058E-01 2.9163E-01 3.0991E-01 3.2586E-01 3.3879E-01 3.4972E-01 3.5665E-01 3.5890E-01 3.5615E-01 3.4869E-01 3.3787E-01 3.2473E-01 3.1099E-01 2.9730E-01 3.0012E-01 3.0595E-01 3.0435E-01 2.9731E-01 2.8998E-01 2.8712E-01 2.8217E-01 2.7535E-01 2.6673E-01 2.7481E-01 2.8898E-01 3.0104E-01 3.0977E-01 3.1409E-01 3.1365E-01 3.0841E-01 2.9877E-01 2.8544E-01 2.6919E-01 2.5071E-01 2.3156E-01
4.6011E-02 5.5535E-02 6.1141E-02 6.3927E-02 6.5000E-02 6.5077E-02 6.4613E-02 6.4052E-02 6.3553E-02 6.3263E-02 6.6393E-02 7.4664E-02 8.3491E-02 9.3544E-02 1.0471E-01 1.1667E-01 1.3276E-01 1.5181E-01 1.7265E-01 1.9488E-01 2.1778E-01 2.4047E-01 2.6156E-01 2.7995E-01 2.9561E-01 3.0905E-01 3.1972E-01 3.2846E-01 3.3366E-01 3.3460E-01 3.3111E-01 3.2377E-01 3.1378E-01 3.0199E-01 2.8970E-01 2.7709E-01 2.8413E-01 2.8960E-01 2.8823E-01 2.8199E-01 2.7389E-01 2.7061E-01 2.6582E-01 2.5919E-01 2.5084E-01 2.5244E-01 2.6640E-01 2.7887E-01 2.8864E-01 2.9462E-01 2.9630E-01 2.9342E-01 2.8619E-01 2.7515E-01 2.6098E-01 2.4432E-01 2.2596E-01
