20231023_webinar_progetto_murano/refs/data_input_report_tx_finale/grd_f3_sc_2/Percentile_24h.grd
DSAA
          81           81
 760250.0000  764250.0000
5036750.0000 5040750.0000
  0.4112E-03   0.5815E+00
[rows 50 to 74 of 81, columns 0 to 56 of 81]
8.4262E-04 1.1436E-03 1.2957E-03 1.5003E-03 1.6535E-03 1.7910E-03 1.9271E-03 1.9484E-03 2.1862E-03 2.3039E-03 2.2176E-03 2.1178E-03 1.9702E-03 1.7952E-03 1.7904E-03 1.9483E-03 2.1360E-03 2.4064E-03 2.7339E-03 2.8860E-03 2.9769E-03 3.0243E-03 2.7934E-03 2.6788E-03 3.3541E-03 3.5186E-03 3.9177E-03 3.6525E-03 3.2941E-03 3.3298E-03 5.3272E-03 5.0943E-03 6.2700E-03 7.6303E-03 1.1270E-02 1.2061E-02 1.6403E-02 2.1909E-02 2.4501E-02 3.4942E-02 3.2891E-02 3.0102E-02 2.5613E-02 2.8251E-02 2.4709E-02 2.5626E-02 2.0207E-02 1.6185E-02 1.3619E-02 1.2355E-02 1.0724E-02 1.1091E-02 1.1264E-02 1.0231E-02 8.6437E-03 8.3162E-03 8.2891E-03
8.9439E-04 1.1271E-03 1.3257E-03 1.5072E-03 1.6742E-03 1.8063E-03 1.8621E-03 1.8664E-03 1.8094E-03 1.6968E-03 1.5945E-03 1.4836E-03 1.5835E-03 1.2452E-03 1.8425E-03 2.0116E-03 2.2252E-03 2.5447E-03 2.9348E-03 2.7001E-03 2.3292E-03 2.7814E-03 3.1425E-03 3.8683E-03 3.5967E-03 3.2196E-03 3.0049E-03 3.0611E-03 4.4670E-03 4.4221E-03 5.3736E-03 6.7337E-03 7.4865E-03 9.9171E-03 7.7738E-03 1.2500E-02 1.8712E-02 1.8529E-02 2.3475E-02 2.9141E-02 2.6924E-02 2.2069E-02 2.2576E-02 2.3623E-02 2.2991E-02 2.0882E-02 2.0030E-02 1.5476E-02 1.2208E-02 1.1392E-02 1.1038E-02 9.5028E-03 8.6975E-03 9.3266E-03 7.9863E-03 6.9896E-03 6.9140E-03
7.7833E-04 9.4745E-04 1.3168E-03 1.2121E-03 1.3184E-03 1.4090E-03 1.5855E-03 1.4595E-03 1.4540E-03 1.3316E-03 1.4221E-03 1.2712E-03 1.6778E-03 1.7746E-03 1.9145E-03 2.0960E-03 2.2737E-03 2.6855E-03 2.9330E-03 2.9434E-03 2.9164E-03 3.0211E-03 2.9410E-03 2.8142E-03 2.5478E-03 2.9266E-03 3.2538E-03 3.7802E-03 4.0684E-03 4.5391E-03 5.7766E-03 5.6786E-03 6.6764E-03 7.5886E-03 1.0183E-02 1.2687E-02 1.6170E-02 1.7041E-02 2.0335E-02 2.5513E-02 2.1379E-02 1.8198E-02 1.9988E-02 1.8833E-02 1.7761E-02 1.6125E-02 1.6986E-02 1.4868E-02 1.2488E-02 1.3289E-02 1.1944E-02 1.0182E-02 8.0692E-03 7.4206E-03 8.2965E-03 7.9010E-03 7.1740E-03
6.1638E-04 1.0878E-03 1.3019E-03 1.2432E-03 9.9882E-04 1.0780E-03 1.2982E-03 1.3338E-03 1.4132E-03 1.3672E-03 1.5020E-03 1.6161E-03 1.7495E-03 1.8652E-03 1.9463E-03 2.1883E-03 2.4583E-03 2.6992E-03 2.7714E-03 2.7439E-03 2.6378E-03 2.3287E-03 2.1557E-03 2.7772E-03 2.4131E-03 2.7584E-03 3.1241E-03 3.5135E-03 3.5808E-03 4.9475E-03 4.6957E-03 4.8607E-03 5.5450E-03 8.1268E-03 1.0843E-02 1.3339E-02 1.3146E-02 1.4125E-02 1.8187E-02 2.2192E-02 1.5258E-02 1.4663E-02 1.7191E-02 1.6128E-02 1.4367E-02 1.5987E-02 1.4545E-02 1.4322E-02 1.2190E-02 9.7342E-03 1.0819E-02 9.6819E-03 7.5714E-03 6.4532E-03 6.9969E-03 7.5799E-03 6.9126E-03
6.1348E-04 9.5569E-04 1.2294E-03 1.0745E-03 9.6315E-04 1.0883E-03 1.1464E-03 1.2856E-03 1.3228E-03 1.5824E-03 1.7921E-03 1.8653E-03 2.0547E-03 2.1879E-03 2.0948E-03 2.2910E-03 2.4827E-03 2.5099E-03 2.4870E-03 2.1190E-03 2.0697E-03 2.1171E-03 2.3677E-03 2.5561E-03 2.5345E-03 2.8822E-03 3.2152E-03 3.4497E-03 3.9609E-03 4.2036E-03 4.8708E-03 4.7657E-03 7.3613E-03 8.6584E-03 1.3111E-02 1.2256E-02 1.2098E-02 1.4559E-02 1.7474E-02 1.7328E-02 1.4767E-02 1.2919E-02 1.3898E-02 1.2971E-02 1.3718E-02 1.2796E-02 1.2851E-02 1.3420E-02 1.2591E-02 8.3271E-03 7.9419E-03 8.6473E-03 7.3126E-03 6.9438E-03 6.7479E-03 7.5069E-03 6.9449E-03
6.0160E-04 8.8872E-04 1.0985E-03 1.0741E-03 1.1453E-03 1.1628E-03 1.2252E-03 1.2747E-03 1.4871E-03 1.7187E-03 1.8965E-03 1.7836E-03 1.8500E-03 2.0310E-03 2.1958E-03 2.3178E-03 2.3334E-03 2.3381E-03 1.8725E-03 1.8753E-03 2.0495E-03 2.2161E-03 2.2971E-03 2.5097E-03 2.6646E-03 2.8309E-03 3.0233E-03 3.5839E-03 3.6823E-03 4.2737E-03 4.4098E-03 5.5228E-03 9.2985E-03 9.9158E-03 1.1161E-02 1.1408E-02 1.0489E-02 1.2729E-02 1.4954E-02 1.5714E-02 1.1689E-02 1.0748E-02 1.0758E-02 1.0484E-02 1.2566E-02 1.1139E-02 1.1134E-02 1.0048E-02 1.0936E-02 1.0892E-02 7.3157E-03 6.9807E-03 6.7982E-03 6.6802E-03 6.4715E-03 6.2527E-03 6.7241E-03
6.7704E-04 8.7187E-04 9.7990E-04 1.0143E-03 1.1462E-03 1.2746E-03 1.4269E-03 1.4336E-03 1.5440E-03 1.6229E-03 1.5819E-03 1.7756E-03 1.9239E-03 2.0973E-03 2.1682E-03 2.1659E-03 1.9403E-03 1.7764E-03 1.9794E-03 2.0976E-03 2.2975E-03 2.1823E-03 2.5443E-03 2.5841E-03 2.8232E-03 2.5838E-03 3.2599E-03 3.1742E-03 3.7721E-03 4.1147E-03 5.2031E-03 6.8603E-03 8.5082E-03 1.0303E-02 1.0314E-02 9.8693E-03 1.1379E-02 1.2503E-02 1.2912E-02 1.2198E-02 1.0312E-02 9.0919E-03 1.0109E-02 1.1312E-02 1.0355E-02 1.0047E-02 1.0293E-02 9.3475E-03 1.0805E-02 1.0645E-02 9.0239E-03 7.2112E-03 6.4071E-03 6.5165E-03 6.4408E-03 6.2839E-03 5.7680E-03
5.7030E-04 7.9051E-04 9.0910E-04 1.1551E-03 1.2633E-03 1.4434E-03 1.6692E-03 1.5024E-03 1.5777E-03 1.5596E-03 1.5979E-03 1.5491E-03 1.9306E-03 2.0714E-03 1.9324E-03 1.8896E-03 1.7499E-03 1.9818E-03 2.2719E-03 2.2208E-03 2.2529E-03 2.6160E-03 2.8193E-03 2.4902E-03 2.3487E-03 2.9626E-03 2.9795E-03 2.9494E-03 3.2836E-03 3.8269E-03 4.7921E-03 6.1625E-03 9.8465E-03 9.3853E-03 9.0933E-03 8.7249E-03 9.7421E-03 1.1626E-02 1.1357E-02 1.1443E-02 9.4297E-03 9.3699E-03 9.3246E-03 1.0462E-02 9.4629E-03 9.4321E-03 9.4977E-03 9.7566E-03 8.6161E-03 1.0535E-02 8.8394E-03 7.5387E-03 6.5639E-03 5.9868E-03 6.5672E-03 5.9087E-03 5.4223E-03
6.7041E-04 8.8653E-04 9.6803E-04 1.1097E-03 1.3976E-03 1.6447E-03 1.8502E-03 1.7499E-03 1.4990E-03 1.5756E-03 1.6308E-03 1.7405E-03 1.7277E-03 1.7729E-03 1.9714E-03 1.9457E-03 1.9352E-03 2.0981E-03 2.1341E-03 2.0996E-03 2.6580E-03 2.5159E-03 2.4103E-03 2.5720E-03 2.8050E-03 2.6580E-03 3.0507E-03 2.8715E-03 3.7928E-03 4.9868E-03 5.4554E-03 7.4765E-03 9.0315E-03 8.5401E-03 7.6576E-03 7.8077E-03 8.9019E-03 1.0396E-02 1.0554E-02 1.0621E-02 8.8614E-03 8.4105E-03 8.8117E-03 9.1132E-03 8.7137E-03 9.0703E-03 8.7338E-03 8.0728E-03 8.2341E-03 8.8616E-03 9.0535E-03 7.8989E-03 6.7015E-03 6.0162E-03 5.2611E-03 5.1517E-03 5.0804E-03
6.4384E-04 8.4620E-04 1.2131E-03 1.2037E-03 1.3258E-03 1.4945E-03 1.5644E-03 1.7835E-03 1.4821E-03 1.6906E-03 1.6675E-03 1.6404E-03 1.7930E-03 1.9251E-03 1.9639E-03 1.9585E-03 1.9393E-03 2.0399E-03 2.1296E-03 2.1051E-03 2.0303E-03 2.1777E-03 2.5248E-03 2.4522E-03 2.7377E-03 3.6511E-03 3.0364E-03 3.6168E-03 5.2289E-03 6.0612E-03 6.2953E-03 8.1992E-03 7.1598E-03 6.7800E-03 6.8103E-03 6.8295E-03 9.1816E-03 9.5789E-03 9.1844E-03 9.4304E-03 8.8052E-03 8.3231E-03 7.9473E-03 7.8552E-03 8.7055E-03 7.7070E-03 7.6942E-03 6.3126E-03 7.6438E-03 7.3421E-03 8.2279E-03 7.0321E-03 6.8818E-03 5.8804E-03 5.1558E-03 4.5665E-03 4.5326E-03
6.7956E-04 8.5483E-04 1.0895E-03 1.1765E-03 1.3176E-03 1.3305E-03 1.2939E-03 1.3175E-03 1.4194E-03 1.5121E-03 1.5440E-03 1.7043E-03 1.7848E-03 1.7772E-03 1.7452E-03 1.9288E-03 1.9631E-03 2.0661E-03 1.8926E-03 1.8373E-03 2.0171E-03 2.3734E-03 2.6005E-03 2.6970E-03 3.2506E-03 3.5215E-03 3.4077E-03 4.4297E-03 5.2403E-03 5.9651E-03 6.9876E-03 7.3993E-03 6.2824E-03 6.2534E-03 6.4056E-03 7.3702E-03 8.0320E-03 8.7131E-03 8.4930E-03 9.1861E-03 7.7891E-03 7.3179E-03 7.3024E-03 7.8379E-03 7.5240E-03 7.1914E-03 7.2205E-03 6.6302E-03 6.3015E-03 7.1957E-03 6.8752E-03 6.8488E-03 5.5474E-03 6.0683E-03 5.1915E-03 4.9877E-03 4.1375E-03
7.1124E-04 9.4151E-04 1.0927E-03 1.0890E-03 1.0434E-03 1.1449E-03 1.2397E-03 1.3363E-03 1.3707E-03 1.4541E-03 1.5130E-03 1.5816E-03 1.6547E-03 1.3770E-03 1.4124E-03 1.6970E-03 1.8737E-03 1.8938E-03 1.8051E-03 2.0262E-03 2.3230E-03 2.6632E-03 2.5308E-03 2.9552E-03 3.1432E-03 3.1687E-03 3.9472E-03 4.5620E-03 5.1890E-03 6.2688E-03 6.6335E-03 6.2945E-03 5.2358E-03 6.1980E-03 6.5164E-03 6.6302E-03 7.3809E-03 7.4223E-03 7.5043E-03 8.1967E-03 6.6045E-03 6.7840E-03 6.8117E-03 7.5543E-03 6.1517E-03 6.4345E-03 6.3926E-03 6.4507E-03 5.8992E-03 6.9196E-03 6.1029E-03 6.0687E-03 5.5800E-03 5.5663E-03 4.9017E-03 4.3857E-03 4.1995E-03
7.2404E-04 8.7816E-04 1.0041E-03 1.0016E-03 1.1596E-03 1.2862E-03 1.4003E-03 1.3974E-03 1.4593E-03 1.4314E-03 1.4110E-03 1.4217E-03 1.4175E-03 1.5011E-03 1.6104E-03 1.7559E-03 1.7616E-03 1.7294E-03 1.8265E-03 2.3665E-03 2.6377E-03 2.4396E-03 2.3737E-03 2.4108E-03 2.6023E-03 3.2428E-03 4.2923E-03 4.7577E-03 5.9870E-03 6.3251E-03 5.8999E-03 6.0629E-03 5.3618E-03 5.7492E-03 6.5638E-03 6.6240E-03 6.7581E-03 6.4191E-03 5.9902E-03 7.2294E-03 5.9213E-03 6.1492E-03 6.4329E-03 7.1775E-03 6.4535E-03 5.9723E-03 5.5820E-03 5.9533E-03 6.0761E-03 5.7164E-03 5.3634E-03 5.3995E-03 5.8133E-03 5.1053E-03 5.2150E-03 4.4244E-03 3.7037E-03
6.6367E-04 8.4946E-04 9.2552E-04 1.0565E-03 1.3356E-03 1.4222E-03 1.5685E-03 1.3024E-03 1.1891E-03 1.1811E-03 1.2160E-03 1.4900E-03 1.6958E-03 1.5357E-03 1.5860E-03 1.7146E-03 1.6097E-03 1.7888E-03 2.3315E-03 2.5545E-03 2.4598E-03 2.3113E-03 2.3830E-03 2.1582E-03 2.8851E-03 4.5216E-03 5.1015E-03 4.3954E-03 6.3842E-03 5.4581E-03 5.8636E-03 5.2585E-03 4.9069E-03 5.6326E-03 6.2399E-03 6.1261E-03 6.6712E-03 5.9687E-03 5.8087E-03 6.2639E-03 5.8755E-03 6.3427E-03 6.0097E-03 6.5176E-03 6.2374E-03 5.6190E-03 4.9583E-03 5.1643E-03 5.3931E-03 5.1618E-03 5.9819E-03 5.0761E-03 4.7497E-03 4.7125E-03 4.8584E-03 4.4689E-03 4.0075E-03
6.3972E-04 8.0076E-04 9.8903E-04 1.1892E-03 1.3938E-03 1.5653E-03 1.6768E-03 1.3922E-03 1.0257E-03 1.1213E-03 1.6104E-03 1.8598E-03 1.8451E-03 1.6013E-03 1.5577E-03 1.5046E-03 1.7995E-03 2.2457E-03 2.4569E-03 2.2401E-03 2.0618E-03 2.3756E-03 1.9699E-03 2.8068E-03 3.7159E-03 4.4320E-03 4.2054E-03 5.7565E-03 6.1363E-03 5.3239E-03 5.7351E-03 4.3192E-03 4.7205E-03 5.2442E-03 6.3174E-03 6.1100E-03 6.3476E-03 5.6353E-03 5.5668E-03 5.8294E-03 5.9288E-03 5.4426E-03 5.5622E-03 5.9549E-03 5.6843E-03 5.2954E-03 4.4494E-03 4.4899E-03 4.4624E-03 4.3346E-03 4.9077E-03 4.9576E-03 4.5793E-03 4.6883E-03 4.3289E-03 4.2336E-03 3.6961E-03
6.8696E-04 9.6615E-04 1.0908E-03 1.3195E-03 1.3336E-03 1.2619E-03 1.2455E-03 1.1303E-03 1.2534E-03 1.4727E-03 1.8123E-03 1.8439E-03 1.5990E-03 1.4802E-03 1.6191E-03 1.9198E-03 1.9774E-03 2.2207E-03 2.2558E-03 1.8896E-03 2.2083E-03 1.9574E-03 2.7759E-03 3.3166E-03 4.1354E-03 4.3372E-03 5.7024E-03 6.0633E-03 5.0579E-03 5.4437E-03 4.6666E-03 4.2246E-03 4.6244E-03 5.3734E-03 6.2149E-03 5.9184E-03 5.9766E-03 5.9285E-03 5.6961E-03 5.5769E-03 5.8657E-03 5.4182E-03 5.3614E-03 6.0547E-03 5.3742E-03 4.9079E-03 4.2391E-03 3.9766E-03 4.0113E-03 3.9175E-03 4.3797E-03 4.7282E-03 4.0539E-03 4.1009E-03 4.0745E-03 3.8862E-03 3.7984E-03
7.1705E-04 9.6391E-04 1.1757E-03 1.3270E-03 1.3306E-03 9.2403E-04 1.0044E-03 1.1381E-03 1.3301E-03 1.5051E-03 1.7682E-03 1.4645E-03 1.5005E-03 1.5218E-03 1.8764E-03 2.0855E-03 2.2150E-03 2.2460E-03 1.7563E-03 2.1757E-03 1.8617E-03 2.6862E-03 2.9103E-03 3.3844E-03 3.6303E-03 4.5249E-03 5.7852E-03 5.5041E-03 4.9278E-03 4.6006E-03 4.5339E-03 4.0965E-03 4.1878E-03 5.3955E-03 5.5217E-03 5.4450E-03 5.8317E-03 5.4568E-03 5.4822E-03 5.3918E-03 5.3483E-03 5.0755E-03 4.7954E-03 6.0076E-03 4.9917E-03 4.4096E-03 3.9842E-03 3.9887E-03 3.9645E-03 4.0487E-03 4.0961E-03 4.3869E-03 4.2428E-03 3.9746E-03 3.8230E-03 3.8224E-03 3.6168E-03
7.6316E-04 1.0023E-03 1.1500E-03 1.0273E-03 1.1175E-03 9.5627E-04 1.0131E-03 1.2423E-03 1.3542E-03 1.4629E-03 1.4891E-03 1.5396E-03 1.4719E-03 1.6828E-03 1.9722E-03 2.3252E-03 2.3516E-03 1.6778E-03 2.2167E-03 2.2944E-03 2.5025E-03 2.8986E-03 3.1778E-03 3.3517E-03 3.6921E-03 5.0091E-03 5.2504E-03 4.3548E-03 4.9074E-03 4.3547E-03 3.6357E-03 4.1478E-03 4.2624E-03 5.2676E-03 5.0722E-03 5.3361E-03 5.4220E-03 4.7833E-03 4.8906E-03 4.9942E-03 5.0460E-03 4.6885E-03 4.3597E-03 4.7477E-03 4.5678E-03 4.2179E-03 3.9749E-03 4.1056E-03 4.1412E-03 3.8921E-03 3.8800E-03 4.0732E-03 3.9432E-03 3.8142E-03 3.6268E-03 3.4106E-03 3.5961E-03
7.1510E-04 9.7649E-04 9.3948E-04 8.3524E-04 9.4344E-04 1.0413E-03 1.2124E-03 1.4014E-03 1.5128E-03 1.5540E-03 1.5495E-03 1.4144E-03 1.6020E-03 1.6970E-03 1.9676E-03 2.2099E-03 1.9079E-03 1.9294E-03 2.0762E-03 2.4933E-03 2.6404E-03 2.9780E-03 3.1713E-03 3.3575E-03 4.1835E-03 5.3483E-03 4.6353E-03 4.5354E-03 4.3884E-03 3.7302E-03 3.2884E-03 4.4535E-03 4.6359E-03 4.9021E-03 4.7967E-03 4.8271E-03 5.3841E-03 4.4997E-03 4.5624E-03 4.7039E-03 4.8828E-03 4.4577E-03 4.4302E-03 4.5285E-03 4.5519E-03 4.2264E-03 3.9333E-03 3.5742E-03 4.2645E-03 3.8847E-03 3.6717E-03 3.7145E-03 3.8515E-03 3.6597E-03 3.6596E-03 3.3375E-03 3.5258E-03
5.5567E-04 7.5858E-04 9.4652E-04 9.9297E-04 1.1415E-03 1.2529E-03 1.3281E-03 1.4893E-03 1.5880E-03 1.6387E-03 1.6096E-03 1.6456E-03 1.6924E-03 1.7064E-03 1.8726E-03 1.9949E-03 2.0487E-03 1.9588E-03 2.3600E-03 2.5862E-03 2.7892E-03 3.1422E-03 3.3703E-03 3.6958E-03 4.6246E-03 4.8933E-03 4.5887E-03 4.5214E-03 4.1196E-03 3.4715E-03 3.6647E-03 4.4745E-03 4.5349E-03 4.7896E-03 4.6566E-03 4.7321E-03 5.2627E-03 4.4178E-03 4.3442E-03 4.3545E-03 4.9519E-03 4.2790E-03 4.3629E-03 4.5854E-03 4.6556E-03 4.2278E-03 4.0045E-03 3.3864E-03 3.7039E-03 3.4812E-03 3.4255E-03 3.5980E-03 3.6005E-03 3.6782E-03 3.6603E-03 3.3328E-03 3.0450E-03
6.5126E-04 8.6307E-04 9.9687E-04 1.1699E-03 1.3428E-03 1.3886E-03 1.3942E-03 1.4876E-03 1.5767E-03 1.5903E-03 1.6301E-03 2.0385E-03 2.0590E-03 1.9649E-03 1.9544E-03 2.0582E-03 2.1030E-03 2.1626E-03 2.3564E-03 2.6550E-03 2.7343E-03 3.0640E-03 3.3416E-03 4.0511E-03 4.7461E-03 4.7606E-03 4.4296E-03 4.3672E-03 3.8481E-03 3.2042E-03 3.7096E-03 4.3205E-03 4.4863E-03 4.5122E-03 4.5241E-03 4.6813E-03 4.7205E-03 4.0005E-03 4.2417E-03 4.2725E-03 4.8616E-03 4.2789E-03 4.2050E-03 4.4649E-03 4.3636E-03 4.0024E-03 3.7201E-03 3.0047E-03 3.1774E-03 3.1761E-03 3.2386E-03 3.5372E-03 3.4829E-03 3.5258E-03 3.6164E-03 3.3694E-03 3.2312E-03
8.1216E-04 9.7228E-04 1.1072E-03 1.2383E-03 1.3687E-03 1.3789E-03 1.3805E-03 1.4698E-03 1.5080E-03 1.5977E-03 1.8937E-03 2.0572E-03 2.1464E-03 2.1424E-03 2.1121E-03 2.1064E-03 2.2969E-03 2.3421E-03 2.6065E-03 2.7179E-03 2.7712E-03 3.2581E-03 3.7772E-03 4.3721E-03 4.7159E-03 4.5389E-03 4.4464E-03 4.1969E-03 3.6067E-03 3.2242E-03 3.7360E-03 4.2425E-03 4.3921E-03 4.3525E-03 4.3662E-03 4.5324E-03 4.2593E-03 3.9166E-03 4.2087E-03 4.2094E-03 4.5199E-03 4.0536E-03 3.8413E-03 4.1319E-03 4.0439E-03 3.8113E-03 3.3806E-03 2.7580E-03 2.8350E-03 2.7859E-03 3.2349E-03 3.4084E-03 3.2473E-03 3.3034E-03 3.4599E-03 3.4145E-03 3.1356E-03
7.2596E-04 9.6869E-04 1.1011E-03 1.1833E-03 1.1987E-03 1.3071E-03 1.3780E-03 1.4137E-03 1.5405E-03 1.7641E-03 1.6631E-03 1.8526E-03 1.9863E-03 1.9680E-03 1.7977E-03 2.0586E-03 2.5019E-03 2.4087E-03 2.5687E-03 2.7494E-03 2.9151E-03 3.3273E-03 3.9655E-03 4.4578E-03 4.5523E-03 4.5412E-03 4.4083E-03 4.0260E-03 3.3984E-03 3.1621E-03 3.7319E-03 4.1712E-03 4.2289E-03 4.3306E-03 4.1769E-03 4.3952E-03 3.8350E-03 3.9969E-03 3.8431E-03 4.0138E-03 4.2835E-03 3.8834E-03 3.7864E-03 3.8263E-03 3.7645E-03 3.4954E-03 3.0914E-03 2.7165E-03 2.8204E-03 3.1083E-03 3.2609E-03 3.3540E-03 3.0733E-03 3.1518E-03 3.2943E-03 3.3449E-03 3.1701E-03
6.8904E-04 8.9594E-04 1.0601E-03 1.1623E-03 1.2159E-03 1.3190E-03 1.3436E-03 1.4737E-03 1.7336E-03 1.6958E-03 1.5729E-03 1.6225E-03 1.8804E-03 1.7155E-03 1.7362E-03 2.2650E-03 2.1605E-03 2.3218E-03 2.6361E-03 3.0605E-03 3.1138E-03 3.6343E-03 4.3630E-03 4.3686E-03 4.4803E-03 4.2865E-03 4.1076E-03 3.8182E-03 3.1840E-03 3.0524E-03 3.6869E-03 4.0258E-03 4.1265E-03 4.1970E-03 4.0608E-03 3.9828E-03 3.4355E-03 3.8511E-03 3.5125E-03 3.7747E-03 4.0964E-03 3.6582E-03 3.4861E-03 3.5209E-03 3.5287E-03 3.2543E-03 2.9248E-03 2.8224E-03 2.8532E-03 2.9785E-03 2.9873E-03 3.1468E-03 3.0066E-03 2.8277E-03 3.0530E-03 3.2668E-03 3.1909E-03
7.4205E-04 9.3362E-04 1.0599E-03 1.1774E-03 1.2762E-03 1.2925E-03 1.4515E-03 1.5891E-03 1.6747E-03 1.7528E-03 1.7091E-03 1.8048E-03 1.7707E-03 1.8525E-03 2.0246E-03 2.1683E-03 2.1264E-03 2.4827E-03 2.6421E-03 2.7452E-03 3.2126E-03 3.8736E-03 4.0405E-03 4.2672E-03 4.2208E-03 4.0818E-03 3.9806E-03 3.5409E-03 3.0293E-03 2.9906E-03 3.8137E-03 3.8846E-03 3.9869E-03 3.9716E-03 3.8888E-03 3.8445E-03 3.4683E-03 3.7204E-03 3.3042E-03 3.5721E-03 3.9325E-03 3.4333E-03 3.5340E-03 3.4904E-03 3.1693E-03 2.9970E-03 2.8433E-03 2.8501E-03 2.8023E-03 2.9064E-03 2.8097E-03 2.9230E-03 2.9794E-03 2.6816E-03 2.8393E-03 3.0935E-03 3.1038E-03
