20231023_webinar_progetto_murano/refs/data_input_report_tx_finale/grd_f3_sc_2/Percentile_24h.grd
DSAA
          81           81
 760250.0000  764250.0000
5036750.0000 5040750.0000
  0.4112E-03   0.5815E+00
[rows 25 to 49 of 81, columns 0 to 56 of 81]
9.8321E-04 1.2949E-03 1.5949E-03 1.9008E-03 2.2093E-03 2.5243E-03 2.8108E-03 3.1771E-03 3.4910E-03 3.5680E-03 3.6258E-03 4.0515E-03 4.2505E-03 4.2032E-03 4.5152E-03 4.6039E-03 4.8039E-03 4.9956E-03 5.2085E-03 5.3679E-03 5.4368E-03 5.5639E-03 5.7169E-03 5.6420E-03 5.9880E-03 6.9753E-03 6.1615E-03 6.7301E-03 7.1603E-03 8.1409E-03 9.3948E-03 9.2170E-03 9.5614E-03 1.2789E-02 1.1528E-02 1.1504E-02 1.2442E-02 1.5587E-02 1.5562E-02 1.6569E-02 1.8211E-02 2.1006E-02 2.5167E-02 2.2007E-02 1.9936E-02 1.8520E-02 1.8590E-02 1.7748E-02 1.4553E-02 1.3723E-02 1.3082E-02 1.1236E-02 1.0793E-02 1.0094E-02 8.9263E-03 8.0247E-03 7.3483E-03
1.0119E-03 1.2069E-03 1.6318E-03 1.7681E-03 2.0675E-03 2.1992E-03 2.7546E-03 2.7965E-03 2.9328E-03 3.2481E-03 3.8479E-03 4.1883E-03 4.6497E-03 4.6445E-03 4.6590E-03 4.9448E-03 5.2226E-03 5.4849E-03 5.4436E-03 5.7337E-03 6.0826E-03 5.8071E-03 6.4049E-03 6.4593E-03 6.3074E-03 6.7076E-03 7.0832E-03 7.1156E-03 7.5110E-03 8.0574E-03 9.3819E-03 1.0827E-02 1.0287E-02 1.1803E-02 1.4577E-02 1.3413E-02 1.2928E-02 1.7194E-02 1.8183E-02 1.7758E-02 1.9604E-02 2.3621E-02 2.6048E-02 2.4661E-02 2.0353E-02 2.0083E-02 2.0199E-02 1.8276E-02 1.5546E-02 1.5231E-02 1.3026E-02 1.2376E-02 1.1553E-02 9.5204E-03 8.9531E-03 7.9441E-03 8.8257E-03
1.0273E-03 1.2100E-03 1.3606E-03 1.7214E-03 2.0864E-03 2.1854E-03 2.5933E-03 2.5939E-03 3.3697E-03 3.1873E-03 3.7282E-03 4.3378E-03 4.4729E-03 5.0005E-03 5.0678E-03 5.2772E-03 5.3820E-03 5.7499E-03 5.6535E-03 5.4576E-03 5.9382E-03 6.8013E-03 6.6223E-03 7.2982E-03 7.3515E-03 7.0978E-03 7.9937E-03 7.5109E-03 7.6384E-03 8.5188E-03 9.1419E-03 1.0626E-02 1.1290E-02 1.1419E-02 1.4096E-02 1.5051E-02 1.3938E-02 1.8041E-02 2.0305E-02 1.8993E-02 2.1496E-02 2.6914E-02 2.8300E-02 2.7922E-02 2.1342E-02 2.1253E-02 2.1233E-02 1.8750E-02 1.7868E-02 1.6170E-02 1.3684E-02 1.2827E-02 1.1779E-02 9.5227E-03 8.9541E-03 8.9270E-03 8.8715E-03
9.4209E-04 1.1306E-03 1.3093E-03 1.5657E-03 1.8308E-03 2.0959E-03 2.3529E-03 2.5969E-03 2.8192E-03 3.2028E-03 3.8599E-03 4.4936E-03 4.8869E-03 5.1441E-03 5.0524E-03 5.6729E-03 5.9931E-03 6.0374E-03 6.1694E-03 6.1551E-03 6.4127E-03 6.7079E-03 6.7367E-03 7.2659E-03 7.8493E-03 8.1814E-03 8.2248E-03 7.9336E-03 8.2012E-03 8.4763E-03 9.1002E-03 1.0482E-02 1.1827E-02 1.1792E-02 1.3912E-02 1.6601E-02 1.5250E-02 1.8052E-02 2.2312E-02 2.0600E-02 2.3553E-02 2.8843E-02 3.2159E-02 2.9638E-02 2.3540E-02 2.2362E-02 2.3201E-02 2.0646E-02 1.9078E-02 1.5637E-02 1.6110E-02 1.4171E-02 1.0827E-02 1.0100E-02 1.0128E-02 9.9315E-03 8.3428E-03
9.0784E-04 1.0788E-03 1.3539E-03 1.5031E-03 1.7123E-03 2.0462E-03 2.2575E-03 2.5272E-03 2.8269E-03 3.0494E-03 3.7257E-03 3.8539E-03 4.6437E-03 5.0577E-03 5.4519E-03 5.8290E-03 6.2144E-03 6.6115E-03 6.9655E-03 6.5844E-03 6.6291E-03 6.8352E-03 6.2142E-03 6.8070E-03 7.6463E-03 8.2132E-03 8.0274E-03 8.6412E-03 8.3521E-03 8.9113E-03 9.6519E-03 1.0250E-02 1.2086E-02 1.2722E-02 1.3623E-02 1.7565E-02 1.7505E-02 1.9731E-02 2.4058E-02 2.2272E-02 2.7313E-02 3.1330E-02 3.7398E-02 3.1684E-02 2.6408E-02 2.4992E-02 2.3696E-02 2.1503E-02 1.8143E-02 1.7464E-02 1.6549E-02 1.3214E-02 1.2121E-02 1.1285E-02 1.0755E-02 9.4610E-03 8.5839E-03
1.0533E-03 1.1887E-03 1.3399E-03 1.6509E-03 1.6992E-03 1.9624E-03 2.0866E-03 2.2716E-03 2.7184E-03 2.9040E-03 3.2867E-03 3.6754E-03 4.2375E-03 4.4460E-03 5.0950E-03 5.7275E-03 6.2533E-03 6.8060E-03 6.8470E-03 7.7871E-03 7.5063E-03 7.5124E-03 7.0052E-03 6.5292E-03 7.4126E-03 7.6434E-03 8.8961E-03 7.9622E-03 9.2921E-03 9.5913E-03 1.0582E-02 1.1482E-02 1.1902E-02 1.2760E-02 1.4736E-02 1.7954E-02 1.8774E-02 2.1955E-02 2.6334E-02 2.5692E-02 2.9895E-02 3.4460E-02 4.4736E-02 3.6555E-02 3.0228E-02 2.9734E-02 2.7110E-02 2.3341E-02 2.0509E-02 1.9668E-02 1.6554E-02 1.4391E-02 1.3128E-02 1.2204E-02 1.0878E-02 9.3786E-03 8.7168E-03
9.8386E-04 1.3393E-03 1.5553E-03 1.5707E-03 1.6131E-03 1.7952E-03 2.1343E-03 2.2974E-03 2.5187E-03 2.6571E-03 2.8986E-03 3.4383E-03 3.7417E-03 4.0565E-03 4.8585E-03 5.4258E-03 5.8069E-03 6.7173E-03 7.4203E-03 7.7995E-03 8.0530E-03 8.7210E-03 8.0907E-03 7.5186E-03 7.1533E-03 8.8094E-03 8.1537E-03 9.9239E-03 9.2962E-03 1.0273E-02 1.1087E-02 1.1407E-02 1.2862E-02 1.2808E-02 1.5179E-02 1.9342E-02 2.1302E-02 2.1790E-02 2.8570E-02 2.9967E-02 3.2823E-02 3.8130E-02 5.0146E-02 4.2648E-02 3.3851E-02 3.6337E-02 3.3020E-02 2.4225E-02 2.4259E-02 2.0829E-02 1.7804E-02 1.6327E-02 1.4770E-02 1.2322E-02 1.1163E-02 1.0084E-02 8.7818E-03
8.3510E-04 1.0996E-03 1.3630E-03 1.7883E-03 1.7877E-03 1.7993E-03 1.7883E-03 2.1957E-03 2.3519E-03 2.5645E-03 2.7878E-03 3.1664E-03 3.3541E-03 3.8291E-03 4.2071E-03 4.4979E-03 5.5324E-03 6.2563E-03 7.2312E-03 8.1972E-03 8.7109E-03 9.3922E-03 9.5579E-03 9.1208E-03 8.1010E-03 7.6809E-03 8.1838E-03 9.3352E-03 1.0808E-02 1.0726E-02 1.1015E-02 1.1831E-02 1.3008E-02 1.3968E-02 1.5581E-02 1.8903E-02 2.5306E-02 2.5432E-02 3.0771E-02 3.3368E-02 3.9246E-02 4.4510E-02 5.6447E-02 4.7018E-02 3.8619E-02 4.3163E-02 3.3564E-02 3.0462E-02 2.5727E-02 2.2210E-02 1.7649E-02 1.8164E-02 1.4149E-02 1.1634E-02 1.0670E-02 9.4681E-03 7.9275E-03
8.2133E-04 1.1231E-03 1.2828E-03 1.3421E-03 1.4829E-03 1.7398E-03 1.9845E-03 2.2362E-03 2.2761E-03 2.3591E-03 2.4076E-03 2.8400E-03 3.0336E-03 3.4197E-03 3.5137E-03 4.2343E-03 4.7061E-03 4.8969E-03 6.2853E-03 7.5156E-03 8.6100E-03 9.5366E-03 1.0192E-02 1.0277E-02 9.9390E-03 8.5620E-03 7.6834E-03 9.3567E-03 1.1088E-02 1.1938E-02 1.1487E-02 1.2770E-02 1.2969E-02 1.4171E-02 1.6118E-02 1.9527E-02 2.2801E-02 2.8920E-02 3.0049E-02 3.8415E-02 4.5741E-02 5.2281E-02 6.4888E-02 4.9450E-02 4.6499E-02 4.5890E-02 3.6828E-02 3.0839E-02 2.8694E-02 2.4242E-02 2.0645E-02 1.7319E-02 1.3989E-02 1.2010E-02 1.0847E-02 9.4799E-03 7.9464E-03
7.3345E-04 1.0446E-03 1.2169E-03 1.3706E-03 1.4553E-03 1.7278E-03 1.9713E-03 2.1954E-03 2.2976E-03 2.3311E-03 2.4235E-03 2.5357E-03 2.7445E-03 2.9849E-03 3.3545E-03 3.7314E-03 4.0598E-03 4.4406E-03 5.2621E-03 5.6024E-03 7.2343E-03 8.3524E-03 9.3731E-03 1.0049E-02 1.0104E-02 1.1775E-02 9.9453E-03 9.5700E-03 1.0676E-02 1.1912E-02 1.2855E-02 1.3895E-02 1.4183E-02 1.4695E-02 1.6819E-02 1.9880E-02 2.3261E-02 2.8522E-02 3.1893E-02 4.1644E-02 5.0866E-02 6.1281E-02 7.7261E-02 5.6957E-02 5.3912E-02 4.8136E-02 3.7770E-02 3.4777E-02 3.1765E-02 2.5489E-02 2.0978E-02 1.6529E-02 1.5335E-02 1.2339E-02 9.8042E-03 8.5981E-03 7.1948E-03
7.2286E-04 9.1660E-04 1.1264E-03 1.1687E-03 1.3237E-03 1.4905E-03 1.9258E-03 2.2052E-03 2.3087E-03 2.3598E-03 2.2685E-03 2.4454E-03 2.5267E-03 2.7478E-03 2.8832E-03 2.8281E-03 3.1007E-03 4.0560E-03 5.1505E-03 5.0081E-03 5.5446E-03 6.3719E-03 7.3587E-03 7.9277E-03 1.0356E-02 1.2248E-02 1.2709E-02 1.2203E-02 1.1406E-02 1.3280E-02 1.3745E-02 1.4157E-02 1.4982E-02 1.6520E-02 1.7505E-02 1.7603E-02 2.3808E-02 2.9878E-02 3.8275E-02 4.5947E-02 5.7471E-02 7.1540E-02 9.0577E-02 6.5046E-02 6.1188E-02 5.2329E-02 4.0379E-02 3.6804E-02 3.1843E-02 2.4110E-02 2.0515E-02 1.5981E-02 1.4204E-02 1.1199E-02 9.2789E-03 7.9879E-03 7.9814E-03
7.8065E-04 9.7300E-04 1.1493E-03 1.2951E-03 1.3847E-03 1.4760E-03 1.5479E-03 1.7478E-03 1.7896E-03 1.9214E-03 2.3087E-03 2.4740E-03 2.7313E-03 2.7181E-03 3.0195E-03 3.0819E-03 3.1109E-03 3.1054E-03 3.2626E-03 3.4691E-03 4.6494E-03 4.9704E-03 5.0761E-03 5.9909E-03 7.7438E-03 1.0433E-02 1.4768E-02 1.3537E-02 1.4115E-02 1.3519E-02 1.5394E-02 1.5760E-02 1.6849E-02 1.7072E-02 1.9637E-02 2.1526E-02 2.1985E-02 2.6696E-02 3.9472E-02 4.9295E-02 6.3230E-02 8.2743E-02 9.5170E-02 7.3770E-02 6.2796E-02 4.7927E-02 4.2969E-02 3.6207E-02 2.8441E-02 2.3783E-02 1.8003E-02 1.7377E-02 1.3256E-02 1.0076E-02 9.9740E-03 8.7662E-03 6.7401E-03
8.5528E-04 1.0662E-03 1.2309E-03 1.3114E-03 1.4094E-03 1.4853E-03 1.6123E-03 1.6610E-03 1.7159E-03 1.8678E-03 1.9099E-03 1.9808E-03 2.1940E-03 2.4258E-03 2.8135E-03 2.9278E-03 3.0222E-03 3.5075E-03 3.8294E-03 3.9853E-03 4.5497E-03 4.7551E-03 4.6485E-03 4.5519E-03 5.9273E-03 8.2465E-03 9.6832E-03 1.1445E-02 1.4323E-02 1.4731E-02 1.4857E-02 1.7114E-02 1.8842E-02 1.8379E-02 2.0183E-02 2.4722E-02 2.3852E-02 2.7025E-02 3.8420E-02 5.4196E-02 7.7372E-02 9.2521E-02 9.9158E-02 8.3609E-02 6.7270E-02 5.1570E-02 4.5760E-02 3.1697E-02 2.8643E-02 2.0393E-02 1.7502E-02 1.4494E-02 1.1978E-02 1.2391E-02 9.0857E-03 8.3015E-03 7.7045E-03
9.4686E-04 1.1600E-03 1.3677E-03 1.5573E-03 1.5924E-03 1.6817E-03 1.8044E-03 1.8549E-03 1.9106E-03 2.0125E-03 2.1989E-03 2.0533E-03 2.2005E-03 2.4314E-03 2.5331E-03 2.4740E-03 2.6102E-03 3.1608E-03 3.2020E-03 3.3662E-03 3.7362E-03 4.3692E-03 4.7572E-03 4.9327E-03 5.0799E-03 6.1265E-03 6.2465E-03 7.8107E-03 1.0606E-02 1.2528E-02 1.4799E-02 1.6894E-02 1.6441E-02 1.9083E-02 2.5688E-02 2.8557E-02 3.0409E-02 3.1960E-02 4.7574E-02 6.1467E-02 1.0415E-01 1.2067E-01 1.0870E-01 9.1290E-02 6.4863E-02 5.8511E-02 3.9510E-02 3.5214E-02 2.3175E-02 2.0973E-02 1.5196E-02 1.5600E-02 1.3742E-02 1.0736E-02 1.0323E-02 9.2149E-03 8.2747E-03
8.0833E-04 1.0896E-03 1.3069E-03 1.3487E-03 1.4821E-03 1.7523E-03 1.7992E-03 1.8855E-03 2.0368E-03 2.0890E-03 2.2346E-03 2.5207E-03 2.6667E-03 2.3587E-03 2.6047E-03 2.9032E-03 2.8852E-03 2.8156E-03 2.8055E-03 3.0492E-03 3.3082E-03 3.5322E-03 3.5441E-03 4.2807E-03 4.8833E-03 5.1290E-03 6.3328E-03 7.8429E-03 8.7085E-03 9.0948E-03 1.1154E-02 1.5454E-02 2.1209E-02 1.8046E-02 2.1509E-02 2.9133E-02 3.5554E-02 4.0748E-02 5.1046E-02 8.1717E-02 1.3079E-01 1.5104E-01 1.4034E-01 9.8700E-02 7.1878E-02 4.8533E-02 3.6582E-02 3.6090E-02 2.4346E-02 1.9918E-02 2.0309E-02 1.6568E-02 1.4699E-02 1.3117E-02 1.1580E-02 9.9181E-03 8.6602E-03
7.8249E-04 1.0949E-03 1.3235E-03 1.4636E-03 1.4569E-03 1.4956E-03 1.6631E-03 1.8688E-03 1.8872E-03 1.9862E-03 2.0948E-03 2.2499E-03 2.5194E-03 2.5945E-03 2.6438E-03 2.6952E-03 2.6281E-03 2.5976E-03 2.9343E-03 3.0087E-03 3.0591E-03 3.0300E-03 3.4222E-03 3.6587E-03 4.2985E-03 4.8683E-03 5.9514E-03 6.7518E-03 8.7120E-03 9.5051E-03 9.2524E-03 1.0236E-02 1.3165E-02 1.9116E-02 2.5086E-02 2.7239E-02 4.0618E-02 6.0456E-02 8.7585E-02 1.1626E-01 1.7504E-01 2.2995E-01 1.6815E-01 1.0532E-01 6.8229E-02 4.6001E-02 4.0127E-02 2.8847E-02 2.7881E-02 2.4802E-02 2.3082E-02 1.9347E-02 1.7395E-02 1.4653E-02 1.2408E-02 1.2064E-02 1.1555E-02
8.4702E-04 1.0892E-03 1.3247E-03 1.5350E-03 1.7010E-03 1.8109E-03 1.8621E-03 1.9145E-03 1.8587E-03 1.8524E-03 1.9200E-03 2.0624E-03 2.2947E-03 2.3429E-03 2.4816E-03 2.8035E-03 2.9960E-03 2.8545E-03 2.8587E-03 2.9113E-03 2.9979E-03 3.1223E-03 3.2456E-03 3.5187E-03 4.7068E-03 5.7009E-03 6.7573E-03 6.9971E-03 8.0620E-03 9.8249E-03 1.0443E-02 1.0715E-02 1.1680E-02 1.4767E-02 1.8921E-02 2.9828E-02 4.5648E-02 7.0661E-02 1.2810E-01 1.8750E-01 2.8809E-01 3.4740E-01 2.0546E-01 1.3052E-01 8.5932E-02 5.2985E-02 4.5355E-02 3.6926E-02 3.1949E-02 2.6792E-02 2.6255E-02 2.3105E-02 1.9788E-02 1.7204E-02 1.5021E-02 1.2763E-02 1.1109E-02
1.0680E-03 1.3392E-03 1.5972E-03 1.8242E-03 2.0210E-03 1.9749E-03 2.1140E-03 2.2578E-03 2.2662E-03 2.3057E-03 2.4047E-03 2.3947E-03 2.2760E-03 2.4980E-03 2.6679E-03 2.8394E-03 2.8383E-03 3.2654E-03 3.4273E-03 3.2976E-03 3.3705E-03 3.6760E-03 3.6635E-03 4.0166E-03 4.4388E-03 5.7657E-03 5.8555E-03 5.9529E-03 7.5310E-03 8.7498E-03 9.8906E-03 1.1659E-02 1.3778E-02 1.4086E-02 1.7214E-02 2.3365E-02 3.6595E-02 7.6454E-02 1.2848E-01 2.9274E-01 3.4501E-01 3.6336E-01 2.3781E-01 1.5007E-01 1.1704E-01 6.6070E-02 5.1080E-02 4.2324E-02 3.9330E-02 3.1736E-02 2.7607E-02 2.4132E-02 2.0766E-02 1.6940E-02 1.4553E-02 1.3186E-02 1.1902E-02
1.0039E-03 1.2735E-03 1.4616E-03 1.4999E-03 1.6646E-03 1.9159E-03 2.0327E-03 2.1667E-03 2.2730E-03 2.4540E-03 2.6307E-03 2.5366E-03 2.7080E-03 2.7837E-03 2.8510E-03 2.8995E-03 3.0266E-03 3.2873E-03 3.3505E-03 3.9040E-03 3.8241E-03 4.0354E-03 4.3942E-03 3.9198E-03 4.7092E-03 5.0794E-03 5.3553E-03 5.0255E-03 5.9329E-03 7.5124E-03 9.6930E-03 1.1324E-02 1.2905E-02 1.4201E-02 1.8642E-02 2.3024E-02 3.0295E-02 5.3430E-02 1.0940E-01 1.9476E-01 4.0036E-01 5.7252E-01 2.5060E-01 1.7618E-01 1.1789E-01 7.3049E-02 5.7953E-02 4.8482E-02 3.7735E-02 3.0550E-02 2.6298E-02 2.1366E-02 1.8646E-02 1.6701E-02 1.3691E-02 1.1706E-02 1.0593E-02
9.9842E-04 1.2533E-03 1.3750E-03 1.6036E-03 1.7964E-03 1.9311E-03 2.0131E-03 2.1190E-03 2.5416E-03 2.4832E-03 2.2921E-03 2.2237E-03 2.1676E-03 2.2463E-03 2.2093E-03 2.3315E-03 2.5287E-03 2.8099E-03 3.2828E-03 3.6505E-03 3.6169E-03 3.7665E-03 4.1153E-03 4.1470E-03 4.7512E-03 5.1896E-03 5.2523E-03 5.6150E-03 7.0887E-03 6.4073E-03 7.7500E-03 1.0377E-02 1.3397E-02 1.6922E-02 1.9100E-02 2.7299E-02 3.5896E-02 5.5570E-02 1.1338E-01 1.6164E-01 3.2758E-01 5.8153E-01 2.8129E-01 1.9617E-01 1.2358E-01 7.8080E-02 5.8626E-02 4.4530E-02 3.4445E-02 2.9201E-02 2.4012E-02 2.0658E-02 1.7955E-02 1.4865E-02 1.3211E-02 1.1658E-02 1.0094E-02
9.3395E-04 1.1313E-03 1.3086E-03 1.4865E-03 1.5931E-03 1.7264E-03 1.9224E-03 2.0615E-03 1.9566E-03 1.9284E-03 1.9628E-03 2.0013E-03 2.3171E-03 2.1873E-03 2.0863E-03 2.1475E-03 2.2418E-03 2.4888E-03 2.7904E-03 2.9606E-03 3.2027E-03 3.6301E-03 4.0782E-03 4.5144E-03 4.8684E-03 5.0521E-03 5.5686E-03 6.1180E-03 6.0178E-03 6.6172E-03 7.5630E-03 8.9399E-03 1.0296E-02 1.2117E-02 1.5515E-02 2.0627E-02 3.2091E-02 5.1988E-02 8.9468E-02 1.7119E-01 4.0826E-01 2.9533E-01 2.1815E-01 1.6782E-01 1.1505E-01 7.9649E-02 4.9363E-02 3.7666E-02 2.8716E-02 2.4979E-02 2.1383E-02 1.7695E-02 1.4339E-02 1.3289E-02 1.1349E-02 1.0794E-02 9.7327E-03
9.3583E-04 1.1293E-03 1.3262E-03 1.5062E-03 1.6043E-03 1.7200E-03 1.7576E-03 1.9219E-03 2.0629E-03 2.0757E-03 2.0868E-03 2.1026E-03 2.0365E-03 2.0362E-03 2.0970E-03 2.1185E-03 2.1514E-03 2.3814E-03 3.0165E-03 2.8809E-03 2.9783E-03 3.3571E-03 3.4297E-03 4.1506E-03 4.8178E-03 4.4696E-03 4.7255E-03 4.9570E-03 5.0701E-03 6.1648E-03 7.3945E-03 8.6813E-03 8.9826E-03 1.0268E-02 1.1891E-02 1.5318E-02 2.1836E-02 4.0739E-02 6.1638E-02 1.6559E-01 2.5957E-01 1.9315E-01 1.6360E-01 1.0048E-01 6.6395E-02 4.6773E-02 4.1393E-02 3.1733E-02 2.6612E-02 2.3117E-02 1.9857E-02 1.7608E-02 1.5234E-02 1.2896E-02 1.1807E-02 1.0615E-02 9.6962E-03
9.4271E-04 1.1831E-03 1.3778E-03 1.5386E-03 1.5556E-03 1.6903E-03 1.7337E-03 1.9061E-03 1.9889E-03 2.0902E-03 2.1746E-03 2.2431E-03 2.3283E-03 2.3505E-03 2.3155E-03 2.2974E-03 2.5702E-03 2.5286E-03 2.4517E-03 2.7342E-03 3.0719E-03 3.4418E-03 2.9129E-03 3.0646E-03 3.3228E-03 3.5810E-03 3.9710E-03 4.0459E-03 5.0986E-03 6.0480E-03 5.7850E-03 6.8470E-03 6.8662E-03 8.4190E-03 1.1012E-02 1.3991E-02 2.0168E-02 2.8904E-02 6.2126E-02 1.0572E-01 1.5911E-01 9.0060E-02 8.9407E-02 7.6321E-02 4.9532E-02 3.5116E-02 2.8425E-02 2.6176E-02 2.3786E-02 1.8663E-02 1.8542E-02 1.4736E-02 1.3808E-02 1.2309E-02 1.1439E-02 1.0494E-02 9.2252E-03
9.6435E-04 1.2202E-03 1.3736E-03 1.4484E-03 1.5738E-03 1.7417E-03 1.8128E-03 1.9376E-03 2.0714E-03 2.3494E-03 2.2996E-03 2.3667E-03 2.2976E-03 2.2050E-03 2.1716E-03 2.1594E-03 2.5004E-03 2.7033E-03 2.5285E-03 2.5171E-03 2.3727E-03 2.5617E-03 2.5835E-03 2.6519E-03 3.1634E-03 3.7025E-03 3.8184E-03 4.1738E-03 5.0341E-03 6.2930E-03 7.5688E-03 7.3273E-03 6.4688E-03 8.8142E-03 9.7772E-03 1.4084E-02 2.1485E-02 2.6997E-02 4.4669E-02 5.5794E-02 7.9569E-02 4.5932E-02 5.6705E-02 4.8091E-02 4.2038E-02 2.8587E-02 2.6648E-02 1.9894E-02 1.7158E-02 1.7134E-02 1.5142E-02 1.4925E-02 1.3884E-02 1.1038E-02 1.0406E-02 1.0871E-02 9.7946E-03
9.4636E-04 1.2069E-03 1.5252E-03 1.4296E-03 1.6122E-03 1.7390E-03 1.8712E-03 1.9423E-03 2.1447E-03 2.2739E-03 2.3848E-03 2.4029E-03 2.3008E-03 2.2050E-03 2.1628E-03 2.1708E-03 2.2190E-03 2.3037E-03 2.0463E-03 2.1901E-03 2.2938E-03 2.5035E-03 2.7366E-03 2.9917E-03 3.0288E-03 3.3276E-03 3.9630E-03 4.6159E-03 5.3736E-03 4.6852E-03 4.7299E-03 6.4918E-03 6.1689E-03 7.5649E-03 1.0620E-02 1.4877E-02 1.3176E-02 2.4143E-02 3.0496E-02 4.4633E-02 5.3060E-02 3.2430E-02 3.7377E-02 3.6022E-02 2.9491E-02 2.8356E-02 2.2598E-02 1.7336E-02 1.5589E-02 1.3718E-02 1.3082E-02 1.3058E-02 1.2925E-02 1.1338E-02 1.0094E-02 8.9356E-03 8.8250E-03
