20231023_webinar_progetto_murano/refs/data_input_report_tx_finale/grd_f3_sc_2/Percentile_24h.grd
DSAA
          81           81
 760250.0000  764250.0000
5036750.0000 5040750.0000
  0.4112E-03   0.5815E+00
[rows 0 to 24 of 81, columns 0 to 56 of 81]
4.8527E-04 6.1882E-04 7.8674E-04 8.4595E-04 8.6426E-04 8.7344E-04 8.7573E-04 9.1452E-04 9.3496E-04 9.0884E-04 9.0406E-04 9.1190E-04 1.0242E-03 1.0958E-03 1.1860E-03 1.2857E-03 1.3700E-03 1.3666E-03 1.5249E-03 1.5870E-03 1.5737E-03 1.4886E-03 1.4126E-03 1.3623E-03 1.3996E-03 1.4851E-03 1.4616E-03 1.5153E-03 1.4498E-03 1.4458E-03 1.5553E-03 1.6049E-03 1.6594E-03 2.1043E-03 2.1811E-03 2.3905E-03 2.6145E-03 2.4395E-03 2.4025E-03 2.5077E-03 2.6023E-03 2.8713E-03 2.8440E-03 3.3301E-03 3.4911E-03 3.3191E-03 3.3646E-03 3.1139E-03 2.8867E-03 2.5766E-03 2.3577E-03 2.3943E-03 2.7236E-03 2.8406E-03 2.7216E-03 2.4859E-03 2.1378E-03
5.7843E-04 7.3994E-04 9.4458E-04 1.1024E-03 1.1343E-03 1.0914E-03 1.1255E-03 1.0924E-03 1.1354E-03 1.1516E-03 1.1327E-03 1.2008E-03 1.2039E-03 1.2630E-03 1.4362E-03 1.6179E-03 1.7006E-03 1.7528E-03 1.8278E-03 1.8787E-03 1.9083E-03 1.8907E-03 1.7588E-03 1.8476E-03 1.7282E-03 1.7937E-03 1.8625E-03 1.8787E-03 1.7751E-03 1.8051E-03 1.9810E-03 1.9839E-03 2.1957E-03 2.5185E-03 2.7407E-03 2.8491E-03 3.0845E-03 3.3961E-03 3.0069E-03 3.5381E-03 3.5501E-03 3.5257E-03 3.6123E-03 4.0832E-03 4.3029E-03 4.1220E-03 4.0559E-03 3.9103E-03 3.6478E-03 3.2398E-03 2.8999E-03 3.0243E-03 3.3546E-03 3.4970E-03 3.2210E-03 3.0063E-03 2.6309E-03
7.7156E-04 9.0246E-04 9.8899E-04 1.2007E-03 1.3126E-03 1.3014E-03 1.2620E-03 1.2357E-03 1.2801E-03 1.3092E-03 1.2988E-03 1.3588E-03 1.3831E-03 1.4677E-03 1.6388E-03 1.7747E-03 1.9582E-03 2.0133E-03 2.1010E-03 2.1560E-03 2.1846E-03 2.1898E-03 2.1506E-03 2.0763E-03 1.9938E-03 2.0535E-03 2.2083E-03 2.1746E-03 2.0994E-03 2.1412E-03 2.2922E-03 2.3689E-03 2.6801E-03 2.9872E-03 3.1818E-03 3.4049E-03 3.4308E-03 3.7175E-03 3.5575E-03 4.1322E-03 4.0020E-03 3.9153E-03 4.1937E-03 4.7266E-03 4.9611E-03 4.7274E-03 4.7153E-03 4.5592E-03 4.2139E-03 3.7503E-03 3.4162E-03 3.6058E-03 4.0432E-03 4.0007E-03 3.8445E-03 3.3696E-03 3.0935E-03
7.7713E-04 1.1245E-03 1.2139E-03 1.2191E-03 1.4193E-03 1.4455E-03 1.3530E-03 1.4557E-03 1.4285E-03 1.4304E-03 1.4549E-03 1.4682E-03 1.5196E-03 1.5845E-03 1.7346E-03 1.8874E-03 2.0768E-03 2.2516E-03 2.2593E-03 2.3520E-03 2.4484E-03 2.4990E-03 2.4131E-03 2.3366E-03 2.2579E-03 2.2505E-03 2.4286E-03 2.3717E-03 2.4088E-03 2.4453E-03 2.6578E-03 2.6600E-03 2.9260E-03 3.3908E-03 3.6178E-03 4.0689E-03 4.0589E-03 3.9028E-03 4.0323E-03 4.3707E-03 4.5839E-03 4.3968E-03 4.7494E-03 5.3088E-03 5.4416E-03 5.1894E-03 5.2807E-03 5.0699E-03 4.6191E-03 4.1522E-03 3.9363E-03 4.1342E-03 4.7377E-03 4.3877E-03 4.2539E-03 3.7282E-03 3.5028E-03
8.5776E-04 1.0298E-03 1.1616E-03 1.2839E-03 1.3888E-03 1.5669E-03 1.5080E-03 1.4558E-03 1.5443E-03 1.5249E-03 1.5478E-03 1.5743E-03 1.6281E-03 1.6387E-03 1.6907E-03 1.9187E-03 2.1405E-03 2.2993E-03 2.4258E-03 2.4692E-03 2.6875E-03 2.7268E-03 2.5822E-03 2.5439E-03 2.4914E-03 2.4994E-03 2.6954E-03 2.7075E-03 2.7182E-03 2.7155E-03 2.8920E-03 3.0223E-03 3.0869E-03 3.4963E-03 4.1412E-03 4.4303E-03 4.7048E-03 4.3514E-03 4.4387E-03 4.9136E-03 4.8330E-03 4.8504E-03 5.2992E-03 5.8454E-03 5.8814E-03 5.6528E-03 5.7985E-03 5.4641E-03 4.8461E-03 4.5764E-03 4.4469E-03 4.6977E-03 5.1612E-03 4.7075E-03 4.6218E-03 4.0843E-03 3.8872E-03
9.2677E-04 1.1156E-03 1.2615E-03 1.3552E-03 1.4051E-03 1.5664E-03 1.6608E-03 1.6531E-03 1.7326E-03 1.6644E-03 1.6175E-03 1.6431E-03 1.6785E-03 1.7543E-03 1.7655E-03 1.8352E-03 2.0458E-03 2.3105E-03 2.4208E-03 2.6032E-03 2.7405E-03 2.9038E-03 2.8280E-03 2.7149E-03 2.6926E-03 2.7094E-03 2.9366E-03 3.0581E-03 2.8024E-03 2.9764E-03 3.2020E-03 3.3324E-03 3.3855E-03 3.9192E-03 4.7229E-03 5.5232E-03 5.3064E-03 4.8896E-03 4.7869E-03 4.8736E-03 4.8390E-03 5.0556E-03 5.6902E-03 6.4611E-03 6.2691E-03 6.1308E-03 6.2503E-03 5.7087E-03 5.2222E-03 4.9483E-03 4.9620E-03 5.2927E-03 5.5213E-03 5.2796E-03 4.9331E-03 4.3786E-03 4.3060E-03
1.0447E-03 1.3043E-03 1.3527E-03 1.4558E-03 1.4881E-03 1.6077E-03 1.7049E-03 1.7778E-03 1.8269E-03 1.8532E-03 1.7344E-03 1.6934E-03 1.7330E-03 1.7844E-03 1.8383E-03 1.7992E-03 2.0152E-03 2.1509E-03 2.4309E-03 2.6742E-03 2.8045E-03 3.0195E-03 3.0872E-03 2.6716E-03 2.7959E-03 2.9141E-03 3.1296E-03 3.3863E-03 3.1725E-03 3.2167E-03 3.4483E-03 3.5908E-03 3.6823E-03 4.3288E-03 4.8456E-03 6.0411E-03 5.4137E-03 5.3060E-03 5.0879E-03 5.2954E-03 5.2438E-03 5.4413E-03 6.0810E-03 7.0143E-03 6.6851E-03 6.5664E-03 6.7024E-03 6.1316E-03 5.5658E-03 5.2500E-03 5.3674E-03 5.7984E-03 5.8387E-03 5.8944E-03 4.7651E-03 4.7308E-03 4.7303E-03
1.1055E-03 1.4273E-03 1.4965E-03 1.5478E-03 1.6027E-03 1.6123E-03 1.7807E-03 1.8200E-03 1.8802E-03 1.8888E-03 1.9130E-03 1.7457E-03 1.8105E-03 1.8453E-03 1.8786E-03 1.9437E-03 1.9682E-03 2.1470E-03 2.3855E-03 2.6514E-03 2.8497E-03 3.0854E-03 3.2015E-03 2.9382E-03 2.8272E-03 3.1089E-03 3.2803E-03 3.5789E-03 3.5535E-03 3.4417E-03 3.5907E-03 3.8794E-03 3.9473E-03 4.3396E-03 4.9674E-03 6.2650E-03 5.8044E-03 5.4693E-03 5.3569E-03 5.4857E-03 5.5255E-03 5.7743E-03 6.4845E-03 7.5583E-03 7.1154E-03 7.0810E-03 7.0620E-03 6.4416E-03 5.8912E-03 5.5597E-03 5.6781E-03 6.3951E-03 6.0721E-03 6.1855E-03 5.0736E-03 4.9816E-03 5.0236E-03
1.0298E-03 1.3277E-03 1.5112E-03 1.6324E-03 1.6781E-03 1.7408E-03 1.8428E-03 1.8897E-03 1.9413E-03 1.9240E-03 1.8977E-03 1.9508E-03 1.8759E-03 1.8865E-03 1.9276E-03 1.9225E-03 2.0017E-03 2.0404E-03 2.2775E-03 2.5837E-03 2.8824E-03 3.1391E-03 3.1581E-03 3.4591E-03 2.8351E-03 3.3019E-03 3.3758E-03 3.6927E-03 3.9146E-03 3.6489E-03 3.8241E-03 3.8902E-03 4.1820E-03 4.1338E-03 5.1683E-03 6.1024E-03 6.0001E-03 5.5624E-03 5.5943E-03 5.6327E-03 5.9159E-03 6.0381E-03 6.9021E-03 7.8737E-03 7.5121E-03 7.5763E-03 7.4860E-03 6.7371E-03 6.2011E-03 6.1044E-03 6.3657E-03 6.9481E-03 6.2714E-03 6.2449E-03 5.3990E-03 5.0341E-03 5.2337E-03
9.8838E-04 1.2761E-03 1.5022E-03 1.6300E-03 1.7414E-03 1.7981E-03 1.8240E-03 1.8607E-03 1.7618E-03 2.0511E-03 2.0199E-03 2.0032E-03 2.0049E-03 1.9284E-03 1.9613E-03 1.9034E-03 1.9338E-03 2.0221E-03 2.2260E-03 2.5031E-03 2.8440E-03 3.0830E-03 3.3850E-03 3.6010E-03 2.8491E-03 3.3855E-03 3.5686E-03 3.7273E-03 4.0233E-03 3.9183E-03 3.9720E-03 3.9508E-03 4.4027E-03 4.3107E-03 4.9124E-03 5.8951E-03 6.1722E-03 5.8270E-03 5.8428E-03 5.9421E-03 6.2725E-03 6.2316E-03 7.2939E-03 8.4565E-03 7.8273E-03 8.0571E-03 7.8227E-03 6.9885E-03 6.6472E-03 6.1349E-03 7.0805E-03 7.3978E-03 6.8147E-03 5.6555E-03 5.7133E-03 5.1868E-03 5.4711E-03
1.0176E-03 1.2482E-03 1.4014E-03 1.6216E-03 1.7837E-03 1.8750E-03 1.9331E-03 1.8996E-03 1.7820E-03 1.8812E-03 2.1070E-03 2.1323E-03 2.0683E-03 2.0253E-03 1.9870E-03 1.9599E-03 1.9099E-03 2.0264E-03 2.0841E-03 2.3861E-03 2.7837E-03 3.0506E-03 3.3733E-03 3.6981E-03 3.6205E-03 3.3854E-03 3.8493E-03 4.1979E-03 4.0200E-03 4.2732E-03 4.2537E-03 3.9833E-03 4.2241E-03 4.7117E-03 4.9489E-03 5.8207E-03 6.5062E-03 5.9377E-03 6.1095E-03 6.2868E-03 6.6355E-03 6.5894E-03 7.6794E-03 9.0461E-03 8.0971E-03 8.4439E-03 8.1093E-03 7.3770E-03 6.9392E-03 6.7585E-03 7.7486E-03 7.9445E-03 7.3843E-03 5.8373E-03 5.8826E-03 5.5636E-03 5.8329E-03
1.1211E-03 1.3355E-03 1.5145E-03 1.5910E-03 1.6833E-03 1.9261E-03 1.9877E-03 1.9474E-03 1.8895E-03 1.8788E-03 2.0902E-03 2.2630E-03 2.3173E-03 2.1317E-03 2.1018E-03 2.0453E-03 2.0004E-03 1.9923E-03 2.2132E-03 2.2501E-03 2.6553E-03 3.0049E-03 3.3257E-03 3.7318E-03 4.0187E-03 3.3851E-03 4.0542E-03 4.1616E-03 4.5612E-03 4.3503E-03 4.4195E-03 4.3176E-03 4.2420E-03 4.9283E-03 5.1692E-03 6.1281E-03 6.7052E-03 6.4760E-03 6.4366E-03 6.7133E-03 6.8191E-03 7.0201E-03 8.0856E-03 9.4141E-03 8.5329E-03 8.9136E-03 8.1313E-03 7.7623E-03 7.2619E-03 7.3562E-03 8.3111E-03 7.9029E-03 6.9145E-03 6.1714E-03 6.0171E-03 6.0679E-03 6.0341E-03
1.1821E-03 1.3923E-03 1.5600E-03 1.6989E-03 1.7810E-03 1.8303E-03 1.9633E-03 2.0873E-03 2.0550E-03 1.9443E-03 2.0252E-03 2.3395E-03 2.4811E-03 2.3970E-03 2.2171E-03 2.2078E-03 2.0860E-03 2.1104E-03 2.2436E-03 2.2337E-03 2.4776E-03 2.9086E-03 3.2636E-03 3.7137E-03 4.1338E-03 3.9281E-03 4.0159E-03 4.4152E-03 5.0525E-03 4.9781E-03 4.7442E-03 4.7625E-03 4.3847E-03 5.0254E-03 5.1366E-03 6.6693E-03 6.8234E-03 7.1242E-03 6.8045E-03 7.1819E-03 7.0540E-03 7.5176E-03 8.5852E-03 9.8103E-03 8.9250E-03 9.4119E-03 8.5936E-03 8.1279E-03 7.4639E-03 7.9572E-03 8.7541E-03 7.7439E-03 6.6919E-03 6.5111E-03 6.3988E-03 6.4436E-03 6.1392E-03
1.2370E-03 1.4727E-03 1.6395E-03 1.8008E-03 1.8284E-03 2.0306E-03 1.9654E-03 2.0036E-03 2.2041E-03 2.0719E-03 2.1362E-03 2.1458E-03 2.6211E-03 2.6174E-03 2.5432E-03 2.3455E-03 2.3350E-03 2.1937E-03 2.2911E-03 2.5067E-03 2.3804E-03 2.8377E-03 3.2763E-03 3.7016E-03 4.2053E-03 4.6335E-03 3.9495E-03 4.6657E-03 5.2805E-03 5.4159E-03 5.0208E-03 5.0376E-03 4.7730E-03 5.3164E-03 5.5313E-03 6.7583E-03 7.1060E-03 7.3204E-03 7.2585E-03 7.6649E-03 7.3116E-03 8.2559E-03 9.1323E-03 1.0236E-02 9.5218E-03 9.8779E-03 9.0341E-03 8.0449E-03 7.6467E-03 8.9673E-03 9.0640E-03 7.8936E-03 6.7292E-03 6.5328E-03 6.7136E-03 6.6341E-03 6.0854E-03
1.2093E-03 1.5296E-03 1.7471E-03 1.8451E-03 1.9589E-03 2.0684E-03 2.1596E-03 2.0976E-03 2.0354E-03 2.2087E-03 2.2465E-03 2.2725E-03 2.2431E-03 2.7669E-03 2.8015E-03 2.6645E-03 2.5297E-03 2.4676E-03 2.4444E-03 2.5354E-03 2.6470E-03 2.7916E-03 3.2060E-03 3.6833E-03 4.2618E-03 4.8502E-03 4.5828E-03 4.7942E-03 5.3563E-03 5.6585E-03 5.6448E-03 5.3176E-03 5.0768E-03 5.5661E-03 5.7765E-03 6.7440E-03 7.8207E-03 7.6102E-03 7.7310E-03 8.1574E-03 7.8085E-03 9.1527E-03 9.7844E-03 1.0700E-02 1.0006E-02 9.8113E-03 9.1580E-03 8.7510E-03 8.4367E-03 9.8178E-03 9.0866E-03 8.2070E-03 7.1550E-03 7.0271E-03 7.1656E-03 6.8177E-03 6.0148E-03
1.1253E-03 1.4737E-03 1.7366E-03 1.9634E-03 2.0321E-03 2.1113E-03 2.2289E-03 2.2064E-03 2.1792E-03 2.0819E-03 2.3124E-03 2.3105E-03 2.4116E-03 2.4729E-03 2.7251E-03 3.0844E-03 2.9347E-03 2.8103E-03 2.7460E-03 2.7748E-03 2.9399E-03 3.1289E-03 3.2465E-03 3.7098E-03 4.3279E-03 4.9811E-03 5.5124E-03 4.8057E-03 5.5059E-03 5.9552E-03 6.4111E-03 5.7075E-03 5.6176E-03 5.6041E-03 6.2324E-03 6.5344E-03 7.9029E-03 7.8624E-03 8.2435E-03 8.5484E-03 8.3017E-03 1.0034E-02 1.0443E-02 1.1006E-02 1.0658E-02 1.0289E-02 9.4436E-03 9.0547E-03 9.3180E-03 1.0125E-02 9.1589E-03 7.8582E-03 7.5605E-03 7.5184E-03 7.5053E-03 6.9680E-03 5.9305E-03
1.0919E-03 1.2937E-03 1.7160E-03 1.9155E-03 2.1022E-03 2.1964E-03 2.2684E-03 2.5168E-03 2.5035E-03 2.3118E-03 2.3107E-03 2.3513E-03 2.4852E-03 2.6273E-03 2.7052E-03 2.8846E-03 3.3488E-03 3.2078E-03 3.1943E-03 3.1086E-03 3.1533E-03 3.3219E-03 3.4741E-03 3.7495E-03 4.3636E-03 5.0041E-03 5.7128E-03 5.1965E-03 5.8812E-03 6.7477E-03 7.0074E-03 6.3738E-03 5.9279E-03 5.7113E-03 6.7389E-03 6.8874E-03 8.3786E-03 8.3171E-03 8.8017E-03 9.1913E-03 8.8772E-03 1.0840E-02 1.1168E-02 1.1634E-02 1.1481E-02 1.0874E-02 9.6154E-03 9.4939E-03 1.0178E-02 1.0356E-02 9.1421E-03 8.1254E-03 8.1970E-03 8.0581E-03 7.8457E-03 6.9003E-03 5.8334E-03
1.1740E-03 1.5253E-03 1.7009E-03 1.7249E-03 2.1617E-03 2.3321E-03 2.3394E-03 2.3922E-03 2.7147E-03 2.6689E-03 2.4302E-03 2.3901E-03 2.5410E-03 2.6538E-03 2.8477E-03 3.0874E-03 3.2545E-03 3.7078E-03 3.6049E-03 3.5660E-03 3.5402E-03 3.6191E-03 3.7495E-03 3.7145E-03 4.2650E-03 5.1042E-03 5.7458E-03 6.3881E-03 6.0787E-03 6.2599E-03 7.2172E-03 6.9704E-03 6.3255E-03 6.0341E-03 7.2315E-03 7.5510E-03 8.4792E-03 8.8091E-03 9.1753E-03 9.8599E-03 9.4824E-03 1.1633E-02 1.2117E-02 1.2430E-02 1.2360E-02 1.1424E-02 1.0267E-02 9.9544E-03 1.1359E-02 1.0599E-02 9.2572E-03 8.9804E-03 9.0849E-03 8.8084E-03 8.0188E-03 6.8226E-03 6.1337E-03
1.2956E-03 1.6627E-03 1.7088E-03 1.9052E-03 2.0737E-03 2.2220E-03 2.4653E-03 2.4620E-03 2.6167E-03 2.8563E-03 2.8084E-03 2.6281E-03 2.5759E-03 2.7745E-03 2.9658E-03 3.2012E-03 3.5110E-03 3.7590E-03 3.9491E-03 3.8646E-03 3.9185E-03 3.9210E-03 3.9685E-03 3.9227E-03 4.3434E-03 5.1533E-03 5.8785E-03 6.8081E-03 6.1380E-03 6.8409E-03 7.3653E-03 7.7148E-03 6.8922E-03 6.7737E-03 7.0870E-03 8.0776E-03 8.4344E-03 9.3398E-03 9.8877E-03 1.0628E-02 1.0402E-02 1.2535E-02 1.3289E-02 1.3324E-02 1.2794E-02 1.2012E-02 1.1291E-02 1.0859E-02 1.1915E-02 1.0817E-02 9.5003E-03 9.8734E-03 9.8526E-03 9.3122E-03 7.9633E-03 6.7293E-03 6.5388E-03
1.2188E-03 1.5852E-03 1.7693E-03 1.8057E-03 1.9060E-03 2.2486E-03 2.2188E-03 2.4927E-03 2.6982E-03 2.8206E-03 3.0484E-03 3.1284E-03 2.9829E-03 2.8114E-03 3.0915E-03 3.3216E-03 3.6683E-03 3.3596E-03 3.6922E-03 4.1200E-03 4.2347E-03 3.9789E-03 4.1887E-03 4.2641E-03 4.2608E-03 4.9221E-03 5.8904E-03 6.6428E-03 7.1365E-03 7.0263E-03 7.4450E-03 7.8957E-03 7.6961E-03 7.3424E-03 7.2127E-03 8.6879E-03 9.1061E-03 1.0886E-02 1.0609E-02 1.1499E-02 1.1383E-02 1.3565E-02 1.4445E-02 1.4339E-02 1.3772E-02 1.2761E-02 1.2056E-02 1.1816E-02 1.2559E-02 1.0636E-02 1.0183E-02 1.0285E-02 1.0568E-02 9.3020E-03 7.6383E-03 6.9554E-03 6.9639E-03
1.3665E-03 1.6411E-03 1.8395E-03 1.9602E-03 2.0839E-03 2.1659E-03 2.2524E-03 2.5333E-03 2.6816E-03 2.9723E-03 3.1943E-03 3.4200E-03 3.4349E-03 3.2421E-03 3.1255E-03 3.4202E-03 3.7612E-03 3.6513E-03 3.8853E-03 4.2410E-03 4.3751E-03 4.0463E-03 4.2625E-03 4.5567E-03 4.6859E-03 4.8061E-03 5.3766E-03 6.7708E-03 7.6036E-03 7.1900E-03 7.6801E-03 8.8354E-03 8.0778E-03 7.7617E-03 7.3762E-03 9.4743E-03 9.8328E-03 1.0930E-02 1.1031E-02 1.2272E-02 1.2406E-02 1.4642E-02 1.5260E-02 1.5347E-02 1.4369E-02 1.3053E-02 1.2582E-02 1.2853E-02 1.2945E-02 1.1174E-02 1.0736E-02 1.0858E-02 1.0072E-02 8.8775E-03 7.6885E-03 7.4345E-03 7.2815E-03
1.3921E-03 1.7622E-03 2.1070E-03 2.2482E-03 2.3330E-03 2.3891E-03 2.4846E-03 2.5618E-03 2.8621E-03 2.7326E-03 3.2264E-03 3.5557E-03 3.4142E-03 3.8416E-03 3.6298E-03 3.4545E-03 3.9165E-03 3.9311E-03 4.0130E-03 4.1193E-03 4.2594E-03 4.3613E-03 4.5411E-03 4.6845E-03 4.7101E-03 4.9447E-03 5.4122E-03 6.4724E-03 7.5905E-03 8.4907E-03 7.5334E-03 9.0327E-03 8.4778E-03 8.0662E-03 7.7487E-03 9.8539E-03 1.0562E-02 1.1664E-02 1.1892E-02 1.2959E-02 1.3347E-02 1.5900E-02 1.6419E-02 1.6154E-02 1.5499E-02 1.3197E-02 1.3099E-02 1.4017E-02 1.3354E-02 1.1376E-02 1.0480E-02 1.0114E-02 9.4385E-03 8.3585E-03 7.9310E-03 7.9138E-03 6.7801E-03
1.2729E-03 1.6746E-03 1.9509E-03 2.2503E-03 2.6575E-03 2.7282E-03 2.7191E-03 2.8409E-03 2.9330E-03 2.9751E-03 2.9626E-03 3.5401E-03 3.5995E-03 3.6412E-03 4.3627E-03 4.2425E-03 3.9836E-03 4.1170E-03 4.4939E-03 4.5409E-03 4.3541E-03 4.2742E-03 4.7856E-03 5.2987E-03 5.0726E-03 5.1802E-03 5.3170E-03 5.9779E-03 7.1418E-03 8.9044E-03 7.8671E-03 8.5239E-03 1.0246E-02 8.2727E-03 8.0542E-03 9.9810E-03 1.1344E-02 1.2341E-02 1.2738E-02 1.3674E-02 1.4422E-02 1.6258E-02 1.8015E-02 1.7537E-02 1.6305E-02 1.4298E-02 1.4224E-02 1.5272E-02 1.2977E-02 1.1550E-02 1.0570E-02 1.0017E-02 9.2225E-03 8.5065E-03 8.4778E-03 8.1382E-03 7.0808E-03
1.1488E-03 1.4831E-03 2.0118E-03 2.1625E-03 2.3794E-03 2.6478E-03 2.9372E-03 3.0417E-03 3.2005E-03 3.3057E-03 3.3454E-03 3.4148E-03 3.7584E-03 3.8379E-03 4.0308E-03 4.6174E-03 4.5018E-03 4.3665E-03 4.4801E-03 4.7036E-03 4.8032E-03 4.4474E-03 4.8258E-03 5.6872E-03 4.9500E-03 5.3749E-03 5.8186E-03 6.0485E-03 7.0677E-03 8.2877E-03 9.0406E-03 8.7730E-03 1.0733E-02 9.7706E-03 9.3378E-03 9.4026E-03 1.2237E-02 1.3372E-02 1.3081E-02 1.4682E-02 1.5854E-02 1.7829E-02 2.0148E-02 1.8902E-02 1.7494E-02 1.5938E-02 1.5731E-02 1.6510E-02 1.3408E-02 1.1666E-02 1.1324E-02 1.0688E-02 9.5121E-03 9.1883E-03 8.5856E-03 7.6655E-03 7.1272E-03
1.0766E-03 1.3964E-03 1.7185E-03 2.0255E-03 2.4122E-03 2.6046E-03 2.8825E-03 3.1510E-03 3.3420E-03 3.3988E-03 3.5849E-03 3.7493E-03 3.7394E-03 4.0246E-03 4.1538E-03 4.2796E-03 4.5762E-03 5.1452E-03 4.8529E-03 4.8927E-03 5.1744E-03 4.9309E-03 5.0553E-03 5.3371E-03 5.9433E-03 5.4852E-03 6.4443E-03 6.3181E-03 7.1101E-03 8.1498E-03 9.8382E-03 8.9996E-03 9.9368E-03 1.2165E-02 9.8775E-03 9.7076E-03 1.2468E-02 1.3877E-02 1.4202E-02 1.6260E-02 1.7018E-02 1.9137E-02 2.2257E-02 2.0708E-02 1.8596E-02 1.7562E-02 1.7169E-02 1.6043E-02 1.4411E-02 1.2587E-02 1.2166E-02 1.0847E-02 1.0229E-02 9.8045E-03 8.4405E-03 7.4756E-03 7.1684E-03
