20220914_progetto_murano/data_input/run_no_deposition/rank(60)_cd_1hr_conc_cd.grd
DSAA
          81          81
     760.250     764.250
    5036.750    5040.750
  0.2349E-01  0.4384E+01
[rows 25 to 49 of 81, columns 0 to 56 of 81]
6.8173E-02 7.2295E-02 7.6910E-02 7.9421E-02 8.1772E-02 8.2930E-02 8.7655E-02 9.1061E-02 9.3439E-02 9.8889E-02 1.0507E-01 1.1970E-01 1.2525E-01 1.3370E-01 1.4753E-01 1.6294E-01 1.8264E-01 1.8272E-01 1.8390E-01 2.0846E-01 2.1773E-01 2.3597E-01 2.6442E-01 2.7485E-01 2.8978E-01 3.2436E-01 3.6548E-01 3.9323E-01 4.0353E-01 4.5216E-01 5.2679E-01 5.7948E-01 6.1173E-01 6.5692E-01 6.7712E-01 7.5356E-01 7.7043E-01 7.9899E-01 8.2944E-01 8.4414E-01 8.2919E-01 8.2796E-01 8.1595E-01 7.8831E-01 7.7335E-01 7.3865E-01 6.9592E-01 6.7219E-01 5.9500E-01 5.3401E-01 5.0383E-01 4.4541E-01 4.3423E-01 4.0046E-01 3.9906E-01 4.0369E-01 3.8465E-01
6.9318E-02 7.2923E-02 7.3526E-02 8.0075E-02 8.6380E-02 8.8964E-02 9.1618E-02 9.2844E-02 9.2256E-02 9.9284E-02 1.0633E-01 1.1482E-01 1.2297E-01 1.3453E-01 1.3909E-01 1.5466E-01 1.7524E-01 1.8784E-01 2.0038E-01 1.9762E-01 2.1916E-01 2.3241E-01 2.5446E-01 2.8928E-01 2.9864E-01 3.1864E-01 3.6154E-01 3.8736E-01 4.1665E-01 4.3807E-01 5.0789E-01 5.9489E-01 6.3119E-01 6.7085E-01 6.8644E-01 7.6381E-01 8.2289E-01 8.3204E-01 8.7291E-01 8.9448E-01 8.7326E-01 8.8353E-01 8.4986E-01 8.0523E-01 8.2025E-01 7.6569E-01 7.2075E-01 6.8729E-01 5.9310E-01 5.5271E-01 4.9696E-01 4.5786E-01 4.4987E-01 4.3406E-01 4.3615E-01 4.2348E-01 4.1649E-01
6.8999E-02 7.5070E-02 7.8991E-02 7.9108E-02 8.0430E-02 8.5925E-02 9.4416E-02 1.0216E-01 1.0486E-01 1.0319E-01 1.0525E-01 1.1817E-01 1.2116E-01 1.3386E-01 1.4840E-01 1.4903E-01 1.5867E-01 1.7780E-01 1.9876E-01 2.1565E-01 2.1319E-01 2.2491E-01 2.5143E-01 2.7730E-01 3.1547E-01 3.3345E-01 3.5255E-01 3.9009E-01 4.0109E-01 4.2754E-01 4.8283E-01 5.5564E-01 6.0555E-01 6.9163E-01 7.0184E-01 7.6117E-01 8.5118E-01 8.9141E-01 9.0213E-01 9.5084E-01 9.2423E-01 9.4143E-01 9.0405E-01 8.6904E-01 8.6805E-01 8.0417E-01 7.6353E-01 6.8917E-01 6.2284E-01 5.6555E-01 5.2147E-01 4.8919E-01 4.7969E-01 4.8082E-01 4.7022E-01 4.5539E-01 4.4444E-01
6.5621E-02 7.1275E-02 7.3121E-02 7.5221E-02 8.4117E-02 8.9388E-02 8.7208E-02 9.6365E-02 1.0606E-01 1.1376E-01 1.1792E-01 1.1667E-01 1.2214E-01 1.3936E-01 1.4427E-01 1.5821E-01 1.6275E-01 1.6752E-01 1.8387E-01 2.1179E-01 2.2332E-01 2.3026E-01 2.3983E-01 2.7724E-01 3.0113E-01 3.3833E-01 3.5100E-01 3.7730E-01 4.1433E-01 4.2272E-01 4.5907E-01 5.1711E-01 6.2280E-01 6.9573E-01 7.4645E-01 7.6919E-01 8.7291E-01 9.4989E-01 9.7630E-01 1.0180E+00 9.9263E-01 1.0094E+00 9.8049E-01 9.5565E-01 9.1907E-01 8.3797E-01 7.9621E-01 6.9169E-01 6.4225E-01 5.8865E-01 5.4824E-01 5.1271E-01 4.9669E-01 5.1945E-01 4.8601E-01 4.7412E-01 4.4460E-01
6.3338E-02 6.9414E-02 7.4322E-02 7.3707E-02 7.3005E-02 8.4802E-02 8.6520E-02 9.2226E-02 1.0040E-01 1.1091E-01 1.1772E-01 1.2845E-01 1.3480E-01 1.3280E-01 1.4077E-01 1.5805E-01 1.6864E-01 1.7671E-01 1.7700E-01 1.8711E-01 2.1808E-01 2.3562E-01 2.4860E-01 2.6392E-01 2.8696E-01 3.2023E-01 3.5609E-01 3.6350E-01 3.9788E-01 4.2161E-01 4.5412E-01 4.8786E-01 5.9604E-01 6.9572E-01 7.8013E-01 8.0226E-01 9.1034E-01 1.0205E+00 1.0464E+00 1.0663E+00 1.0680E+00 1.1198E+00 1.0739E+00 1.0430E+00 1.0173E+00 8.5620E-01 8.3030E-01 6.8812E-01 6.6353E-01 5.8899E-01 5.5338E-01 5.3598E-01 5.6184E-01 5.5287E-01 5.3133E-01 4.9085E-01 4.7699E-01
6.1966E-02 6.3940E-02 6.9011E-02 7.4818E-02 7.8656E-02 7.9495E-02 8.2364E-02 8.9654E-02 9.3824E-02 1.0454E-01 1.1712E-01 1.2360E-01 1.3224E-01 1.4064E-01 1.4497E-01 1.4982E-01 1.6111E-01 1.7829E-01 1.8100E-01 1.9302E-01 2.0209E-01 2.2471E-01 2.5267E-01 2.6166E-01 2.7267E-01 2.9889E-01 3.3118E-01 3.4879E-01 3.7695E-01 3.8804E-01 4.4664E-01 4.8146E-01 5.3545E-01 6.8660E-01 8.2207E-01 8.6008E-01 9.1085E-01 1.0770E+00 1.1169E+00 1.1630E+00 1.1610E+00 1.1918E+00 1.1900E+00 1.1099E+00 1.1038E+00 9.0753E-01 8.3747E-01 7.0338E-01 6.6129E-01 6.0052E-01 5.7426E-01 6.0052E-01 5.9510E-01 5.7257E-01 5.0464E-01 5.2802E-01 5.1898E-01
5.9602E-02 6.2072E-02 6.7310E-02 7.2736E-02 7.2728E-02 7.8126E-02 8.5784E-02 8.4694E-02 8.8963E-02 9.1454E-02 1.0739E-01 1.1904E-01 1.2606E-01 1.3549E-01 1.4570E-01 1.5746E-01 1.6098E-01 1.6984E-01 1.8331E-01 1.9657E-01 2.0974E-01 2.2122E-01 2.3147E-01 2.6564E-01 2.7236E-01 2.8610E-01 3.1158E-01 3.2609E-01 3.4553E-01 3.7335E-01 4.0482E-01 4.7242E-01 5.3584E-01 6.6885E-01 7.8594E-01 9.3942E-01 9.8482E-01 1.1288E+00 1.2164E+00 1.2618E+00 1.2118E+00 1.2381E+00 1.1686E+00 1.2220E+00 1.1434E+00 9.6304E-01 8.2976E-01 6.5903E-01 6.4700E-01 6.3862E-01 6.5060E-01 6.4230E-01 6.0533E-01 5.5789E-01 5.6661E-01 5.5982E-01 5.4665E-01
5.6512E-02 5.9576E-02 6.3643E-02 6.8265E-02 7.3979E-02 7.9377E-02 8.5222E-02 8.8818E-02 9.1064E-02 9.5223E-02 9.9835E-02 1.0730E-01 1.1988E-01 1.2583E-01 1.4378E-01 1.5176E-01 1.6188E-01 1.7475E-01 1.8071E-01 1.9106E-01 2.1161E-01 2.2011E-01 2.3532E-01 2.4353E-01 2.6371E-01 2.7521E-01 2.9620E-01 3.2157E-01 3.4071E-01 3.4585E-01 3.8324E-01 4.4953E-01 5.1216E-01 5.9280E-01 7.6966E-01 9.5436E-01 1.0948E+00 1.1619E+00 1.2810E+00 1.3092E+00 1.2872E+00 1.2600E+00 1.2144E+00 1.3081E+00 1.1532E+00 1.0119E+00 7.6606E-01 7.1794E-01 6.6147E-01 6.6837E-01 6.9022E-01 6.4048E-01 5.9610E-01 5.9328E-01 5.8155E-01 5.7527E-01 5.3716E-01
5.2288E-02 5.5688E-02 5.7359E-02 6.2238E-02 6.9346E-02 7.2986E-02 7.5927E-02 8.2488E-02 9.1575E-02 9.8514E-02 1.0403E-01 1.0756E-01 1.1096E-01 1.1827E-01 1.2558E-01 1.3728E-01 1.4649E-01 1.7059E-01 1.8706E-01 1.9287E-01 1.9860E-01 2.1445E-01 2.3857E-01 2.4382E-01 2.4319E-01 2.6082E-01 2.6962E-01 2.9678E-01 3.3486E-01 3.4351E-01 3.6156E-01 4.1447E-01 4.9969E-01 5.6596E-01 7.4779E-01 9.3804E-01 1.1298E+00 1.1498E+00 1.3183E+00 1.3814E+00 1.3592E+00 1.3196E+00 1.2664E+00 1.3604E+00 1.1912E+00 1.0030E+00 6.9451E-01 6.8955E-01 7.0629E-01 7.6199E-01 6.9655E-01 6.3763E-01 6.3156E-01 6.0326E-01 5.9883E-01 5.7757E-01 5.5274E-01
4.9746E-02 5.2770E-02 5.5127E-02 5.8334E-02 6.2233E-02 6.7108E-02 6.9864E-02 7.7560E-02 8.4138E-02 9.2071E-02 9.8169E-02 1.1291E-01 1.1110E-01 1.1308E-01 1.2359E-01 1.2932E-01 1.4956E-01 1.5238E-01 1.6577E-01 1.7665E-01 2.1039E-01 2.1943E-01 2.3106E-01 2.3659E-01 2.5100E-01 2.5622E-01 2.6047E-01 2.6589E-01 2.9695E-01 3.3313E-01 3.6237E-01 4.0799E-01 4.7146E-01 5.5565E-01 6.8633E-01 9.0648E-01 1.1022E+00 1.2243E+00 1.3575E+00 1.3537E+00 1.3538E+00 1.3143E+00 1.2457E+00 1.2993E+00 1.0916E+00 8.4941E-01 7.6731E-01 7.2030E-01 7.3413E-01 7.2873E-01 6.7212E-01 7.0340E-01 6.5920E-01 6.8252E-01 6.3268E-01 5.9561E-01 5.2340E-01
4.9503E-02 5.1703E-02 5.2390E-02 5.7667E-02 6.0111E-02 6.4686E-02 6.3349E-02 6.7149E-02 7.4983E-02 8.0662E-02 8.9701E-02 9.6330E-02 1.0163E-01 1.0837E-01 1.1075E-01 1.1858E-01 1.3467E-01 1.5297E-01 1.6643E-01 1.7214E-01 1.8953E-01 1.9544E-01 2.1752E-01 2.2938E-01 2.3766E-01 2.4756E-01 2.6104E-01 2.6319E-01 2.6987E-01 3.0039E-01 3.5772E-01 3.8485E-01 4.5239E-01 5.1515E-01 6.6681E-01 8.0136E-01 1.0454E+00 1.1559E+00 1.3373E+00 1.3775E+00 1.3606E+00 1.2923E+00 1.2292E+00 1.1773E+00 9.8635E-01 7.5293E-01 7.2849E-01 7.0926E-01 7.3112E-01 7.1372E-01 7.7157E-01 7.8126E-01 7.6635E-01 6.8846E-01 6.1868E-01 5.2862E-01 4.6857E-01
4.6957E-02 4.8078E-02 5.0741E-02 5.3619E-02 5.8542E-02 6.3490E-02 6.7457E-02 7.1654E-02 7.1764E-02 7.4262E-02 7.8252E-02 8.4253E-02 9.2589E-02 9.8177E-02 1.0756E-01 1.1663E-01 1.2323E-01 1.3049E-01 1.4632E-01 1.6241E-01 1.6730E-01 1.8120E-01 2.0511E-01 2.1380E-01 2.1744E-01 2.3534E-01 2.6105E-01 2.6262E-01 2.6331E-01 2.8788E-01 3.2656E-01 3.8682E-01 4.5080E-01 5.0876E-01 6.2440E-01 7.9917E-01 9.6550E-01 1.1467E+00 1.3356E+00 1.3786E+00 1.3872E+00 1.2825E+00 1.1811E+00 1.0352E+00 7.9340E-01 7.2105E-01 6.8973E-01 6.5988E-01 7.0093E-01 7.8482E-01 8.1434E-01 7.6491E-01 6.9381E-01 6.1515E-01 5.2841E-01 4.8248E-01 4.2322E-01
4.7711E-02 4.6268E-02 4.5611E-02 4.6622E-02 4.9066E-02 5.4763E-02 5.9348E-02 6.3152E-02 6.9364E-02 7.5149E-02 7.9027E-02 8.5759E-02 8.7466E-02 9.1534E-02 9.7635E-02 1.0347E-01 1.1222E-01 1.1748E-01 1.3468E-01 1.4587E-01 1.5523E-01 1.6825E-01 1.8193E-01 1.9615E-01 2.1532E-01 2.3039E-01 2.3954E-01 2.5319E-01 2.7916E-01 2.8238E-01 3.2710E-01 3.7919E-01 4.3622E-01 5.3020E-01 6.3789E-01 7.5256E-01 9.7466E-01 1.1758E+00 1.3001E+00 1.4048E+00 1.4679E+00 1.3369E+00 1.1675E+00 9.1735E-01 7.2563E-01 6.5010E-01 6.7137E-01 6.8166E-01 7.9515E-01 7.9432E-01 7.3269E-01 7.0348E-01 5.9700E-01 5.1876E-01 4.6639E-01 4.5125E-01 4.4898E-01
4.9479E-02 5.1036E-02 5.2529E-02 5.5236E-02 5.7231E-02 5.9465E-02 5.8202E-02 6.0050E-02 6.2073E-02 6.4197E-02 7.2830E-02 7.4835E-02 7.8866E-02 8.2871E-02 8.6948E-02 8.9706E-02 1.0114E-01 1.1093E-01 1.1886E-01 1.3161E-01 1.3845E-01 1.4632E-01 1.5994E-01 1.8138E-01 1.8524E-01 1.9783E-01 2.0998E-01 2.2819E-01 2.6070E-01 3.0349E-01 3.1474E-01 3.5683E-01 4.4520E-01 5.3625E-01 6.5500E-01 8.4392E-01 9.8239E-01 1.1595E+00 1.4261E+00 1.5598E+00 1.6181E+00 1.4234E+00 1.0559E+00 7.6776E-01 6.0023E-01 5.8418E-01 6.4576E-01 6.3437E-01 6.2640E-01 6.0944E-01 5.8884E-01 5.8714E-01 5.0836E-01 4.8769E-01 5.0097E-01 4.5678E-01 4.2409E-01
4.3976E-02 4.7266E-02 4.9863E-02 5.0355E-02 4.9991E-02 5.1887E-02 5.6073E-02 6.0577E-02 6.5247E-02 6.9858E-02 7.3933E-02 7.7067E-02 7.7652E-02 8.2272E-02 8.9834E-02 9.4075E-02 9.7615E-02 1.0889E-01 1.1217E-01 1.1887E-01 1.2678E-01 1.2830E-01 1.3937E-01 1.5859E-01 1.7237E-01 1.7954E-01 1.9038E-01 2.0874E-01 2.4719E-01 2.6778E-01 2.9322E-01 3.7366E-01 4.4371E-01 5.3817E-01 6.9835E-01 8.7487E-01 1.1036E+00 1.3423E+00 1.6101E+00 1.8697E+00 1.8038E+00 1.5267E+00 9.5929E-01 6.2729E-01 5.3010E-01 5.6214E-01 5.8383E-01 4.8576E-01 5.0995E-01 5.1595E-01 5.0074E-01 5.2569E-01 4.8772E-01 5.0872E-01 4.4358E-01 4.2231E-01 3.9154E-01
4.0869E-02 4.3757E-02 4.5954E-02 4.9518E-02 5.3098E-02 5.8660E-02 6.2165E-02 6.7263E-02 7.4271E-02 7.8858E-02 8.3755E-02 8.8997E-02 8.8742E-02 8.7552E-02 9.2282E-02 9.8348E-02 1.0305E-01 1.1095E-01 1.1769E-01 1.2470E-01 1.2866E-01 1.3435E-01 1.4087E-01 1.4560E-01 1.5760E-01 1.6468E-01 1.7631E-01 1.9744E-01 2.1537E-01 2.3354E-01 2.6659E-01 3.1970E-01 4.0464E-01 5.1551E-01 6.9622E-01 9.0285E-01 1.1774E+00 1.5745E+00 1.8296E+00 2.2259E+00 2.0464E+00 1.5815E+00 7.7185E-01 4.8620E-01 4.5420E-01 4.7641E-01 4.6645E-01 4.5868E-01 4.4206E-01 4.6513E-01 4.3995E-01 4.7084E-01 4.9033E-01 5.0572E-01 4.4985E-01 4.0518E-01 3.7005E-01
3.5499E-02 3.8895E-02 4.1871E-02 4.3009E-02 4.4501E-02 4.7000E-02 5.0103E-02 5.7582E-02 6.3103E-02 6.8444E-02 7.1295E-02 7.3781E-02 7.7337E-02 8.3079E-02 8.6244E-02 9.1710E-02 1.0073E-01 1.0756E-01 1.1216E-01 1.2304E-01 1.3767E-01 1.3446E-01 1.4267E-01 1.5271E-01 1.5791E-01 1.6693E-01 1.7923E-01 1.9969E-01 2.1789E-01 2.3201E-01 2.6848E-01 2.9227E-01 3.6627E-01 4.6084E-01 5.9905E-01 8.2888E-01 1.1535E+00 1.5772E+00 2.1521E+00 2.5364E+00 2.4330E+00 1.3783E+00 4.4022E-01 3.1321E-01 4.0374E-01 3.6872E-01 3.4871E-01 3.6931E-01 3.8849E-01 3.9389E-01 4.2526E-01 4.4215E-01 4.3988E-01 4.3327E-01 3.6697E-01 3.6357E-01 3.5168E-01
3.8947E-02 3.9150E-02 3.9151E-02 4.1024E-02 4.3625E-02 4.5049E-02 4.8114E-02 5.0148E-02 5.2399E-02 5.4846E-02 6.2862E-02 6.7030E-02 6.7546E-02 7.4361E-02 7.6634E-02 8.4961E-02 9.0297E-02 9.4904E-02 1.0137E-01 1.0780E-01 1.1641E-01 1.2422E-01 1.2970E-01 1.3771E-01 1.4543E-01 1.4734E-01 1.6234E-01 1.7828E-01 1.9878E-01 2.1693E-01 2.3786E-01 2.7710E-01 3.3537E-01 4.0794E-01 5.2128E-01 7.4454E-01 1.0071E+00 1.3415E+00 2.0003E+00 3.6044E+00 4.1049E+00 6.9775E-01 2.0112E-01 2.0548E-01 2.3524E-01 2.6056E-01 2.8488E-01 2.8888E-01 3.3351E-01 3.9583E-01 3.9573E-01 3.5712E-01 3.5742E-01 3.2755E-01 3.1970E-01 2.8300E-01 2.5865E-01
3.9375E-02 4.0422E-02 4.1488E-02 4.2547E-02 4.4951E-02 4.7556E-02 5.1146E-02 5.2620E-02 5.3373E-02 5.5974E-02 5.8708E-02 6.3806E-02 6.5162E-02 6.9223E-02 7.5536E-02 8.5581E-02 8.9859E-02 9.3113E-02 9.9763E-02 1.0577E-01 1.1500E-01 1.1378E-01 1.2652E-01 1.3907E-01 1.4602E-01 1.6185E-01 1.6738E-01 1.6953E-01 1.8528E-01 1.9806E-01 2.1712E-01 2.4994E-01 2.7675E-01 3.4274E-01 4.4010E-01 5.7312E-01 7.5276E-01 9.4760E-01 1.1416E+00 1.7926E+00 5.4878E-01 1.2376E-01 1.4395E-01 1.5271E-01 1.7574E-01 1.6802E-01 1.7960E-01 2.1607E-01 2.3041E-01 2.3388E-01 2.3401E-01 2.2524E-01 2.2387E-01 2.0267E-01 1.8287E-01 1.6605E-01 1.5097E-01
4.2889E-02 4.4671E-02 4.6433E-02 4.8158E-02 4.9849E-02 5.1472E-02 5.2884E-02 5.4165E-02 5.5700E-02 6.0504E-02 6.0328E-02 5.8369E-02 6.5984E-02 6.9116E-02 7.5271E-02 8.2917E-02 8.7738E-02 9.8096E-02 1.0322E-01 1.1242E-01 1.1747E-01 1.3191E-01 1.5054E-01 1.5021E-01 1.5440E-01 1.5928E-01 1.6168E-01 1.6899E-01 1.6591E-01 1.6879E-01 1.9506E-01 2.1037E-01 2.4187E-01 2.8197E-01 3.5532E-01 4.1849E-01 6.2502E-01 9.0920E-01 1.3728E+00 2.7695E+00 4.3844E+00 7.2491E-01 1.2323E-01 1.2270E-01 1.3388E-01 1.2773E-01 1.2120E-01 1.2664E-01 1.4484E-01 1.5862E-01 1.3806E-01 1.3853E-01 1.3709E-01 1.3671E-01 1.3079E-01 1.3124E-01 1.2127E-01
3.9278E-02 4.0288E-02 4.1481E-02 4.3271E-02 4.4167E-02 4.6210E-02 5.0888E-02 5.5019E-02 5.7476E-02 6.0291E-02 6.5940E-02 7.0872E-02 7.2745E-02 7.6144E-02 8.2397E-02 8.8161E-02 9.4346E-02 9.4328E-02 1.0108E-01 1.1046E-01 1.1659E-01 1.2612E-01 1.3639E-01 1.4865E-01 1.4157E-01 1.4756E-01 1.5106E-01 1.7938E-01 1.7304E-01 1.6282E-01 1.7512E-01 1.9677E-01 2.1547E-01 2.9271E-01 3.6818E-01 5.2597E-01 7.3720E-01 1.0730E+00 1.6093E+00 2.2290E+00 2.2438E+00 9.4266E-01 3.7103E-01 1.7452E-01 1.6900E-01 1.5577E-01 1.4656E-01 1.2453E-01 1.2276E-01 1.2884E-01 1.2142E-01 1.1800E-01 1.1215E-01 1.1668E-01 1.1707E-01 1.1307E-01 1.1375E-01
3.8862E-02 3.9653E-02 4.0426E-02 4.4046E-02 4.8147E-02 4.9175E-02 5.0306E-02 5.1879E-02 5.7696E-02 5.8791E-02 6.3035E-02 6.8003E-02 7.1365E-02 7.7153E-02 8.5361E-02 8.6780E-02 9.6926E-02 1.0270E-01 1.0744E-01 1.1201E-01 1.2216E-01 1.2890E-01 1.3841E-01 1.4406E-01 1.4846E-01 1.5463E-01 1.5900E-01 1.6409E-01 1.7249E-01 1.7387E-01 1.7754E-01 1.9485E-01 2.5129E-01 3.2262E-01 4.1181E-01 5.5772E-01 7.3779E-01 1.0414E+00 1.4371E+00 1.7748E+00 1.6914E+00 1.0149E+00 4.7145E-01 2.7188E-01 2.0006E-01 1.7975E-01 1.6155E-01 1.4747E-01 1.2806E-01 1.1549E-01 1.0235E-01 1.0905E-01 1.1166E-01 1.1049E-01 1.0149E-01 1.0139E-01 9.9200E-02
3.8544E-02 3.8808E-02 4.0852E-02 4.4388E-02 4.7542E-02 4.8308E-02 5.1103E-02 5.4027E-02 5.8605E-02 5.9940E-02 6.3845E-02 6.8025E-02 7.1675E-02 7.8943E-02 8.2590E-02 8.6027E-02 8.9002E-02 9.5207E-02 1.0176E-01 1.1250E-01 1.2101E-01 1.2113E-01 1.2256E-01 1.2020E-01 1.3340E-01 1.3515E-01 1.3288E-01 1.4211E-01 1.4816E-01 1.7213E-01 1.9853E-01 2.2789E-01 2.6151E-01 3.3308E-01 4.1214E-01 5.3129E-01 7.0204E-01 9.2886E-01 1.1860E+00 1.3640E+00 1.2737E+00 9.5584E-01 5.0874E-01 2.9247E-01 2.1700E-01 1.8767E-01 1.6970E-01 1.6030E-01 1.6345E-01 1.3589E-01 1.0548E-01 1.0013E-01 1.0563E-01 1.0245E-01 1.0186E-01 9.7809E-02 9.1250E-02
3.6401E-02 3.8136E-02 3.8373E-02 4.0877E-02 4.2576E-02 4.3462E-02 4.5233E-02 4.7408E-02 5.1064E-02 5.6299E-02 5.9984E-02 6.3772E-02 6.7882E-02 7.2426E-02 7.6654E-02 8.0853E-02 8.4427E-02 8.6762E-02 9.6792E-02 9.8033E-02 1.0856E-01 1.0652E-01 1.1676E-01 1.1565E-01 1.1923E-01 1.2063E-01 1.2983E-01 1.3992E-01 1.5571E-01 1.7900E-01 2.0833E-01 2.3369E-01 2.7855E-01 3.1856E-01 3.8868E-01 5.1195E-01 6.1794E-01 8.0017E-01 9.2745E-01 9.7552E-01 9.8181E-01 7.7799E-01 5.3287E-01 2.9253E-01 2.3510E-01 2.1552E-01 2.1836E-01 1.6370E-01 1.4673E-01 1.3363E-01 1.2125E-01 1.1556E-01 1.0081E-01 9.2719E-02 9.5346E-02 9.2066E-02 8.7130E-02
3.5440E-02 3.6092E-02 3.7685E-02 3.8770E-02 4.0913E-02 4.3747E-02 4.8749E-02 5.2910E-02 5.6358E-02 5.8104E-02 5.9093E-02 5.9551E-02 6.2891E-02 6.7305E-02 7.0958E-02 7.4994E-02 7.7570E-02 8.0466E-02 8.3259E-02 9.0674E-02 9.5381E-02 9.7537E-02 9.8219E-02 1.0294E-01 1.0993E-01 1.1178E-01 1.2475E-01 1.4378E-01 1.5911E-01 1.8444E-01 2.0818E-01 2.2404E-01 2.6340E-01 3.1817E-01 3.9427E-01 4.6219E-01 5.5972E-01 6.6483E-01 7.3684E-01 7.5413E-01 7.2333E-01 6.2518E-01 4.4604E-01 2.9413E-01 2.2089E-01 1.9685E-01 2.1345E-01 1.9962E-01 1.6091E-01 1.4354E-01 1.3293E-01 1.2172E-01 1.1517E-01 1.0501E-01 9.5135E-02 8.6919E-02 8.4100E-02
