20220914_progetto_murano/data_input/run_no_deposition/rank(60)_cd_1hr_conc_cd.grd
DSAA
          81          81
     760.250     764.250
    5036.750    5040.750
  0.2349E-01  0.4384E+01
[rows 0 to 24 of 81, columns 0 to 56 of 81]
9.0563E-02 9.3605E-02 9.5247E-02 9.9574E-02 1.0502E-01 1.1289E-01 1.1870E-01 1.2022E-01 1.2041E-01 1.2382E-01 1.2888E-01 1.3170E-01 1.3064E-01 1.3080E-01 1.3164E-01 1.3375E-01 1.4015E-01 1.4385E-01 1.5266E-01 1.6182E-01 1.6560E-01 1.7689E-01 1.7879E-01 1.8660E-01 1.9916E-01 2.0494E-01 2.1789E-01 2.1248E-01 2.0211E-01 2.1043E-01 2.1987E-01 2.3648E-01 2.3806E-01 2.3554E-01 2.3948E-01 2.4518E-01 2.5387E-01 2.5703E-01 2.6573E-01 2.5919E-01 2.5999E-01 2.5624E-01 2.4137E-01 2.3105E-01 2.3038E-01 2.2670E-01 2.3003E-01 2.2381E-01 2.1730E-01 2.1625E-01 2.0420E-01 1.9696E-01 1.9513E-01 1.9099E-01 1.8651E-01 1.7932E-01 1.7221E-01
8.5466E-02 9.3777E-02 9.7546E-02 1.0038E-01 1.0182E-01 1.1100E-01 1.1664E-01 1.1881E-01 1.1947E-01 1.2561E-01 1.2616E-01 1.3422E-01 1.3561E-01 1.3393E-01 1.3165E-01 1.3284E-01 1.4076E-01 1.4440E-01 1.5157E-01 1.6436E-01 1.7212E-01 1.7522E-01 1.8296E-01 1.9113E-01 1.9923E-01 2.0986E-01 2.2290E-01 2.2883E-01 2.1321E-01 2.1624E-01 2.2697E-01 2.4283E-01 2.4974E-01 2.4860E-01 2.4909E-01 2.5416E-01 2.6408E-01 2.6727E-01 2.7037E-01 2.7031E-01 2.7218E-01 2.6442E-01 2.5159E-01 2.3787E-01 2.3711E-01 2.3061E-01 2.3672E-01 2.3222E-01 2.2568E-01 2.2165E-01 2.1105E-01 2.0448E-01 2.0245E-01 1.9693E-01 1.8640E-01 1.8118E-01 1.7133E-01
8.4295E-02 8.7882E-02 9.5800E-02 1.0144E-01 1.0324E-01 1.0661E-01 1.1628E-01 1.2004E-01 1.2560E-01 1.2604E-01 1.3017E-01 1.3357E-01 1.4029E-01 1.4257E-01 1.3596E-01 1.3396E-01 1.4224E-01 1.4733E-01 1.5205E-01 1.6628E-01 1.7450E-01 1.7598E-01 1.8501E-01 1.8949E-01 2.0036E-01 2.1579E-01 2.2634E-01 2.3542E-01 2.2700E-01 2.2608E-01 2.3233E-01 2.4512E-01 2.5767E-01 2.5667E-01 2.5512E-01 2.6285E-01 2.6902E-01 2.7100E-01 2.8228E-01 2.8153E-01 2.8099E-01 2.7228E-01 2.5916E-01 2.4454E-01 2.4370E-01 2.3861E-01 2.4316E-01 2.4129E-01 2.3533E-01 2.2923E-01 2.1814E-01 2.1152E-01 2.0929E-01 2.0149E-01 1.9276E-01 1.8489E-01 1.7295E-01
8.2766E-02 8.6350E-02 9.1272E-02 9.9596E-02 1.0432E-01 1.0703E-01 1.1012E-01 1.2053E-01 1.2463E-01 1.2986E-01 1.3140E-01 1.3493E-01 1.4164E-01 1.4278E-01 1.4480E-01 1.4138E-01 1.3921E-01 1.4695E-01 1.5352E-01 1.6253E-01 1.7653E-01 1.8282E-01 1.8510E-01 1.9496E-01 2.0664E-01 2.1513E-01 2.3277E-01 2.4898E-01 2.4648E-01 2.3761E-01 2.4406E-01 2.5266E-01 2.6610E-01 2.7169E-01 2.6292E-01 2.7205E-01 2.7893E-01 2.8656E-01 2.8682E-01 2.9075E-01 2.8556E-01 2.8119E-01 2.7081E-01 2.5760E-01 2.5387E-01 2.4826E-01 2.5210E-01 2.4828E-01 2.4663E-01 2.3652E-01 2.2425E-01 2.1866E-01 2.1359E-01 2.0870E-01 2.0028E-01 1.8852E-01 1.7746E-01
8.0103E-02 8.4553E-02 8.9791E-02 9.4695E-02 1.0428E-01 1.0808E-01 1.1104E-01 1.1481E-01 1.2486E-01 1.3088E-01 1.3325E-01 1.3560E-01 1.3966E-01 1.4459E-01 1.4946E-01 1.4744E-01 1.4188E-01 1.4875E-01 1.5754E-01 1.6552E-01 1.7810E-01 1.8751E-01 1.9117E-01 1.9666E-01 2.0787E-01 2.2499E-01 2.3995E-01 2.5778E-01 2.7066E-01 2.4889E-01 2.4982E-01 2.6144E-01 2.7210E-01 2.8518E-01 2.7372E-01 2.8428E-01 2.9386E-01 3.0351E-01 2.9804E-01 3.0189E-01 3.0000E-01 2.9283E-01 2.8043E-01 2.7025E-01 2.6467E-01 2.5831E-01 2.5969E-01 2.5682E-01 2.5467E-01 2.4287E-01 2.3313E-01 2.2687E-01 2.2254E-01 2.1085E-01 2.0473E-01 1.8837E-01 1.8224E-01
7.7076E-02 8.0748E-02 8.6336E-02 9.1464E-02 9.8979E-02 1.0689E-01 1.1251E-01 1.1607E-01 1.1819E-01 1.3060E-01 1.3925E-01 1.3926E-01 1.4067E-01 1.4324E-01 1.5302E-01 1.5575E-01 1.5120E-01 1.4640E-01 1.5712E-01 1.6818E-01 1.7891E-01 1.8962E-01 2.0047E-01 2.0665E-01 2.1242E-01 2.2368E-01 2.4613E-01 2.6235E-01 2.8102E-01 2.6839E-01 2.6175E-01 2.6565E-01 2.8554E-01 2.9513E-01 2.9448E-01 2.9616E-01 3.0478E-01 3.1906E-01 3.1501E-01 3.1310E-01 3.1172E-01 3.0387E-01 2.9104E-01 2.8068E-01 2.7837E-01 2.6764E-01 2.7257E-01 2.6719E-01 2.6064E-01 2.5232E-01 2.3683E-01 2.3204E-01 2.2371E-01 2.2310E-01 2.0898E-01 1.9113E-01 1.8752E-01
8.0493E-02 7.9617E-02 8.2091E-02 8.8188E-02 9.5969E-02 1.0266E-01 1.1195E-01 1.1642E-01 1.1972E-01 1.2524E-01 1.3541E-01 1.4625E-01 1.4164E-01 1.4599E-01 1.5400E-01 1.5707E-01 1.6091E-01 1.5875E-01 1.5616E-01 1.6714E-01 1.7998E-01 1.9548E-01 2.0540E-01 2.1177E-01 2.1644E-01 2.2744E-01 2.4938E-01 2.6751E-01 2.9293E-01 2.9265E-01 2.7834E-01 2.7580E-01 2.8705E-01 3.0448E-01 3.0783E-01 3.0566E-01 3.1501E-01 3.3380E-01 3.2810E-01 3.2957E-01 3.2265E-01 3.2106E-01 3.0230E-01 2.9229E-01 2.8906E-01 2.8146E-01 2.8255E-01 2.8255E-01 2.7088E-01 2.5885E-01 2.4393E-01 2.3906E-01 2.3380E-01 2.2683E-01 2.1299E-01 2.0081E-01 1.9211E-01
7.8895E-02 8.1917E-02 8.3073E-02 8.4886E-02 8.9965E-02 9.8463E-02 1.0533E-01 1.1574E-01 1.2146E-01 1.2305E-01 1.3112E-01 1.4040E-01 1.5402E-01 1.4638E-01 1.5442E-01 1.6259E-01 1.6248E-01 1.6252E-01 1.5531E-01 1.7004E-01 1.8265E-01 1.9557E-01 2.1017E-01 2.1998E-01 2.2815E-01 2.3917E-01 2.4874E-01 2.6905E-01 2.9720E-01 3.0972E-01 2.8765E-01 2.9054E-01 3.0031E-01 3.1941E-01 3.2138E-01 3.1885E-01 3.2900E-01 3.4301E-01 3.4644E-01 3.4410E-01 3.3570E-01 3.3690E-01 3.1409E-01 3.0446E-01 2.9887E-01 2.9841E-01 2.9174E-01 2.8835E-01 2.8076E-01 2.6453E-01 2.5717E-01 2.4841E-01 2.4503E-01 2.3438E-01 2.1105E-01 2.0076E-01 1.9666E-01
7.8676E-02 8.1865E-02 8.4396E-02 8.5984E-02 8.8797E-02 9.2293E-02 1.0124E-01 1.0765E-01 1.2000E-01 1.2523E-01 1.2615E-01 1.3625E-01 1.4715E-01 1.5806E-01 1.5424E-01 1.5696E-01 1.6861E-01 1.7340E-01 1.7163E-01 1.6612E-01 1.8080E-01 1.9390E-01 2.1318E-01 2.2640E-01 2.3461E-01 2.4264E-01 2.5196E-01 2.7140E-01 2.9416E-01 3.1860E-01 3.0386E-01 3.0620E-01 3.0861E-01 3.3635E-01 3.3648E-01 3.2931E-01 3.4516E-01 3.5462E-01 3.6736E-01 3.6051E-01 3.5394E-01 3.4987E-01 3.2963E-01 3.1683E-01 3.1245E-01 3.1299E-01 3.0272E-01 3.0151E-01 2.8982E-01 2.7350E-01 2.6667E-01 2.5565E-01 2.4992E-01 2.4196E-01 2.1777E-01 2.0987E-01 2.0033E-01
8.0694E-02 8.2647E-02 8.5975E-02 8.7835E-02 8.8230E-02 9.1740E-02 9.4102E-02 1.0275E-01 1.1216E-01 1.2301E-01 1.2884E-01 1.3057E-01 1.4147E-01 1.5536E-01 1.6225E-01 1.6016E-01 1.6655E-01 1.7913E-01 1.7558E-01 1.7574E-01 1.7849E-01 1.9666E-01 2.1029E-01 2.2496E-01 2.4051E-01 2.5478E-01 2.6528E-01 2.8312E-01 2.9801E-01 3.2896E-01 3.3846E-01 3.3070E-01 3.2371E-01 3.4971E-01 3.5240E-01 3.4554E-01 3.6299E-01 3.7304E-01 3.8452E-01 3.7795E-01 3.7752E-01 3.6656E-01 3.4677E-01 3.3432E-01 3.3612E-01 3.2847E-01 3.2171E-01 3.1927E-01 3.0511E-01 2.7677E-01 2.7717E-01 2.6519E-01 2.5039E-01 2.4629E-01 2.2660E-01 2.1530E-01 1.9598E-01
7.9658E-02 8.2753E-02 8.6536E-02 8.8646E-02 9.1020E-02 9.2202E-02 9.5152E-02 9.6406E-02 1.0565E-01 1.1537E-01 1.2683E-01 1.3402E-01 1.3811E-01 1.4356E-01 1.6063E-01 1.6390E-01 1.7100E-01 1.7951E-01 1.8539E-01 1.8215E-01 1.7972E-01 1.9706E-01 2.1076E-01 2.3072E-01 2.5017E-01 2.6135E-01 2.6588E-01 2.8313E-01 3.0534E-01 3.3509E-01 3.5753E-01 3.4318E-01 3.3581E-01 3.5889E-01 3.7289E-01 3.6692E-01 3.8165E-01 3.9773E-01 4.0075E-01 3.9680E-01 3.9901E-01 3.9311E-01 3.6209E-01 3.5791E-01 3.5473E-01 3.4525E-01 3.3749E-01 3.3614E-01 3.1067E-01 2.9169E-01 2.8841E-01 2.7784E-01 2.6763E-01 2.4286E-01 2.2782E-01 2.1647E-01 2.0349E-01
7.6561E-02 8.1947E-02 8.3547E-02 8.9032E-02 9.1683E-02 9.7189E-02 9.6576E-02 9.8688E-02 9.8956E-02 1.1021E-01 1.2077E-01 1.3288E-01 1.3890E-01 1.4621E-01 1.5427E-01 1.7073E-01 1.7016E-01 1.8108E-01 1.8946E-01 1.9652E-01 1.9777E-01 1.9893E-01 2.0947E-01 2.2611E-01 2.4730E-01 2.7450E-01 2.8700E-01 2.9517E-01 3.1281E-01 3.4244E-01 3.7185E-01 3.6018E-01 3.5586E-01 3.6796E-01 3.9087E-01 3.8587E-01 3.9706E-01 4.2024E-01 4.1729E-01 4.1290E-01 4.1130E-01 4.0686E-01 3.8340E-01 3.7628E-01 3.7381E-01 3.6202E-01 3.5335E-01 3.4507E-01 3.2440E-01 3.0728E-01 2.9625E-01 2.8595E-01 2.7793E-01 2.5272E-01 2.3083E-01 2.1529E-01 2.0905E-01
7.2894E-02 7.7865E-02 8.6282E-02 8.5873E-02 9.2457E-02 9.4137E-02 9.7384E-02 9.8401E-02 1.0202E-01 1.0454E-01 1.1264E-01 1.2563E-01 1.3632E-01 1.4595E-01 1.5263E-01 1.6488E-01 1.8102E-01 1.8231E-01 1.9358E-01 2.0019E-01 2.0688E-01 1.9828E-01 2.1812E-01 2.3756E-01 2.4981E-01 2.8679E-01 2.9013E-01 3.0236E-01 3.1337E-01 3.4527E-01 3.8073E-01 3.8518E-01 3.8266E-01 3.8059E-01 3.9936E-01 4.0839E-01 4.1657E-01 4.3483E-01 4.3935E-01 4.3249E-01 4.3175E-01 4.2459E-01 4.0076E-01 3.9600E-01 3.9137E-01 3.7068E-01 3.7676E-01 3.6340E-01 3.3500E-01 3.1885E-01 3.1277E-01 2.9614E-01 2.8645E-01 2.6037E-01 2.4381E-01 2.2029E-01 2.1576E-01
7.7125E-02 7.6517E-02 7.7228E-02 8.6632E-02 8.9158E-02 9.3723E-02 9.6622E-02 1.0085E-01 1.0151E-01 1.0697E-01 1.0777E-01 1.2146E-01 1.3228E-01 1.4542E-01 1.5463E-01 1.5914E-01 1.7500E-01 1.9375E-01 1.9443E-01 2.0246E-01 2.1875E-01 2.1714E-01 2.1554E-01 2.3837E-01 2.5756E-01 2.7607E-01 3.0901E-01 3.2076E-01 3.2702E-01 3.5049E-01 3.9151E-01 4.1081E-01 4.0186E-01 4.0562E-01 4.2244E-01 4.3103E-01 4.3498E-01 4.6047E-01 4.5577E-01 4.5407E-01 4.5443E-01 4.5130E-01 4.2938E-01 4.1445E-01 3.9993E-01 3.9462E-01 3.9515E-01 3.8748E-01 3.4946E-01 3.4346E-01 3.2412E-01 3.1597E-01 2.8545E-01 2.5894E-01 2.4299E-01 2.4008E-01 2.2855E-01
7.6192E-02 8.0139E-02 7.9515E-02 7.7083E-02 8.5584E-02 9.1890E-02 9.7500E-02 1.0153E-01 1.0302E-01 1.0540E-01 1.1045E-01 1.1453E-01 1.2517E-01 1.4094E-01 1.5168E-01 1.6199E-01 1.6759E-01 1.8730E-01 2.0021E-01 2.0443E-01 2.1611E-01 2.3523E-01 2.3282E-01 2.4037E-01 2.6989E-01 2.8936E-01 3.2317E-01 3.3396E-01 3.4556E-01 3.5763E-01 3.9378E-01 4.2541E-01 4.2039E-01 4.2640E-01 4.4258E-01 4.4734E-01 4.5583E-01 4.7606E-01 4.7109E-01 4.6783E-01 4.7621E-01 4.7266E-01 4.4869E-01 4.3249E-01 4.1497E-01 4.1067E-01 4.1318E-01 4.0087E-01 3.6368E-01 3.5640E-01 3.3557E-01 3.2457E-01 2.9751E-01 2.7199E-01 2.5299E-01 2.3609E-01 2.3575E-01
7.1261E-02 7.5158E-02 7.9653E-02 8.2155E-02 7.9065E-02 8.6369E-02 9.1876E-02 9.8480E-02 1.0211E-01 1.0552E-01 1.0951E-01 1.1703E-01 1.2039E-01 1.3175E-01 1.4999E-01 1.5972E-01 1.6677E-01 1.7692E-01 1.9931E-01 2.0707E-01 2.2554E-01 2.4244E-01 2.5049E-01 2.4355E-01 2.7124E-01 2.9587E-01 3.2297E-01 3.5512E-01 3.5892E-01 3.6521E-01 3.9395E-01 4.3138E-01 4.3545E-01 4.3489E-01 4.4686E-01 4.6177E-01 4.6883E-01 4.9649E-01 4.9507E-01 4.9159E-01 4.9728E-01 4.9433E-01 4.7049E-01 4.5157E-01 4.3637E-01 4.2498E-01 4.2612E-01 4.0642E-01 3.7930E-01 3.6749E-01 3.5562E-01 3.4224E-01 2.9965E-01 2.7957E-01 2.6131E-01 2.4634E-01 2.5226E-01
6.4787E-02 6.9194E-02 7.4232E-02 7.9324E-02 8.5071E-02 8.0655E-02 8.6719E-02 9.7188E-02 1.0294E-01 1.0652E-01 1.0857E-01 1.1654E-01 1.2460E-01 1.2925E-01 1.4362E-01 1.6091E-01 1.6937E-01 1.7615E-01 1.8827E-01 2.1702E-01 2.2189E-01 2.4362E-01 2.6636E-01 2.6948E-01 2.7898E-01 3.0450E-01 3.3915E-01 3.6359E-01 3.7456E-01 3.8450E-01 3.9170E-01 4.3041E-01 4.4703E-01 4.4984E-01 4.6005E-01 4.7936E-01 4.9226E-01 5.1690E-01 5.2600E-01 5.2542E-01 5.2053E-01 5.2044E-01 4.9409E-01 4.6518E-01 4.5746E-01 4.4517E-01 4.5096E-01 4.1838E-01 3.8723E-01 3.7656E-01 3.7271E-01 3.4779E-01 3.0911E-01 2.8631E-01 2.6720E-01 2.6328E-01 2.6521E-01
6.3062E-02 6.5202E-02 6.9830E-02 7.4158E-02 7.9498E-02 8.6950E-02 8.5585E-02 8.8555E-02 9.5559E-02 1.0688E-01 1.1451E-01 1.1259E-01 1.2340E-01 1.3218E-01 1.4110E-01 1.5336E-01 1.7009E-01 1.8270E-01 1.9268E-01 2.1033E-01 2.3255E-01 2.4165E-01 2.6153E-01 2.7985E-01 2.9710E-01 3.0475E-01 3.3431E-01 3.6987E-01 3.9356E-01 4.0159E-01 4.0705E-01 4.3174E-01 4.6730E-01 4.6887E-01 4.9261E-01 5.0020E-01 5.1715E-01 5.4132E-01 5.4685E-01 5.5358E-01 5.4779E-01 5.4577E-01 5.2155E-01 4.9231E-01 4.8639E-01 4.6547E-01 4.7172E-01 4.2379E-01 4.1345E-01 3.9123E-01 3.9133E-01 3.5172E-01 3.1825E-01 3.0472E-01 2.8539E-01 2.7504E-01 2.6788E-01
5.6427E-02 6.3094E-02 6.6629E-02 6.7289E-02 7.7896E-02 8.3584E-02 8.8756E-02 9.4513E-02 9.2869E-02 1.0070E-01 1.1132E-01 1.1842E-01 1.2218E-01 1.3385E-01 1.4002E-01 1.5177E-01 1.6862E-01 1.8351E-01 1.9775E-01 2.1413E-01 2.3911E-01 2.5561E-01 2.6505E-01 2.8050E-01 2.9762E-01 3.1926E-01 3.3356E-01 3.7545E-01 3.9959E-01 4.1357E-01 4.1831E-01 4.3608E-01 4.7304E-01 4.9142E-01 5.1424E-01 5.2696E-01 5.4450E-01 5.6332E-01 5.7710E-01 5.7342E-01 5.7416E-01 5.7571E-01 5.4720E-01 5.1938E-01 5.1183E-01 5.0561E-01 4.7950E-01 4.3858E-01 4.2597E-01 4.0922E-01 4.0147E-01 3.5410E-01 3.2735E-01 3.1410E-01 2.9610E-01 2.9231E-01 2.7687E-01
5.5277E-02 6.0660E-02 6.3600E-02 6.6851E-02 7.1520E-02 7.7498E-02 8.3976E-02 9.2656E-02 9.8785E-02 1.0012E-01 1.0246E-01 1.1572E-01 1.2534E-01 1.3321E-01 1.4626E-01 1.5212E-01 1.6689E-01 1.8327E-01 1.9979E-01 2.1410E-01 2.3545E-01 2.6258E-01 2.7678E-01 2.8075E-01 2.9969E-01 3.1529E-01 3.3139E-01 3.5725E-01 4.0765E-01 4.3120E-01 4.3301E-01 4.6438E-01 4.7668E-01 5.1221E-01 5.4164E-01 5.5751E-01 5.7132E-01 5.8908E-01 6.1925E-01 6.1139E-01 6.1140E-01 6.0733E-01 5.7758E-01 5.4922E-01 5.4061E-01 5.3353E-01 4.9687E-01 4.6211E-01 4.4636E-01 4.3563E-01 4.1175E-01 3.5680E-01 3.4488E-01 3.1913E-01 3.0245E-01 2.9981E-01 2.8260E-01
5.5594E-02 5.7546E-02 6.1780E-02 6.7458E-02 6.9681E-02 7.5262E-02 8.2698E-02 8.7746E-02 9.7310E-02 1.0586E-01 1.0643E-01 1.1249E-01 1.2261E-01 1.3328E-01 1.4486E-01 1.5440E-01 1.6857E-01 1.8466E-01 2.0087E-01 2.1656E-01 2.3187E-01 2.5791E-01 2.8075E-01 2.9260E-01 3.0742E-01 3.2043E-01 3.5020E-01 3.5879E-01 4.0240E-01 4.3818E-01 4.5052E-01 4.7139E-01 4.8490E-01 5.3191E-01 5.7257E-01 5.8355E-01 6.0286E-01 6.3095E-01 6.4640E-01 6.4079E-01 6.5146E-01 6.4659E-01 6.1760E-01 5.9231E-01 5.8147E-01 5.7164E-01 5.2108E-01 4.9344E-01 4.7169E-01 4.5713E-01 4.0940E-01 3.7319E-01 3.6104E-01 3.3857E-01 3.2863E-01 3.0048E-01 3.0134E-01
6.0231E-02 6.2425E-02 6.2185E-02 6.5088E-02 7.0912E-02 7.5729E-02 8.2200E-02 8.4101E-02 9.3812E-02 1.0123E-01 1.1577E-01 1.2062E-01 1.2601E-01 1.2738E-01 1.4594E-01 1.6281E-01 1.6624E-01 1.8118E-01 1.9638E-01 2.1341E-01 2.3026E-01 2.4316E-01 2.7270E-01 2.9955E-01 3.1444E-01 3.2500E-01 3.3382E-01 3.6942E-01 3.9291E-01 4.5249E-01 4.8210E-01 4.8077E-01 5.1366E-01 5.5665E-01 6.0151E-01 6.1537E-01 6.4234E-01 6.6155E-01 6.9978E-01 6.6860E-01 6.8081E-01 6.8740E-01 6.5702E-01 6.2561E-01 6.1993E-01 6.0440E-01 5.5518E-01 5.3879E-01 4.9563E-01 4.7664E-01 4.2413E-01 4.0062E-01 3.7288E-01 3.5149E-01 3.2758E-01 3.2204E-01 3.2730E-01
6.1880E-02 6.4682E-02 6.7381E-02 6.9058E-02 7.0940E-02 7.6361E-02 8.1695E-02 8.9071E-02 9.2211E-02 1.0164E-01 1.0827E-01 1.2170E-01 1.3561E-01 1.3415E-01 1.3298E-01 1.5976E-01 1.7866E-01 1.8099E-01 1.9778E-01 2.1454E-01 2.2754E-01 2.4659E-01 2.6874E-01 2.9613E-01 3.2775E-01 3.3350E-01 3.3788E-01 3.6096E-01 3.9626E-01 4.5006E-01 4.9406E-01 5.0231E-01 5.3626E-01 5.6189E-01 6.3041E-01 6.6435E-01 6.8895E-01 7.0884E-01 7.3384E-01 7.1902E-01 7.1509E-01 7.3156E-01 7.0372E-01 6.6881E-01 6.4795E-01 6.2813E-01 5.9231E-01 5.6430E-01 5.4615E-01 4.8499E-01 4.4847E-01 4.0936E-01 3.9065E-01 3.6220E-01 3.4098E-01 3.4860E-01 3.2986E-01
6.5383E-02 6.5764E-02 6.9600E-02 7.5968E-02 7.6040E-02 7.7386E-02 8.0424E-02 8.6058E-02 9.2995E-02 1.0281E-01 1.0940E-01 1.1967E-01 1.2926E-01 1.4411E-01 1.5294E-01 1.4232E-01 1.6765E-01 1.8864E-01 1.9740E-01 2.1061E-01 2.3302E-01 2.3704E-01 2.5645E-01 2.8242E-01 3.1224E-01 3.5098E-01 3.5518E-01 3.6581E-01 4.1829E-01 4.6240E-01 5.1316E-01 5.4133E-01 5.6997E-01 6.0338E-01 6.4645E-01 7.0026E-01 7.2037E-01 7.5230E-01 7.6847E-01 7.6322E-01 7.6128E-01 7.6638E-01 7.3910E-01 7.0214E-01 6.9482E-01 6.6001E-01 6.3056E-01 5.9695E-01 5.7246E-01 4.9443E-01 4.6798E-01 4.4985E-01 3.9686E-01 3.6096E-01 3.6698E-01 3.6502E-01 3.5712E-01
6.8753E-02 7.3147E-02 7.6250E-02 7.4259E-02 7.8044E-02 8.5725E-02 8.2619E-02 8.6991E-02 9.1782E-02 1.0007E-01 1.1198E-01 1.2033E-01 1.2800E-01 1.3534E-01 1.4980E-01 1.6574E-01 1.6340E-01 1.7930E-01 1.9825E-01 2.0094E-01 2.2482E-01 2.4952E-01 2.5089E-01 2.6988E-01 3.0190E-01 3.3817E-01 3.6920E-01 3.8136E-01 3.9595E-01 4.5531E-01 5.1493E-01 5.6368E-01 5.9663E-01 6.2617E-01 6.7839E-01 7.1328E-01 7.4116E-01 7.7289E-01 8.0220E-01 7.9405E-01 7.8877E-01 7.8777E-01 7.7455E-01 7.5032E-01 7.3869E-01 7.0191E-01 6.7641E-01 6.3493E-01 5.8949E-01 5.0255E-01 4.7957E-01 4.4877E-01 4.1245E-01 3.8741E-01 3.9768E-01 3.6860E-01 3.7062E-01
