20220914_progetto_murano/data_input/run_no_deposition/rank(60)_cd_24hr_conc_cd.grd
DSAA
          81          81
     760.250     764.250
    5036.750    5040.750
  0.1310E-05  0.1196E+00
[rows 0 to 24 of 81, columns 0 to 56 of 81]
3.7622E-03 4.1368E-03 4.1238E-03 4.3172E-03 4.4805E-03 4.6659E-03 4.9504E-03 5.2437E-03 5.5187E-03 5.8721E-03 6.5662E-03 6.8566E-03 7.3002E-03 7.1110E-03 7.2866E-03 7.5042E-03 7.8475E-03 8.2330E-03 8.6044E-03 8.8830E-03 1.0221E-02 1.1364E-02 1.3029E-02 1.4577E-02 1.6073E-02 1.6669E-02 1.6899E-02 1.6851E-02 1.6700E-02 1.7087E-02 1.5505E-02 1.5719E-02 1.6142E-02 1.7345E-02 1.7496E-02 1.7850E-02 1.8180E-02 1.8333E-02 1.8995E-02 1.8031E-02 1.7694E-02 1.7262E-02 1.6437E-02 1.4676E-02 1.3431E-02 1.2687E-02 1.2614E-02 1.1617E-02 1.1945E-02 1.2350E-02 1.1310E-02 1.0854E-02 1.0765E-02 1.0050E-02 8.8027E-03 7.3224E-03 7.1269E-03
3.5895E-03 3.9245E-03 4.3259E-03 4.2353E-03 4.4732E-03 4.6066E-03 4.7546E-03 5.1756E-03 5.5059E-03 5.6042E-03 6.3401E-03 7.0072E-03 7.0072E-03 7.5950E-03 7.2663E-03 7.4437E-03 8.4580E-03 8.1129E-03 8.6106E-03 9.0503E-03 9.8146E-03 1.1231E-02 1.2695E-02 1.4462E-02 1.6248E-02 1.6616E-02 1.7151E-02 1.7913E-02 1.7683E-02 1.8280E-02 1.6598E-02 1.6066E-02 1.6908E-02 1.7766E-02 1.7999E-02 1.9424E-02 1.8666E-02 1.8825E-02 1.9381E-02 1.8727E-02 1.8653E-02 1.7744E-02 1.6767E-02 1.4970E-02 1.3668E-02 1.2785E-02 1.2944E-02 1.1942E-02 1.2377E-02 1.2600E-02 1.1767E-02 1.0897E-02 1.0899E-02 1.0229E-02 8.4573E-03 7.5338E-03 7.0761E-03
3.1758E-03 3.7262E-03 4.0931E-03 4.4244E-03 4.4376E-03 4.5408E-03 4.7950E-03 4.8554E-03 5.4155E-03 5.9599E-03 5.9972E-03 6.6973E-03 7.2173E-03 7.3729E-03 7.9673E-03 7.4033E-03 7.6108E-03 8.5120E-03 8.5325E-03 8.8379E-03 9.3808E-03 1.1041E-02 1.2377E-02 1.4163E-02 1.5755E-02 1.7345E-02 1.8324E-02 1.9046E-02 1.8753E-02 1.8486E-02 1.8054E-02 1.7132E-02 1.7261E-02 1.7895E-02 1.8642E-02 1.9965E-02 1.9146E-02 1.9344E-02 1.9941E-02 1.9654E-02 1.9411E-02 1.8338E-02 1.7252E-02 1.5506E-02 1.3981E-02 1.2887E-02 1.3133E-02 1.2682E-02 1.3606E-02 1.2587E-02 1.1968E-02 1.1472E-02 1.1054E-02 9.9690E-03 8.1158E-03 7.6909E-03 7.1668E-03
3.1860E-03 3.2247E-03 3.8466E-03 4.2347E-03 4.4831E-03 4.5214E-03 4.7233E-03 5.0066E-03 5.0958E-03 5.6469E-03 6.2261E-03 6.4834E-03 7.1143E-03 7.4204E-03 7.8920E-03 7.8222E-03 7.5574E-03 8.2179E-03 8.8206E-03 9.1134E-03 9.7017E-03 1.0597E-02 1.2636E-02 1.4253E-02 1.6070E-02 1.7880E-02 1.8862E-02 1.9846E-02 1.9726E-02 1.9289E-02 1.9675E-02 1.8279E-02 1.8099E-02 1.9072E-02 1.9352E-02 1.9925E-02 1.9553E-02 1.9859E-02 2.1391E-02 2.1403E-02 2.0306E-02 1.9031E-02 1.7819E-02 1.6074E-02 1.4398E-02 1.2963E-02 1.3458E-02 1.2678E-02 1.4328E-02 1.2711E-02 1.2675E-02 1.2181E-02 1.0986E-02 9.4665E-03 8.4067E-03 7.9689E-03 6.5154E-03
2.9026E-03 3.3216E-03 3.2263E-03 3.9693E-03 4.4088E-03 4.4926E-03 4.6427E-03 4.9260E-03 5.2241E-03 5.4677E-03 5.9800E-03 6.4118E-03 6.7057E-03 7.3559E-03 7.7762E-03 8.3855E-03 7.5705E-03 7.7440E-03 9.3232E-03 9.1297E-03 9.9208E-03 1.0321E-02 1.2041E-02 1.3618E-02 1.5889E-02 1.7571E-02 1.9007E-02 1.9714E-02 2.1698E-02 2.0722E-02 2.0890E-02 2.0132E-02 1.9353E-02 1.9913E-02 2.0346E-02 2.0501E-02 2.0095E-02 2.0703E-02 2.1949E-02 2.3161E-02 2.1266E-02 1.9785E-02 1.8537E-02 1.6789E-02 1.4946E-02 1.3573E-02 1.3993E-02 1.3122E-02 1.4498E-02 1.3208E-02 1.2937E-02 1.2333E-02 1.1380E-02 8.8811E-03 8.9778E-03 7.8254E-03 6.3678E-03
2.9183E-03 2.9813E-03 3.2915E-03 3.3457E-03 4.1331E-03 4.5646E-03 4.5691E-03 4.8490E-03 5.2037E-03 5.4811E-03 5.8464E-03 6.2740E-03 6.6884E-03 7.3042E-03 7.8588E-03 8.1212E-03 8.5637E-03 7.9920E-03 8.0703E-03 9.2951E-03 9.6377E-03 1.0349E-02 1.1696E-02 1.3710E-02 1.6438E-02 1.7954E-02 1.9748E-02 2.1313E-02 2.2195E-02 2.1654E-02 2.0869E-02 2.0819E-02 1.9884E-02 2.0690E-02 2.1281E-02 2.1515E-02 2.0933E-02 2.1693E-02 2.2777E-02 2.4312E-02 2.3160E-02 2.1580E-02 1.9350E-02 1.7452E-02 1.5540E-02 1.4162E-02 1.4618E-02 1.3626E-02 1.4715E-02 1.3301E-02 1.3517E-02 1.2426E-02 1.1478E-02 8.9517E-03 8.6826E-03 7.6837E-03 6.2068E-03
2.7594E-03 2.9123E-03 3.1124E-03 3.3371E-03 3.4747E-03 4.2696E-03 4.7454E-03 4.7475E-03 5.0633E-03 5.4871E-03 5.8055E-03 6.1304E-03 6.5928E-03 6.8539E-03 7.5527E-03 7.9788E-03 8.7190E-03 8.7385E-03 8.5358E-03 9.6842E-03 9.8631E-03 1.0517E-02 1.1402E-02 1.3468E-02 1.5365E-02 1.7765E-02 1.9908E-02 2.1497E-02 2.2818E-02 2.3011E-02 2.1937E-02 2.2950E-02 2.1871E-02 2.2465E-02 2.2859E-02 2.2672E-02 2.2979E-02 2.2556E-02 2.4305E-02 2.5366E-02 2.4381E-02 2.2791E-02 2.0268E-02 1.8248E-02 1.6100E-02 1.4673E-02 1.5023E-02 1.4182E-02 1.4969E-02 1.4330E-02 1.3484E-02 1.2339E-02 1.1015E-02 9.7448E-03 8.4011E-03 7.2419E-03 6.0666E-03
2.7712E-03 2.8682E-03 2.9043E-03 3.1940E-03 3.4437E-03 3.6406E-03 4.4172E-03 4.7763E-03 4.9955E-03 5.2672E-03 5.7613E-03 6.1409E-03 6.4287E-03 7.1855E-03 7.0834E-03 7.6728E-03 8.6726E-03 9.5279E-03 9.1859E-03 9.2532E-03 1.0148E-02 1.0808E-02 1.1437E-02 1.3063E-02 1.5873E-02 1.7631E-02 1.9501E-02 2.1393E-02 2.3380E-02 2.5214E-02 2.4786E-02 2.3552E-02 2.3539E-02 2.2608E-02 2.3698E-02 2.3874E-02 2.5137E-02 2.3181E-02 2.5328E-02 2.5880E-02 2.5576E-02 2.4130E-02 2.1073E-02 1.9210E-02 1.6470E-02 1.5741E-02 1.6106E-02 1.4875E-02 1.5242E-02 1.4549E-02 1.3787E-02 1.2739E-02 1.0682E-02 9.8128E-03 8.4752E-03 6.9781E-03 6.0622E-03
2.7885E-03 2.8906E-03 2.9200E-03 2.9676E-03 3.2435E-03 3.5544E-03 3.8298E-03 4.5719E-03 4.9981E-03 5.2427E-03 5.4976E-03 6.1363E-03 6.5751E-03 6.8428E-03 7.3068E-03 7.8314E-03 8.5825E-03 9.4332E-03 1.0040E-02 9.0798E-03 1.0134E-02 1.0501E-02 1.1515E-02 1.3173E-02 1.4943E-02 1.7854E-02 1.9841E-02 2.2242E-02 2.3932E-02 2.4331E-02 2.4862E-02 2.5026E-02 2.5182E-02 2.4511E-02 2.4109E-02 2.6013E-02 2.7131E-02 2.4111E-02 2.6022E-02 2.7438E-02 2.6534E-02 2.5000E-02 2.2533E-02 2.0242E-02 1.6954E-02 1.6660E-02 1.7004E-02 1.5916E-02 1.5550E-02 1.5856E-02 1.4684E-02 1.2916E-02 1.0556E-02 1.0031E-02 8.4295E-03 6.6705E-03 5.8180E-03
2.7747E-03 2.9192E-03 2.9340E-03 2.9268E-03 3.0665E-03 3.2841E-03 3.6809E-03 3.9582E-03 4.7678E-03 5.2825E-03 5.4571E-03 5.7268E-03 6.6031E-03 6.8664E-03 7.1226E-03 7.6367E-03 7.9184E-03 9.1670E-03 1.0110E-02 1.0152E-02 1.1336E-02 1.1500E-02 1.1492E-02 1.2503E-02 1.4593E-02 1.7612E-02 2.0053E-02 2.2159E-02 2.4410E-02 2.6018E-02 2.6604E-02 2.6213E-02 2.7707E-02 2.6069E-02 2.5499E-02 2.6988E-02 2.7527E-02 2.5886E-02 2.6715E-02 2.8163E-02 2.7781E-02 2.5167E-02 2.4077E-02 2.1129E-02 1.7522E-02 1.7063E-02 1.7561E-02 1.7273E-02 1.6934E-02 1.6097E-02 1.4743E-02 1.3254E-02 1.0962E-02 9.9402E-03 8.1216E-03 6.7520E-03 5.6934E-03
2.7585E-03 2.8892E-03 2.9967E-03 2.9259E-03 3.0369E-03 3.2245E-03 3.4555E-03 3.9111E-03 4.1404E-03 4.9416E-03 5.5526E-03 5.7298E-03 5.9755E-03 6.9623E-03 7.2132E-03 7.5262E-03 8.1567E-03 8.3703E-03 9.6260E-03 1.1061E-02 9.9817E-03 1.2686E-02 1.1736E-02 1.2996E-02 1.4543E-02 1.6695E-02 2.0943E-02 2.2436E-02 2.4765E-02 2.6354E-02 2.8925E-02 2.7662E-02 3.0062E-02 2.9078E-02 2.6391E-02 2.7892E-02 2.9210E-02 2.8934E-02 2.7821E-02 3.0510E-02 2.8908E-02 2.6854E-02 2.5469E-02 2.2098E-02 1.8135E-02 1.7732E-02 1.8927E-02 1.8819E-02 1.7979E-02 1.6137E-02 1.4592E-02 1.3253E-02 1.1174E-02 9.8903E-03 7.8301E-03 6.4356E-03 6.2908E-03
2.5512E-03 2.8306E-03 2.9941E-03 3.0059E-03 3.0348E-03 3.2027E-03 3.3971E-03 3.6137E-03 4.0779E-03 4.3620E-03 5.1210E-03 5.7711E-03 6.1034E-03 6.4700E-03 7.3343E-03 7.6547E-03 8.3994E-03 8.6677E-03 9.2761E-03 1.0574E-02 1.0907E-02 1.1476E-02 1.2443E-02 1.3111E-02 1.5228E-02 1.6876E-02 1.9752E-02 2.3065E-02 2.5385E-02 2.7104E-02 2.8319E-02 2.9983E-02 3.0972E-02 3.2715E-02 2.8347E-02 2.9745E-02 3.1104E-02 3.2364E-02 2.9256E-02 3.2760E-02 3.0418E-02 2.8607E-02 2.6652E-02 2.3147E-02 1.8810E-02 1.9567E-02 1.9836E-02 1.9328E-02 1.7083E-02 1.6838E-02 1.5173E-02 1.2650E-02 1.1718E-02 9.5358E-03 7.5912E-03 6.1605E-03 6.8086E-03
2.4152E-03 2.6003E-03 2.8154E-03 3.1016E-03 3.1064E-03 3.2040E-03 3.3931E-03 3.5614E-03 3.7152E-03 4.2385E-03 4.6696E-03 5.3088E-03 5.9169E-03 6.3903E-03 7.0384E-03 7.8358E-03 8.2560E-03 8.9309E-03 9.2713E-03 1.0383E-02 1.1857E-02 1.1651E-02 1.3801E-02 1.3910E-02 1.5296E-02 1.7608E-02 1.9584E-02 2.3796E-02 2.6023E-02 2.7758E-02 3.0778E-02 3.0541E-02 3.2438E-02 3.5647E-02 3.1273E-02 3.1428E-02 3.2459E-02 3.4335E-02 3.0805E-02 3.3515E-02 3.1655E-02 3.0388E-02 2.7732E-02 2.4224E-02 1.9516E-02 2.2054E-02 2.0844E-02 1.9813E-02 1.9083E-02 1.6507E-02 1.5231E-02 1.2419E-02 1.1689E-02 8.5459E-03 7.5862E-03 6.1871E-03 6.1095E-03
2.1938E-03 2.4708E-03 2.5856E-03 2.8998E-03 3.2145E-03 3.2406E-03 3.4303E-03 3.6473E-03 3.5821E-03 3.8502E-03 4.4859E-03 4.7666E-03 5.5545E-03 6.2631E-03 6.9327E-03 7.6264E-03 8.5232E-03 8.9099E-03 9.3744E-03 1.0129E-02 1.1384E-02 1.2889E-02 1.2940E-02 1.5265E-02 1.5715E-02 1.8230E-02 2.0901E-02 2.2924E-02 2.6894E-02 2.8760E-02 2.9853E-02 3.3597E-02 3.3982E-02 3.7782E-02 3.5177E-02 3.3157E-02 3.4165E-02 3.4850E-02 3.2116E-02 3.4312E-02 3.2872E-02 3.2413E-02 2.8613E-02 2.5211E-02 2.0914E-02 2.2419E-02 2.1781E-02 2.0296E-02 1.9621E-02 1.6671E-02 1.5251E-02 1.2707E-02 1.0456E-02 8.8404E-03 7.1991E-03 7.3767E-03 6.5710E-03
2.1613E-03 2.2639E-03 2.5301E-03 2.6509E-03 3.0639E-03 3.3156E-03 3.4722E-03 3.6223E-03 3.8228E-03 3.7787E-03 4.1180E-03 4.6348E-03 5.1065E-03 5.7934E-03 6.6000E-03 7.3039E-03 8.1144E-03 9.2093E-03 9.8188E-03 1.0536E-02 1.1347E-02 1.2924E-02 1.3924E-02 1.5405E-02 1.5841E-02 1.8096E-02 2.2237E-02 2.3683E-02 2.7114E-02 2.9449E-02 3.0849E-02 3.5026E-02 3.6413E-02 3.7905E-02 3.8234E-02 3.4454E-02 3.6170E-02 4.0033E-02 3.3691E-02 3.6226E-02 3.3699E-02 3.4513E-02 2.9265E-02 2.6244E-02 2.2510E-02 2.4156E-02 2.2793E-02 2.1963E-02 2.0563E-02 1.6771E-02 1.5179E-02 1.3455E-02 1.0623E-02 9.0750E-03 7.2190E-03 6.9478E-03 7.3150E-03
2.1856E-03 2.2708E-03 2.3381E-03 2.4764E-03 2.7245E-03 3.1771E-03 3.4892E-03 3.6157E-03 3.7638E-03 3.9455E-03 4.0274E-03 4.4555E-03 4.8240E-03 5.2940E-03 6.0326E-03 7.0358E-03 7.6111E-03 8.5012E-03 9.7404E-03 1.0991E-02 1.1609E-02 1.2959E-02 1.4172E-02 1.5732E-02 1.7226E-02 1.8655E-02 2.1590E-02 2.5153E-02 2.6201E-02 3.1772E-02 3.2853E-02 3.5852E-02 3.7363E-02 3.8529E-02 4.1019E-02 3.8042E-02 3.7616E-02 4.1304E-02 3.5609E-02 3.7135E-02 3.3969E-02 3.6668E-02 3.0221E-02 2.7152E-02 2.4921E-02 2.4513E-02 2.3688E-02 2.1751E-02 1.9460E-02 1.7261E-02 1.5375E-02 1.3113E-02 1.0803E-02 8.2237E-03 7.7965E-03 8.0785E-03 7.0435E-03
2.2138E-03 2.2024E-03 2.2856E-03 2.4745E-03 2.4921E-03 2.8069E-03 2.9748E-03 3.6305E-03 3.7539E-03 3.8970E-03 4.0676E-03 4.2789E-03 4.7181E-03 5.0792E-03 5.6778E-03 6.3257E-03 7.6287E-03 8.2826E-03 9.3437E-03 1.0544E-02 1.2203E-02 1.2946E-02 1.4418E-02 1.6336E-02 1.7704E-02 1.7855E-02 2.0812E-02 2.4599E-02 2.8439E-02 3.1321E-02 3.3915E-02 3.5652E-02 3.8017E-02 3.9732E-02 4.3662E-02 4.0833E-02 3.9229E-02 4.2605E-02 3.8656E-02 3.9204E-02 3.4105E-02 3.8907E-02 3.2130E-02 2.8178E-02 2.6405E-02 2.4661E-02 2.3849E-02 2.2592E-02 1.9935E-02 1.7179E-02 1.5226E-02 1.3007E-02 1.0237E-02 8.9989E-03 8.7815E-03 8.3060E-03 5.7511E-03
2.1782E-03 2.2721E-03 2.3089E-03 2.2651E-03 2.4464E-03 2.6817E-03 2.9016E-03 3.0942E-03 3.7622E-03 3.9137E-03 4.0362E-03 4.2478E-03 4.3884E-03 5.1544E-03 5.3533E-03 6.1719E-03 6.9965E-03 8.3790E-03 9.1173E-03 1.0216E-02 1.1770E-02 1.3669E-02 1.4556E-02 1.6836E-02 1.7450E-02 1.8566E-02 2.0700E-02 2.3849E-02 2.7722E-02 3.0085E-02 3.5573E-02 3.6579E-02 3.8839E-02 4.2757E-02 4.6247E-02 4.5351E-02 4.1184E-02 4.4009E-02 4.1934E-02 3.9651E-02 3.5827E-02 4.0731E-02 3.4898E-02 2.9850E-02 2.7348E-02 2.5028E-02 2.4103E-02 2.3264E-02 2.0119E-02 1.7017E-02 1.5217E-02 1.2369E-02 1.0600E-02 1.0795E-02 1.0215E-02 7.5039E-03 7.1804E-03
2.0296E-03 2.2321E-03 2.3254E-03 2.4233E-03 2.3874E-03 2.4009E-03 2.6817E-03 2.9102E-03 3.2300E-03 3.8832E-03 4.0836E-03 4.1935E-03 4.5845E-03 4.6450E-03 5.4672E-03 5.8543E-03 6.4122E-03 7.8888E-03 8.8576E-03 1.0051E-02 1.1279E-02 1.3410E-02 1.4843E-02 1.6285E-02 1.8733E-02 1.8586E-02 2.0309E-02 2.4330E-02 2.6878E-02 3.1810E-02 3.5162E-02 3.6961E-02 4.0263E-02 4.4193E-02 4.8202E-02 4.7504E-02 4.5039E-02 4.5008E-02 4.3020E-02 4.0134E-02 3.7871E-02 4.1840E-02 3.8084E-02 3.1476E-02 2.9397E-02 2.6412E-02 2.5671E-02 2.3381E-02 2.0492E-02 1.7169E-02 1.5402E-02 1.2144E-02 1.0035E-02 1.0358E-02 9.3383E-03 6.6213E-03 7.3807E-03
1.6919E-03 1.9735E-03 2.2908E-03 2.3823E-03 2.4896E-03 2.5911E-03 2.4837E-03 2.7832E-03 2.9680E-03 3.3202E-03 3.7491E-03 4.2803E-03 4.4729E-03 4.9925E-03 5.2399E-03 5.8377E-03 6.3590E-03 6.9976E-03 8.6687E-03 9.7905E-03 1.1059E-02 1.3400E-02 1.5484E-02 1.6066E-02 1.8060E-02 1.9351E-02 2.1585E-02 2.2702E-02 2.6981E-02 3.0854E-02 3.4865E-02 4.0072E-02 4.1337E-02 4.5042E-02 4.9747E-02 5.0596E-02 4.6487E-02 4.6327E-02 4.5951E-02 4.2212E-02 4.0157E-02 4.4189E-02 4.0656E-02 3.3826E-02 3.1411E-02 2.7875E-02 2.6589E-02 2.4313E-02 2.1151E-02 1.7646E-02 1.5098E-02 1.2888E-02 1.2166E-02 1.0354E-02 7.9925E-03 8.4054E-03 7.9304E-03
1.6111E-03 1.6865E-03 1.9171E-03 2.2347E-03 2.4499E-03 2.5650E-03 2.6942E-03 2.7890E-03 2.8342E-03 3.1198E-03 3.5533E-03 3.9038E-03 4.5122E-03 4.8502E-03 5.2784E-03 5.6918E-03 6.3477E-03 7.2488E-03 7.4260E-03 9.4733E-03 1.0905E-02 1.2010E-02 1.4987E-02 1.6315E-02 1.7007E-02 1.8917E-02 2.1032E-02 2.1584E-02 2.5931E-02 3.0075E-02 3.5739E-02 3.9078E-02 4.3228E-02 4.4583E-02 4.7686E-02 5.3710E-02 5.1363E-02 4.7742E-02 5.0944E-02 4.4797E-02 4.3257E-02 4.6524E-02 4.0855E-02 3.5008E-02 3.1832E-02 3.0180E-02 2.7949E-02 2.5153E-02 2.0419E-02 1.8425E-02 1.4965E-02 1.2577E-02 1.1533E-02 1.0655E-02 8.2383E-03 8.3688E-03 9.6817E-03
1.4825E-03 1.5150E-03 1.8127E-03 1.9388E-03 2.2114E-03 2.5234E-03 2.6459E-03 2.7851E-03 2.8713E-03 3.0201E-03 3.3516E-03 3.7551E-03 4.1626E-03 4.7981E-03 5.1409E-03 5.7630E-03 6.6818E-03 7.0424E-03 8.3394E-03 8.0353E-03 1.0507E-02 1.1828E-02 1.4468E-02 1.5360E-02 1.7420E-02 1.9617E-02 2.0750E-02 2.2693E-02 2.6114E-02 3.1354E-02 3.5058E-02 4.0114E-02 4.2205E-02 4.5975E-02 5.0261E-02 5.5477E-02 5.5171E-02 5.1254E-02 5.3181E-02 4.8018E-02 4.6867E-02 4.8085E-02 4.3088E-02 3.7981E-02 3.4004E-02 2.9089E-02 2.8756E-02 2.5093E-02 2.2029E-02 1.9154E-02 1.5312E-02 1.4345E-02 1.0335E-02 8.9551E-03 9.3331E-03 1.0693E-02 9.3269E-03
1.3695E-03 1.4428E-03 1.6118E-03 1.6113E-03 2.1542E-03 2.3455E-03 2.6074E-03 2.8151E-03 2.9248E-03 3.0753E-03 3.3087E-03 3.6344E-03 3.9800E-03 4.5417E-03 5.0266E-03 5.3744E-03 6.5717E-03 7.5252E-03 7.9093E-03 8.6584E-03 9.1020E-03 1.1815E-02 1.2811E-02 1.5048E-02 1.7411E-02 1.8463E-02 2.2129E-02 2.2687E-02 2.4086E-02 2.8792E-02 3.3879E-02 4.1978E-02 4.4064E-02 4.7763E-02 5.3308E-02 5.6925E-02 6.0547E-02 5.6010E-02 5.4417E-02 4.8106E-02 4.8328E-02 4.9930E-02 4.3141E-02 3.8058E-02 3.2610E-02 3.1498E-02 3.0122E-02 2.4359E-02 2.2412E-02 1.8940E-02 1.6013E-02 1.3307E-02 1.1872E-02 1.0666E-02 9.9065E-03 1.0549E-02 8.9778E-03
1.3647E-03 1.3821E-03 1.4653E-03 1.5866E-03 1.8606E-03 1.8646E-03 2.5841E-03 2.6967E-03 2.9057E-03 3.1574E-03 3.2917E-03 3.4319E-03 4.1812E-03 4.3620E-03 4.9051E-03 5.4060E-03 5.8113E-03 6.5147E-03 8.1482E-03 9.1013E-03 9.6311E-03 9.6036E-03 1.2704E-02 1.3894E-02 1.6106E-02 1.8344E-02 2.0376E-02 2.3501E-02 2.5378E-02 2.7935E-02 3.3494E-02 4.0913E-02 4.5308E-02 5.0456E-02 5.2719E-02 5.7210E-02 6.3459E-02 6.0522E-02 5.7848E-02 5.2433E-02 4.9310E-02 4.9769E-02 4.4820E-02 4.0719E-02 3.3463E-02 3.2915E-02 3.1907E-02 2.6548E-02 2.2804E-02 1.7777E-02 1.8325E-02 1.4972E-02 1.3093E-02 1.0041E-02 1.2422E-02 9.5828E-03 8.1398E-03
1.3504E-03 1.3326E-03 1.3219E-03 1.4636E-03 1.6686E-03 1.7901E-03 2.2472E-03 2.2577E-03 2.7952E-03 3.0377E-03 3.3759E-03 3.5174E-03 3.6589E-03 4.4205E-03 5.0290E-03 5.3301E-03 6.2704E-03 6.5786E-03 6.5393E-03 8.1667E-03 9.9724E-03 1.0338E-02 1.0533E-02 1.3687E-02 1.5001E-02 1.7153E-02 2.0288E-02 2.3122E-02 2.4927E-02 2.8414E-02 3.2088E-02 3.9456E-02 4.9603E-02 5.1678E-02 5.0120E-02 5.8854E-02 6.6946E-02 6.6188E-02 5.9893E-02 5.5919E-02 4.9148E-02 5.4611E-02 5.0353E-02 4.1282E-02 3.5644E-02 3.2287E-02 3.3423E-02 2.7882E-02 2.2164E-02 1.9078E-02 1.8496E-02 1.4048E-02 1.3803E-02 1.2592E-02 1.0408E-02 9.1020E-03 5.9572E-03
