20220914_progetto_murano/data_input/run_no_deposition/rank(60)_cd_24hr_conc_cd.grd
DSAA
          81          81
     760.250     764.250
    5036.750    5040.750
  0.1310E-05  0.1196E+00
[rows 25 to 49 of 81, columns 0 to 56 of 81]
1.1448E-03 1.2926E-03 1.2722E-03 1.2601E-03 1.4651E-03 1.7630E-03 1.8960E-03 2.1423E-03 2.7796E-03 2.9041E-03 3.0580E-03 3.3821E-03 3.7463E-03 3.8967E-03 4.5502E-03 6.0864E-03 5.8855E-03 6.8382E-03 7.1012E-03 6.9402E-03 8.5247E-03 1.0340E-02 1.0779E-02 1.1531E-02 1.4812E-02 1.6769E-02 1.9611E-02 2.2405E-02 2.5823E-02 2.6201E-02 3.2469E-02 3.7542E-02 4.6568E-02 5.2360E-02 5.2943E-02 5.9593E-02 6.6927E-02 6.9878E-02 6.1332E-02 5.9874E-02 5.2211E-02 5.8545E-02 5.4219E-02 4.4151E-02 3.4379E-02 3.5544E-02 3.2153E-02 2.7282E-02 2.1313E-02 1.8144E-02 1.6991E-02 1.2695E-02 1.1671E-02 1.3083E-02 9.5577E-03 6.3104E-03 5.9058E-03
9.9644E-04 1.1486E-03 1.1803E-03 1.2208E-03 1.2678E-03 1.4750E-03 1.7934E-03 2.0087E-03 2.1595E-03 2.7326E-03 3.0225E-03 3.1843E-03 3.5319E-03 4.0134E-03 4.2147E-03 4.6647E-03 6.3031E-03 6.4782E-03 6.9288E-03 7.7276E-03 7.5749E-03 9.1811E-03 1.0564E-02 1.1166E-02 1.3040E-02 1.4883E-02 1.8651E-02 2.2666E-02 2.4078E-02 2.6236E-02 3.2579E-02 3.7863E-02 4.5907E-02 5.2155E-02 5.3097E-02 5.9586E-02 6.4867E-02 7.3653E-02 6.7701E-02 6.4471E-02 5.6990E-02 5.9725E-02 5.6519E-02 4.7111E-02 3.7457E-02 3.7916E-02 3.2605E-02 2.6325E-02 2.0908E-02 2.0162E-02 1.5284E-02 1.3008E-02 1.3209E-02 1.0203E-02 7.3303E-03 6.5598E-03 7.0332E-03
9.7418E-04 1.0070E-03 1.0034E-03 1.1810E-03 1.1552E-03 1.3019E-03 1.4698E-03 1.7608E-03 2.0275E-03 2.3333E-03 2.5989E-03 3.0914E-03 3.3334E-03 3.5757E-03 4.2256E-03 4.4901E-03 4.8649E-03 6.1154E-03 7.1820E-03 6.9155E-03 8.1377E-03 8.5502E-03 8.8393E-03 1.0830E-02 1.1702E-02 1.3597E-02 1.5962E-02 2.0496E-02 2.4608E-02 2.7164E-02 2.8774E-02 3.4829E-02 4.3101E-02 5.3852E-02 5.7323E-02 5.7819E-02 6.4505E-02 7.6316E-02 6.9919E-02 6.8043E-02 6.1373E-02 6.0684E-02 5.8389E-02 4.8785E-02 3.9324E-02 3.6936E-02 2.9512E-02 2.5873E-02 2.1234E-02 1.6901E-02 1.4706E-02 1.5875E-02 1.1247E-02 7.6031E-03 6.8029E-03 7.3012E-03 7.9723E-03
9.9657E-04 1.0304E-03 1.0656E-03 1.0817E-03 1.0831E-03 1.1494E-03 1.2304E-03 1.4549E-03 1.6958E-03 1.7775E-03 2.1618E-03 2.6542E-03 3.2534E-03 3.4873E-03 3.7248E-03 4.2729E-03 4.6907E-03 5.3324E-03 6.3747E-03 7.9022E-03 8.0726E-03 8.6401E-03 9.9371E-03 9.5393E-03 1.1249E-02 1.2433E-02 1.4834E-02 1.7818E-02 2.2291E-02 2.5442E-02 2.8606E-02 3.0009E-02 4.3011E-02 5.0809E-02 6.0368E-02 5.8996E-02 6.6278E-02 7.5223E-02 7.7813E-02 6.6452E-02 6.5233E-02 6.3256E-02 5.8638E-02 5.0226E-02 4.0945E-02 3.5735E-02 2.8628E-02 2.4859E-02 2.0007E-02 1.4545E-02 1.5227E-02 1.2931E-02 8.7295E-03 7.1493E-03 7.5131E-03 7.9623E-03 7.9664E-03
8.8117E-04 1.0448E-03 1.0708E-03 1.1319E-03 1.1650E-03 1.1528E-03 1.1798E-03 1.2098E-03 1.4261E-03 1.7962E-03 2.0173E-03 2.4735E-03 2.9485E-03 3.2312E-03 3.6385E-03 3.8904E-03 4.4823E-03 5.0967E-03 5.8585E-03 6.8655E-03 8.5183E-03 9.7708E-03 8.9630E-03 1.0528E-02 1.0746E-02 1.1686E-02 1.2979E-02 1.5995E-02 1.9598E-02 2.2915E-02 2.8467E-02 3.0459E-02 3.7810E-02 4.6734E-02 6.1279E-02 6.5063E-02 7.0197E-02 7.8821E-02 8.4051E-02 7.2549E-02 6.1574E-02 6.7588E-02 5.9836E-02 5.0090E-02 4.5097E-02 3.4657E-02 2.6772E-02 2.1184E-02 1.6445E-02 1.7377E-02 1.4802E-02 1.1208E-02 7.5663E-03 8.5135E-03 7.9841E-03 7.9953E-03 8.8100E-03
8.8281E-04 8.9205E-04 9.1128E-04 1.0738E-03 1.0916E-03 1.2452E-03 1.2216E-03 1.2520E-03 1.2810E-03 1.4340E-03 1.6137E-03 2.2102E-03 2.7860E-03 3.1856E-03 3.4897E-03 3.8035E-03 4.0584E-03 4.4478E-03 5.3062E-03 6.2920E-03 6.8301E-03 8.6178E-03 1.0899E-02 9.9627E-03 1.1290E-02 1.1933E-02 1.2302E-02 1.3405E-02 1.6399E-02 1.9905E-02 2.4806E-02 2.9006E-02 3.4466E-02 4.2585E-02 5.5225E-02 6.6102E-02 6.8412E-02 7.9843E-02 9.2398E-02 7.6089E-02 6.3808E-02 7.1792E-02 6.0119E-02 4.7215E-02 4.4360E-02 3.2276E-02 2.3769E-02 2.0066E-02 1.5091E-02 1.6474E-02 1.2437E-02 7.9329E-03 9.2428E-03 7.9071E-03 8.6993E-03 8.9970E-03 8.0319E-03
8.6793E-04 8.9453E-04 9.5653E-04 1.0050E-03 1.0563E-03 1.0397E-03 1.1776E-03 1.2355E-03 1.3248E-03 1.3687E-03 1.5358E-03 1.6794E-03 1.8283E-03 2.6447E-03 3.4263E-03 3.6485E-03 3.7959E-03 4.2409E-03 4.5598E-03 5.3743E-03 6.6995E-03 7.8610E-03 9.3929E-03 1.1653E-02 1.1885E-02 1.1469E-02 1.2521E-02 1.3424E-02 1.3859E-02 1.6440E-02 1.9165E-02 2.6337E-02 3.0421E-02 3.9854E-02 5.1422E-02 6.9211E-02 7.0210E-02 7.9067E-02 8.5519E-02 8.7147E-02 7.1895E-02 7.5787E-02 5.7438E-02 4.8880E-02 4.0617E-02 2.3326E-02 2.2004E-02 1.7633E-02 1.6993E-02 1.3410E-02 9.2928E-03 1.0712E-02 7.8256E-03 9.1143E-03 8.8396E-03 7.7703E-03 6.5480E-03
6.5289E-04 7.1864E-04 9.0624E-04 9.1506E-04 9.2381E-04 1.0410E-03 9.8963E-04 1.0761E-03 1.3310E-03 1.3976E-03 1.4559E-03 1.6380E-03 1.7005E-03 2.0420E-03 2.3041E-03 3.1976E-03 3.7229E-03 3.8622E-03 4.3722E-03 4.6857E-03 5.6319E-03 7.0280E-03 8.1872E-03 9.5095E-03 1.1573E-02 1.0789E-02 1.1891E-02 1.3404E-02 1.4725E-02 1.4683E-02 1.7827E-02 2.1959E-02 2.8934E-02 3.6144E-02 4.5841E-02 6.3390E-02 7.6524E-02 8.0765E-02 8.8177E-02 9.1551E-02 7.7194E-02 7.7815E-02 5.3325E-02 4.8681E-02 3.3309E-02 2.2621E-02 1.9008E-02 1.3932E-02 1.4352E-02 9.1947E-03 1.0556E-02 8.7659E-03 8.8840E-03 7.8700E-03 6.8656E-03 6.5372E-03 6.3633E-03
6.8557E-04 6.9780E-04 7.1019E-04 7.2262E-04 8.3382E-04 9.3539E-04 9.4396E-04 9.4590E-04 9.6104E-04 1.3987E-03 1.4080E-03 1.5457E-03 1.6876E-03 1.7588E-03 1.8899E-03 2.4114E-03 2.8841E-03 3.7903E-03 3.9348E-03 4.4474E-03 4.7967E-03 5.6607E-03 6.8619E-03 8.1520E-03 9.7010E-03 1.1028E-02 1.0376E-02 1.2341E-02 1.3346E-02 1.3645E-02 1.6205E-02 1.9270E-02 2.4949E-02 3.1802E-02 4.0538E-02 5.8650E-02 7.3548E-02 8.8682E-02 9.1973E-02 9.2720E-02 8.6551E-02 6.9360E-02 5.6815E-02 4.0172E-02 2.8764E-02 1.8820E-02 1.4615E-02 1.5302E-02 9.5010E-03 1.0184E-02 7.5940E-03 8.2173E-03 7.0089E-03 7.1626E-03 7.5847E-03 6.2132E-03 6.5151E-03
7.1202E-04 7.2226E-04 7.3240E-04 7.4259E-04 7.5229E-04 7.6187E-04 7.7147E-04 9.2215E-04 9.6390E-04 9.7204E-04 1.0876E-03 1.3538E-03 1.6050E-03 1.8163E-03 1.8850E-03 1.9524E-03 2.1759E-03 2.7829E-03 3.6006E-03 3.9703E-03 4.1015E-03 4.9039E-03 5.9294E-03 6.4224E-03 8.2449E-03 9.1929E-03 1.1386E-02 1.1119E-02 1.2845E-02 1.3930E-02 1.5014E-02 1.6919E-02 2.0905E-02 2.7660E-02 3.8190E-02 5.0479E-02 6.2613E-02 8.4717E-02 9.7785E-02 1.0401E-01 8.3488E-02 6.3361E-02 5.1860E-02 3.7853E-02 2.1356E-02 1.8218E-02 1.3253E-02 9.4354E-03 9.5859E-03 7.8912E-03 7.3709E-03 6.7542E-03 6.8869E-03 7.1042E-03 7.0082E-03 6.2740E-03 4.5506E-03
7.3110E-04 7.3898E-04 7.4672E-04 7.5432E-04 7.6159E-04 7.6865E-04 7.7593E-04 8.2760E-04 8.9421E-04 8.5472E-04 1.0033E-03 1.1720E-03 1.3700E-03 1.6782E-03 1.8316E-03 1.9967E-03 2.0575E-03 2.1153E-03 2.3329E-03 2.4310E-03 3.6519E-03 4.6675E-03 4.9680E-03 5.3752E-03 6.7963E-03 8.0681E-03 8.0405E-03 1.0592E-02 1.2299E-02 1.2329E-02 1.3215E-02 1.5706E-02 1.8505E-02 2.3084E-02 3.1814E-02 4.7337E-02 6.5315E-02 7.8099E-02 9.9996E-02 9.7675E-02 7.6554E-02 6.4649E-02 4.8465E-02 3.0880E-02 1.7338E-02 1.4606E-02 9.6818E-03 9.1023E-03 7.7288E-03 7.4283E-03 6.9354E-03 6.6128E-03 6.8175E-03 7.1286E-03 5.9264E-03 4.6181E-03 3.3741E-03
7.4286E-04 7.4858E-04 7.5419E-04 7.5988E-04 7.6584E-04 7.7203E-04 7.8354E-04 8.5500E-04 9.0268E-04 8.4993E-04 8.2051E-04 9.3085E-04 1.0810E-03 1.3722E-03 1.6689E-03 1.7848E-03 2.0385E-03 2.3107E-03 2.3997E-03 2.4979E-03 2.6114E-03 2.7100E-03 4.0909E-03 4.6958E-03 5.6565E-03 6.6900E-03 6.8405E-03 8.1912E-03 9.9332E-03 1.0956E-02 1.1636E-02 1.4282E-02 1.6137E-02 1.7803E-02 2.8157E-02 3.8888E-02 6.0953E-02 7.5665E-02 1.0794E-01 1.1139E-01 8.6161E-02 5.6197E-02 4.3136E-02 2.5301E-02 1.7177E-02 1.2109E-02 8.5552E-03 7.1106E-03 6.8099E-03 6.8335E-03 6.3627E-03 6.9470E-03 6.3469E-03 4.8135E-03 3.7354E-03 3.8754E-03 3.3977E-03
4.6858E-04 5.3275E-04 7.0269E-04 7.6124E-04 7.6759E-04 7.7467E-04 8.1026E-04 8.8405E-04 9.1225E-04 8.5825E-04 8.3060E-04 8.4406E-04 9.5246E-04 1.0132E-03 1.0688E-03 1.3543E-03 1.7628E-03 1.8830E-03 2.0083E-03 2.2065E-03 2.5211E-03 2.7844E-03 3.2411E-03 3.6037E-03 4.7941E-03 5.4632E-03 5.8437E-03 6.3165E-03 7.2315E-03 8.1107E-03 1.0466E-02 1.1106E-02 1.3786E-02 1.7115E-02 2.0439E-02 3.2850E-02 5.1799E-02 7.7937E-02 1.0163E-01 1.1643E-01 8.2788E-02 5.2367E-02 4.0547E-02 2.1089E-02 1.5631E-02 8.9795E-03 7.0168E-03 6.4978E-03 6.5567E-03 6.9332E-03 6.5292E-03 6.0805E-03 4.2539E-03 4.1898E-03 3.2921E-03 2.9254E-03 3.2734E-03
4.6322E-04 4.7554E-04 4.8842E-04 5.0225E-04 5.9180E-04 7.1801E-04 8.0396E-04 9.0532E-04 9.2145E-04 8.6737E-04 8.4084E-04 8.5420E-04 8.6675E-04 8.9136E-04 1.0240E-03 1.0308E-03 1.0373E-03 1.3205E-03 1.6650E-03 2.0420E-03 2.2902E-03 2.2997E-03 2.5085E-03 2.7706E-03 3.2049E-03 3.9787E-03 4.2377E-03 4.9482E-03 5.1318E-03 5.6315E-03 7.5661E-03 9.4199E-03 1.2348E-02 1.3809E-02 1.7047E-02 2.4301E-02 4.0819E-02 6.6375E-02 9.0210E-02 1.1959E-01 8.7696E-02 5.5546E-02 3.3959E-02 1.7730E-02 9.7555E-03 6.0818E-03 5.8564E-03 6.1503E-03 6.8818E-03 6.1295E-03 4.4675E-03 4.3507E-03 3.5676E-03 3.0065E-03 3.0233E-03 2.9370E-03 2.5237E-03
4.7959E-04 4.9256E-04 5.0593E-04 5.1987E-04 5.3469E-04 5.5001E-04 5.6301E-04 5.8147E-04 7.2702E-04 8.4777E-04 8.6795E-04 8.7956E-04 8.8917E-04 9.3366E-04 9.4473E-04 9.8418E-04 1.0410E-03 1.0471E-03 1.0938E-03 1.2339E-03 1.5739E-03 2.1448E-03 2.4735E-03 2.5587E-03 2.5868E-03 2.8112E-03 3.5063E-03 3.8573E-03 3.8726E-03 3.8778E-03 4.7942E-03 6.6025E-03 8.5123E-03 9.0695E-03 1.3744E-02 2.1166E-02 3.0446E-02 5.7339E-02 9.5658E-02 1.1946E-01 9.6933E-02 5.2456E-02 2.5391E-02 1.0851E-02 6.0988E-03 5.4896E-03 6.0580E-03 6.1732E-03 5.8097E-03 3.8629E-03 3.2161E-03 2.6021E-03 3.1471E-03 3.1171E-03 3.0390E-03 2.4223E-03 2.8575E-03
4.3351E-04 4.5311E-04 4.9341E-04 5.3436E-04 5.5129E-04 5.9022E-04 6.6436E-04 7.1188E-04 7.6331E-04 8.1711E-04 8.1154E-04 7.7833E-04 1.0179E-03 1.0677E-03 1.0990E-03 1.1243E-03 1.1462E-03 1.1888E-03 1.2237E-03 1.3386E-03 1.5072E-03 1.6546E-03 1.8066E-03 2.0819E-03 2.3565E-03 2.4961E-03 2.7789E-03 2.8586E-03 3.2140E-03 3.6182E-03 3.7437E-03 4.0365E-03 4.8494E-03 5.4295E-03 8.9822E-03 1.1502E-02 2.3122E-02 4.0990E-02 7.7992E-02 1.0429E-01 1.1858E-01 4.9264E-02 1.5963E-02 6.4283E-03 5.3059E-03 5.3600E-03 5.5658E-03 4.3131E-03 2.4095E-03 2.8386E-03 2.7345E-03 2.5282E-03 3.2024E-03 2.7413E-03 2.6320E-03 2.3920E-03 2.3433E-03
5.1090E-04 5.2412E-04 5.3789E-04 5.5189E-04 5.6352E-04 5.7352E-04 5.8098E-04 5.8475E-04 5.8438E-04 6.4659E-04 7.4264E-04 7.8478E-04 7.3529E-04 6.8871E-04 8.0135E-04 1.0221E-03 1.0497E-03 1.1770E-03 1.3096E-03 1.3824E-03 1.2992E-03 1.4207E-03 1.6057E-03 1.8073E-03 2.0224E-03 2.0403E-03 2.4691E-03 2.8239E-03 2.9018E-03 3.0863E-03 3.3322E-03 3.8208E-03 4.3177E-03 4.3351E-03 5.3992E-03 7.8480E-03 1.2731E-02 2.6444E-02 4.4910E-02 8.7507E-02 1.0455E-01 3.0509E-02 7.1478E-03 3.4081E-03 4.2463E-03 4.8477E-03 2.4696E-03 2.3139E-03 2.8412E-03 2.4701E-03 2.1674E-03 2.1362E-03 1.8807E-03 1.8308E-03 2.1707E-03 1.8462E-03 1.1720E-03
4.8122E-04 5.3683E-04 5.5182E-04 5.6300E-04 5.7226E-04 5.7894E-04 5.8224E-04 5.8135E-04 5.7596E-04 5.6065E-04 5.5194E-04 6.3545E-04 7.2602E-04 7.1968E-04 7.6178E-04 7.7031E-04 7.9375E-04 9.9687E-04 9.7422E-04 9.2173E-04 1.0774E-03 1.0825E-03 1.1035E-03 1.9014E-03 2.0457E-03 1.9670E-03 1.8619E-03 1.7590E-03 1.9908E-03 2.5823E-03 3.0192E-03 3.2747E-03 3.4511E-03 3.3455E-03 3.9589E-03 5.3327E-03 7.9574E-03 9.1557E-03 1.3250E-02 4.5137E-02 1.1029E-01 1.0767E-02 2.9728E-03 3.4832E-03 2.1970E-03 2.1268E-03 2.2450E-03 2.2889E-03 1.9007E-03 1.7200E-03 1.5554E-03 1.4262E-03 1.1028E-03 1.2239E-03 1.1628E-03 1.1101E-03 1.0008E-03
4.3372E-04 4.3475E-04 4.3555E-04 4.3618E-04 4.3713E-04 4.4192E-04 4.9659E-04 5.5954E-04 5.5485E-04 5.9721E-04 6.8352E-04 7.8067E-04 7.4688E-04 6.9652E-04 6.5224E-04 6.1047E-04 6.4168E-04 7.0107E-04 7.2854E-04 7.5795E-04 8.1236E-04 8.5138E-04 1.0841E-03 1.1246E-03 1.1557E-03 1.4878E-03 1.7056E-03 1.7919E-03 2.0798E-03 2.3441E-03 2.6583E-03 2.9909E-03 3.0502E-03 3.0987E-03 3.5685E-03 3.9940E-03 4.6623E-03 5.8217E-03 7.3794E-03 1.2012E-02 1.1360E-02 2.0849E-03 1.8247E-03 1.3301E-03 1.3610E-03 1.5275E-03 1.2555E-03 1.1921E-03 1.1451E-03 1.0335E-03 9.7349E-04 1.0765E-03 1.0523E-03 1.0019E-03 9.1992E-04 8.3494E-04 7.9803E-04
4.3513E-04 4.3732E-04 4.7985E-04 5.4128E-04 5.7643E-04 5.7538E-04 5.6889E-04 5.5028E-04 5.2528E-04 5.0073E-04 4.7884E-04 4.7950E-04 4.9025E-04 5.2925E-04 5.2333E-04 5.8685E-04 5.7548E-04 5.8359E-04 6.1058E-04 6.3538E-04 6.8122E-04 8.0727E-04 8.7565E-04 1.0066E-03 1.1771E-03 1.3946E-03 1.6820E-03 2.0293E-03 2.3088E-03 2.6349E-03 2.8831E-03 2.8931E-03 3.2638E-03 2.8664E-03 3.0489E-03 3.5896E-03 3.2003E-03 3.7568E-03 4.0220E-03 3.4906E-03 3.5968E-03 6.6372E-04 5.3907E-04 5.4290E-04 6.4371E-04 9.4790E-04 8.9579E-04 1.0912E-03 1.0317E-03 9.3364E-04 8.6160E-04 1.0128E-03 9.1992E-04 8.6573E-04 8.6068E-04 8.2362E-04 7.7703E-04
4.9430E-04 4.9786E-04 4.9643E-04 4.9403E-04 4.9146E-04 4.8611E-04 4.7873E-04 4.6884E-04 4.5926E-04 4.5332E-04 4.6024E-04 4.6506E-04 4.8791E-04 4.9481E-04 5.2082E-04 5.4675E-04 5.7201E-04 5.6598E-04 6.1312E-04 6.4176E-04 6.6183E-04 6.8460E-04 7.0908E-04 7.6012E-04 9.3439E-04 9.5038E-04 9.9990E-04 1.1456E-03 1.2334E-03 1.3363E-03 1.4484E-03 1.5881E-03 2.5623E-03 2.3378E-03 2.2592E-03 2.8337E-03 2.6747E-03 3.1484E-03 3.2594E-03 9.1318E-03 2.1841E-03 1.3683E-03 3.5014E-04 6.7207E-04 6.2193E-04 5.7277E-04 2.9259E-04 2.9247E-04 2.8284E-04 4.5612E-04 4.5257E-04 4.6538E-04 4.7261E-04 5.6250E-04 6.4244E-04 7.0632E-04 7.5987E-04
3.6116E-04 3.8686E-04 3.8683E-04 4.0741E-04 4.0880E-04 4.2131E-04 4.3737E-04 4.4451E-04 4.5354E-04 4.5067E-04 4.5559E-04 4.7500E-04 5.1396E-04 5.3530E-04 5.5658E-04 5.8549E-04 5.8545E-04 6.0981E-04 6.3197E-04 6.5317E-04 6.7331E-04 7.9744E-04 8.9297E-04 9.1258E-04 9.2733E-04 1.0757E-03 1.1459E-03 1.2286E-03 1.1111E-03 1.2160E-03 1.5367E-03 1.7169E-03 1.8693E-03 1.7651E-03 2.2004E-03 2.4674E-03 3.0225E-03 2.9894E-03 6.8594E-03 3.3866E-03 1.3119E-03 1.4536E-03 4.2578E-04 3.9234E-04 7.2819E-04 5.6160E-04 4.9504E-04 6.3031E-04 3.8025E-04 2.1930E-04 3.0002E-04 3.3749E-04 2.3355E-04 2.5964E-04 2.6836E-04 2.4307E-04 3.2877E-04
2.3164E-04 2.3969E-04 2.5583E-04 2.8951E-04 2.9369E-04 3.1443E-04 3.3638E-04 3.6016E-04 3.8466E-04 4.1033E-04 4.1368E-04 4.3461E-04 4.3044E-04 4.1589E-04 4.0073E-04 4.6241E-04 4.3882E-04 4.6412E-04 4.9257E-04 5.2385E-04 6.1719E-04 8.1972E-04 8.5465E-04 8.7974E-04 8.9910E-04 9.1415E-04 9.0789E-04 8.7985E-04 1.0418E-03 1.1627E-03 1.2041E-03 1.1271E-03 1.8559E-03 1.6604E-03 1.9672E-03 2.5745E-03 2.7965E-03 3.5428E-03 3.2380E-03 2.9249E-03 1.5662E-03 1.8636E-03 2.8750E-04 2.9288E-04 5.3910E-04 7.6816E-04 5.1305E-04 3.7390E-04 4.6106E-04 4.4029E-04 3.1413E-04 2.2553E-04 1.8115E-04 2.6507E-04 2.7164E-04 2.2503E-04 1.8832E-04
2.2897E-04 2.2964E-04 2.3720E-04 2.5635E-04 2.7757E-04 3.0112E-04 3.2709E-04 3.5582E-04 3.8730E-04 4.2080E-04 4.2470E-04 3.9118E-04 3.5443E-04 3.7092E-04 3.7885E-04 3.7107E-04 4.3166E-04 4.5595E-04 4.8277E-04 4.8726E-04 5.3088E-04 5.6455E-04 6.0593E-04 6.1753E-04 7.1560E-04 7.4419E-04 7.2567E-04 8.0516E-04 6.9101E-04 8.3518E-04 1.0996E-03 1.0355E-03 1.7272E-03 1.5650E-03 1.9188E-03 2.6464E-03 3.0428E-03 3.2251E-03 3.0619E-03 1.7277E-03 1.2591E-03 1.8047E-03 8.1227E-04 2.5800E-04 3.2575E-04 5.3515E-04 5.9362E-04 3.5426E-04 4.5106E-04 3.4486E-04 3.2674E-04 3.0913E-04 1.6851E-04 3.0208E-04 2.4656E-04 2.2488E-04 2.0638E-04
2.0775E-04 2.2358E-04 2.4135E-04 2.5592E-04 2.7775E-04 2.7945E-04 2.8134E-04 2.9086E-04 3.0150E-04 3.1279E-04 3.2523E-04 3.3783E-04 3.5187E-04 3.6754E-04 3.6596E-04 3.5197E-04 3.5233E-04 3.6242E-04 4.4194E-04 4.9140E-04 5.0687E-04 5.1587E-04 5.2179E-04 5.2566E-04 5.0879E-04 5.4602E-04 5.8724E-04 6.3511E-04 7.2562E-04 7.6241E-04 1.1820E-03 1.2179E-03 1.3908E-03 1.6540E-03 2.5019E-03 2.6879E-03 2.8750E-03 2.3547E-03 2.1859E-03 1.1246E-03 1.2012E-03 1.2822E-03 9.4891E-04 1.5680E-04 2.3980E-04 4.5791E-04 4.9104E-04 5.6590E-04 4.3320E-04 4.5114E-04 4.7430E-04 3.8695E-04 3.3923E-04 3.5410E-04 2.4494E-04 2.2243E-04 2.0470E-04
