20220914_progetto_murano/data_input/run_no_deposition/rank(1)_cd_24hr_conc_cd.grd
DSAA
          81          81
     760.250     764.250
    5036.750    5040.750
  0.1746E-01  0.2721E+01
[rows 50 to 74 of 81, columns 0 to 56 of 81]
2.3944E-02 2.5208E-02 2.6133E-02 2.7236E-02 2.8573E-02 3.0126E-02 3.1892E-02 3.3855E-02 3.5936E-02 3.7986E-02 3.9839E-02 4.1320E-02 4.2030E-02 4.1966E-02 4.2494E-02 4.5565E-02 4.9723E-02 5.3075E-02 5.6146E-02 5.9659E-02 7.1989E-02 8.5362E-02 9.7537E-02 1.0615E-01 1.0992E-01 1.0838E-01 1.0132E-01 8.9609E-02 7.5090E-02 6.9430E-02 7.6768E-02 9.1888E-02 1.0185E-01 1.2312E-01 1.4648E-01 1.6505E-01 1.6989E-01 1.5984E-01 1.7673E-01 1.6910E-01 1.5783E-01 1.4220E-01 1.3698E-01 1.5109E-01 1.5877E-01 1.4444E-01 2.2138E-01 3.0383E-01 3.0183E-01 2.4722E-01 2.1546E-01 1.9485E-01 1.6864E-01 1.4173E-01 1.1780E-01 1.0565E-01 9.6997E-02
2.6424E-02 2.7682E-02 2.8588E-02 2.9345E-02 3.0418E-02 3.1693E-02 3.3165E-02 3.4809E-02 3.6546E-02 3.8225E-02 3.9675E-02 4.0723E-02 4.1202E-02 4.0411E-02 4.2658E-02 4.4593E-02 4.7702E-02 5.7455E-02 6.9008E-02 8.1960E-02 9.5135E-02 1.0632E-01 1.1254E-01 1.1131E-01 1.0342E-01 9.1166E-02 7.6423E-02 6.1472E-02 5.9775E-02 6.8642E-02 7.9279E-02 8.5872E-02 1.0241E-01 1.2486E-01 1.4445E-01 1.5048E-01 1.4010E-01 1.3654E-01 1.4220E-01 1.4107E-01 1.2970E-01 1.2346E-01 1.1795E-01 1.2298E-01 1.3759E-01 1.4924E-01 1.4886E-01 2.0728E-01 2.7036E-01 2.6293E-01 2.1785E-01 1.9197E-01 1.7244E-01 1.5048E-01 1.2874E-01 1.0933E-01 9.8465E-02
2.8176E-02 2.9341E-02 3.0219E-02 3.0535E-02 3.1234E-02 3.2118E-02 3.3172E-02 3.4364E-02 3.5615E-02 3.6786E-02 3.7713E-02 3.8236E-02 3.8240E-02 3.8872E-02 4.6083E-02 5.4550E-02 6.4405E-02 7.5568E-02 8.7232E-02 9.7983E-02 1.0569E-01 1.0829E-01 1.0407E-01 9.3123E-02 7.8594E-02 6.3756E-02 5.8235E-02 5.7422E-02 6.1893E-02 6.8654E-02 7.2273E-02 8.4115E-02 1.0264E-01 1.2115E-01 1.3361E-01 1.3212E-01 1.1322E-01 1.1561E-01 1.1538E-01 1.1865E-01 1.0808E-01 1.0838E-01 1.0568E-01 1.0053E-01 1.1516E-01 1.3772E-01 1.4557E-01 1.4539E-01 1.9380E-01 2.3631E-01 2.2801E-01 1.9127E-01 1.6361E-01 1.4784E-01 1.3075E-01 1.1549E-01 1.0149E-01
2.9000E-02 2.9982E-02 3.0672E-02 3.0670E-02 3.0917E-02 3.1347E-02 3.1916E-02 3.2590E-02 3.3289E-02 3.3894E-02 3.4259E-02 3.7564E-02 4.4380E-02 5.2162E-02 6.0644E-02 6.9704E-02 7.9063E-02 8.8009E-02 9.4985E-02 9.8630E-02 9.7235E-02 9.0412E-02 7.9018E-02 6.5378E-02 5.2497E-02 5.2491E-02 5.2368E-02 5.7068E-02 6.0567E-02 6.1674E-02 6.9103E-02 8.3643E-02 9.9240E-02 1.1244E-01 1.1725E-01 1.0874E-01 9.4320E-02 1.0047E-01 9.9520E-02 1.0157E-01 9.3837E-02 9.5858E-02 9.5131E-02 8.8256E-02 9.5891E-02 1.1711E-01 1.3706E-01 1.3844E-01 1.3267E-01 1.7553E-01 2.0583E-01 1.9942E-01 1.7049E-01 1.3814E-01 1.2662E-01 1.1469E-01 1.0461E-01
2.8798E-02 2.9519E-02 2.9947E-02 2.9742E-02 2.9497E-02 2.9469E-02 2.9557E-02 2.9719E-02 3.0286E-02 3.5626E-02 4.2046E-02 4.9428E-02 5.7523E-02 6.5808E-02 7.3541E-02 8.0295E-02 8.5673E-02 8.8791E-02 8.8451E-02 8.4027E-02 7.5685E-02 6.4894E-02 5.3473E-02 4.8847E-02 4.6636E-02 5.0979E-02 5.4125E-02 5.5013E-02 5.4032E-02 5.7651E-02 6.8722E-02 8.1036E-02 9.2807E-02 1.0015E-01 1.0041E-01 8.6455E-02 8.6888E-02 9.0096E-02 8.8284E-02 8.7071E-02 8.3881E-02 8.6229E-02 8.6616E-02 8.1931E-02 8.3199E-02 1.0305E-01 1.2065E-01 1.2897E-01 1.2381E-01 1.2544E-01 1.5779E-01 1.8278E-01 1.7958E-01 1.5673E-01 1.2806E-01 1.1400E-01 1.1176E-01
2.7600E-02 2.8013E-02 2.8147E-02 2.7805E-02 2.7132E-02 2.6701E-02 2.8729E-02 3.3467E-02 3.9143E-02 4.5769E-02 5.3243E-02 6.1271E-02 6.9198E-02 7.6001E-02 8.0324E-02 8.1937E-02 8.1226E-02 7.7745E-02 7.1369E-02 6.2792E-02 5.3229E-02 4.4220E-02 4.4235E-02 4.6490E-02 5.1278E-02 5.2969E-02 5.1616E-02 4.8941E-02 4.9914E-02 5.7698E-02 6.7167E-02 7.6793E-02 8.4286E-02 9.2471E-02 8.1793E-02 7.5003E-02 8.0193E-02 8.1620E-02 7.8977E-02 7.5596E-02 7.5757E-02 7.8346E-02 7.9761E-02 7.6863E-02 7.8082E-02 9.3551E-02 1.0783E-01 1.1662E-01 1.1595E-01 1.0476E-01 1.1539E-01 1.4445E-01 1.6810E-01 1.6914E-01 1.5088E-01 1.2449E-01 1.0887E-01
2.5548E-02 2.5646E-02 2.5493E-02 2.5019E-02 2.7695E-02 3.1843E-02 3.6690E-02 4.2304E-02 4.8706E-02 5.5745E-02 6.3070E-02 6.9977E-02 7.5492E-02 7.8464E-02 7.7755E-02 7.3534E-02 6.7654E-02 6.0350E-02 5.2211E-02 4.4117E-02 3.9452E-02 4.0788E-02 4.6772E-02 5.0532E-02 5.1369E-02 4.9566E-02 4.6043E-02 4.7111E-02 5.1954E-02 5.7192E-02 6.4765E-02 7.1380E-02 8.3061E-02 8.0993E-02 6.5548E-02 7.0709E-02 7.4344E-02 7.4296E-02 7.1317E-02 6.8594E-02 6.9220E-02 7.2092E-02 7.4283E-02 7.3044E-02 7.3231E-02 8.5145E-02 9.6354E-02 1.0306E-01 1.0916E-01 1.0197E-01 1.0057E-01 1.0580E-01 1.3648E-01 1.6326E-01 1.6815E-01 1.4998E-01 1.2289E-01
2.2868E-02 2.3370E-02 2.6856E-02 3.0784E-02 3.5211E-02 3.9941E-02 4.5218E-02 5.0975E-02 5.7081E-02 6.3094E-02 6.8419E-02 7.2057E-02 7.3166E-02 7.1142E-02 6.6004E-02 5.8608E-02 5.0997E-02 4.3669E-02 3.7017E-02 3.5268E-02 4.1482E-02 4.6456E-02 4.9150E-02 4.9174E-02 4.6895E-02 4.3328E-02 4.7033E-02 5.0727E-02 5.3075E-02 5.6358E-02 6.1820E-02 7.3912E-02 7.8078E-02 6.6668E-02 6.2714E-02 6.6937E-02 6.8864E-02 6.8099E-02 6.5147E-02 6.3053E-02 6.4108E-02 6.7283E-02 7.0398E-02 7.0612E-02 6.9365E-02 7.7321E-02 8.6306E-02 9.1290E-02 9.8481E-02 1.0005E-01 9.0194E-02 9.6833E-02 9.9057E-02 1.3457E-01 1.6284E-01 1.6473E-01 1.4359E-01
2.5616E-02 2.9404E-02 3.3681E-02 3.8357E-02 4.3237E-02 4.8072E-02 5.2798E-02 5.7567E-02 6.1856E-02 6.5111E-02 6.6667E-02 6.5941E-02 6.2662E-02 5.7143E-02 5.0269E-02 4.3268E-02 3.6983E-02 3.2661E-02 3.6481E-02 4.1915E-02 4.5821E-02 4.7541E-02 4.6858E-02 4.4294E-02 4.3857E-02 4.8931E-02 5.2358E-02 5.4129E-02 5.4117E-02 5.5353E-02 6.6423E-02 7.4477E-02 6.8768E-02 5.7151E-02 6.0781E-02 6.3528E-02 6.4406E-02 6.2886E-02 6.0333E-02 5.8879E-02 6.0418E-02 6.3985E-02 6.7687E-02 6.9046E-02 6.8871E-02 7.3414E-02 8.4886E-02 8.9864E-02 8.7122E-02 9.3944E-02 9.1765E-02 8.8581E-02 9.3392E-02 9.4613E-02 1.3133E-01 1.5394E-01 1.5217E-01
3.1597E-02 3.6040E-02 4.0864E-02 4.5833E-02 5.0546E-02 5.4487E-02 5.7443E-02 5.9789E-02 6.0927E-02 6.0494E-02 5.8208E-02 5.4116E-02 4.8656E-02 4.2625E-02 3.6823E-02 3.1993E-02 3.2118E-02 3.7708E-02 4.2345E-02 4.5772E-02 4.7163E-02 4.5156E-02 4.2407E-02 4.9748E-02 5.4767E-02 5.6175E-02 5.6774E-02 5.6455E-02 5.5205E-02 6.0211E-02 7.0556E-02 6.9948E-02 5.8398E-02 5.6799E-02 5.9281E-02 6.0664E-02 6.0589E-02 5.8708E-02 5.6355E-02 5.5540E-02 5.7556E-02 6.1351E-02 6.5488E-02 6.7511E-02 6.8688E-02 7.1698E-02 8.1060E-02 8.8697E-02 8.8447E-02 8.5941E-02 8.9806E-02 8.5208E-02 8.6677E-02 9.0405E-02 9.1214E-02 1.2347E-01 1.4060E-01
3.7809E-02 4.2498E-02 4.7257E-02 5.1700E-02 5.5281E-02 5.7253E-02 5.7305E-02 5.6454E-02 5.4327E-02 5.0913E-02 4.6436E-02 4.1356E-02 3.6296E-02 3.1744E-02 2.9819E-02 3.3846E-02 3.9386E-02 4.3120E-02 4.5657E-02 4.6702E-02 4.4462E-02 4.6951E-02 5.5369E-02 6.1272E-02 6.3142E-02 6.0580E-02 5.9191E-02 5.7332E-02 5.5440E-02 6.6169E-02 6.9981E-02 6.2711E-02 5.4934E-02 5.6455E-02 5.7767E-02 5.7920E-02 5.7292E-02 5.5180E-02 5.3173E-02 5.2830E-02 5.5016E-02 5.9130E-02 6.3608E-02 6.6438E-02 6.7923E-02 7.1792E-02 7.5428E-02 8.4917E-02 8.7776E-02 8.2920E-02 8.5402E-02 8.5816E-02 7.9609E-02 8.4200E-02 8.5956E-02 8.7352E-02 1.1365E-01
4.3244E-02 4.7438E-02 5.1198E-02 5.4008E-02 5.5351E-02 5.4714E-02 5.2030E-02 4.8505E-02 4.4387E-02 3.9880E-02 3.5357E-02 3.1186E-02 2.7598E-02 2.9077E-02 3.4967E-02 4.0284E-02 4.4094E-02 4.5517E-02 4.5241E-02 4.2868E-02 5.0400E-02 5.9947E-02 6.6968E-02 6.9661E-02 6.7408E-02 6.1821E-02 5.9384E-02 5.6794E-02 6.0336E-02 6.7223E-02 6.4783E-02 5.4607E-02 5.5284E-02 5.5998E-02 5.6216E-02 5.5757E-02 5.4361E-02 5.2232E-02 5.0634E-02 5.0670E-02 5.3026E-02 5.7163E-02 6.1793E-02 6.5280E-02 6.7429E-02 6.8973E-02 7.3909E-02 7.9678E-02 8.4730E-02 8.2631E-02 7.9745E-02 8.1589E-02 7.7677E-02 7.7150E-02 8.0054E-02 8.0491E-02 8.2305E-02
4.6570E-02 4.9354E-02 5.1136E-02 5.1508E-02 5.0233E-02 4.7317E-02 4.3067E-02 3.8628E-02 3.4358E-02 3.0456E-02 2.7063E-02 2.5365E-02 2.9893E-02 3.5381E-02 4.0221E-02 4.3636E-02 4.5133E-02 4.4606E-02 4.2172E-02 5.2313E-02 6.2919E-02 7.1098E-02 7.4933E-02 7.3521E-02 6.7471E-02 6.1244E-02 5.7924E-02 5.5208E-02 6.2962E-02 6.4285E-02 5.7466E-02 5.4407E-02 5.4945E-02 5.5182E-02 5.4433E-02 5.3521E-02 5.1768E-02 4.9720E-02 4.8383E-02 4.8725E-02 5.1172E-02 5.5257E-02 5.9745E-02 6.3784E-02 6.6578E-02 6.8316E-02 7.3246E-02 7.2558E-02 7.8875E-02 7.8854E-02 7.6594E-02 7.5679E-02 7.4611E-02 6.9979E-02 7.3564E-02 7.5001E-02 7.4581E-02
4.6626E-02 4.7261E-02 4.6683E-02 4.4767E-02 4.1641E-02 3.7679E-02 3.3490E-02 2.9739E-02 2.6493E-02 2.3829E-02 2.5310E-02 3.0351E-02 3.5261E-02 3.9461E-02 4.2366E-02 4.3614E-02 4.3198E-02 4.1196E-02 5.2668E-02 6.4047E-02 7.3217E-02 7.8358E-02 7.8188E-02 7.2929E-02 6.4237E-02 5.8692E-02 5.5279E-02 5.7892E-02 6.2007E-02 5.8693E-02 5.3187E-02 5.3761E-02 5.4212E-02 5.4986E-02 5.4105E-02 5.1800E-02 4.9321E-02 4.7362E-02 4.6223E-02 4.6824E-02 4.9276E-02 5.3030E-02 5.7684E-02 6.1916E-02 6.4982E-02 6.6744E-02 6.8291E-02 6.8202E-02 7.1152E-02 7.3002E-02 7.2686E-02 7.2905E-02 7.0338E-02 6.6355E-02 6.6881E-02 6.9200E-02 6.9918E-02
4.3095E-02 4.1659E-02 3.9268E-02 3.6106E-02 3.2533E-02 2.8998E-02 2.5898E-02 2.3477E-02 2.2710E-02 2.6039E-02 3.0626E-02 3.4875E-02 3.8351E-02 4.0668E-02 4.1619E-02 4.1206E-02 3.9519E-02 5.1185E-02 6.3337E-02 7.3800E-02 7.9760E-02 8.0792E-02 7.6816E-02 6.8918E-02 5.9187E-02 5.4994E-02 5.2378E-02 5.8468E-02 5.8202E-02 5.5949E-02 5.3562E-02 5.2712E-02 5.4721E-02 5.5221E-02 5.4159E-02 5.1740E-02 4.8268E-02 4.5123E-02 4.4122E-02 4.4814E-02 4.6967E-02 5.0883E-02 5.5537E-02 5.9554E-02 6.2460E-02 6.4232E-02 6.5025E-02 6.5337E-02 6.6190E-02 6.7529E-02 6.8834E-02 6.9242E-02 6.7784E-02 6.3971E-02 6.0536E-02 6.3391E-02 6.4993E-02
3.6971E-02 3.4276E-02 3.1207E-02 2.8085E-02 2.5229E-02 2.2858E-02 2.2242E-02 2.2547E-02 2.6829E-02 3.0918E-02 3.4494E-02 3.7243E-02 3.8950E-02 3.9527E-02 3.9015E-02 3.7486E-02 4.8217E-02 6.0098E-02 7.1136E-02 7.9052E-02 8.1971E-02 7.8886E-02 7.2052E-02 6.3022E-02 5.6119E-02 5.4030E-02 5.6757E-02 5.9775E-02 6.0898E-02 5.9953E-02 5.7081E-02 5.3027E-02 5.4284E-02 5.4535E-02 5.3397E-02 5.0924E-02 4.7446E-02 4.3284E-02 4.2193E-02 4.2882E-02 4.5041E-02 4.8725E-02 5.2914E-02 5.6702E-02 5.9558E-02 6.1368E-02 6.2567E-02 6.2937E-02 6.3264E-02 6.3945E-02 6.4773E-02 6.5178E-02 6.2938E-02 6.0634E-02 5.6428E-02 5.7994E-02 6.0124E-02
2.9957E-02 2.7087E-02 2.4402E-02 2.2116E-02 2.0914E-02 2.1008E-02 2.3321E-02 2.7645E-02 3.1519E-02 3.4353E-02 3.6368E-02 3.7481E-02 3.7653E-02 3.6946E-02 3.5486E-02 4.4553E-02 5.5464E-02 6.6103E-02 7.4560E-02 7.9100E-02 7.8657E-02 7.3642E-02 6.5432E-02 5.8235E-02 5.6997E-02 5.5427E-02 5.9868E-02 6.2681E-02 6.3587E-02 6.2397E-02 5.9255E-02 5.4569E-02 5.3994E-02 5.3262E-02 5.1941E-02 4.9519E-02 4.6121E-02 4.2040E-02 4.2469E-02 4.2804E-02 4.4833E-02 4.6432E-02 5.0239E-02 5.3951E-02 5.6949E-02 5.8958E-02 6.0059E-02 6.0295E-02 6.0292E-02 6.0409E-02 5.9405E-02 5.9846E-02 5.9682E-02 5.8356E-02 5.5508E-02 5.3040E-02 5.5509E-02
2.3653E-02 2.1384E-02 1.9549E-02 1.9747E-02 1.9731E-02 2.3767E-02 2.7867E-02 3.1562E-02 3.4415E-02 3.6021E-02 3.6416E-02 3.6140E-02 3.5263E-02 3.3752E-02 4.0843E-02 5.0554E-02 6.0224E-02 6.8461E-02 7.3693E-02 7.4887E-02 7.1993E-02 6.5922E-02 5.9257E-02 5.9654E-02 5.7591E-02 5.7773E-02 6.1593E-02 6.4064E-02 6.4711E-02 6.3308E-02 5.9992E-02 5.5158E-02 5.3285E-02 5.1725E-02 5.0275E-02 4.7772E-02 4.4411E-02 4.1218E-02 4.3149E-02 4.5653E-02 4.8484E-02 4.6770E-02 4.8112E-02 5.1591E-02 5.4394E-02 5.6376E-02 5.7405E-02 5.7914E-02 5.7317E-02 5.6097E-02 5.6213E-02 5.6491E-02 5.6510E-02 5.5828E-02 5.4054E-02 5.0973E-02 5.1307E-02
1.8911E-02 1.8704E-02 1.8704E-02 2.0068E-02 2.3864E-02 2.7621E-02 3.0984E-02 3.3501E-02 3.5174E-02 3.5854E-02 3.5368E-02 3.4051E-02 3.2451E-02 3.7429E-02 4.5951E-02 5.4486E-02 6.1981E-02 6.7259E-02 6.9383E-02 6.8064E-02 6.3832E-02 5.7819E-02 5.9564E-02 5.9486E-02 5.7194E-02 5.8388E-02 6.2193E-02 6.4101E-02 6.4385E-02 6.2782E-02 5.9354E-02 5.4479E-02 5.2215E-02 5.0519E-02 4.8491E-02 4.6024E-02 4.2722E-02 4.1791E-02 4.3764E-02 4.8070E-02 5.1485E-02 5.0026E-02 4.6195E-02 5.0643E-02 5.2100E-02 5.3786E-02 5.4613E-02 5.4808E-02 5.4263E-02 5.3543E-02 5.3389E-02 5.3443E-02 5.3530E-02 5.3282E-02 5.2243E-02 5.0189E-02 4.7566E-02
1.8013E-02 1.7843E-02 2.0309E-02 2.3747E-02 2.7073E-02 3.0017E-02 3.2247E-02 3.3765E-02 3.4438E-02 3.4324E-02 3.3494E-02 3.1756E-02 3.4482E-02 4.1952E-02 4.9409E-02 5.6034E-02 6.0939E-02 6.3388E-02 6.3085E-02 6.0284E-02 5.5745E-02 5.7282E-02 5.8576E-02 5.7841E-02 5.5070E-02 5.7712E-02 6.1359E-02 6.3220E-02 6.3100E-02 6.1110E-02 5.7629E-02 5.2846E-02 5.0930E-02 4.9134E-02 4.6994E-02 4.4471E-02 4.1230E-02 4.2326E-02 4.4446E-02 5.1320E-02 5.3823E-02 5.2583E-02 4.8528E-02 5.4909E-02 5.7385E-02 5.1792E-02 5.3268E-02 5.2084E-02 5.2775E-02 5.2996E-02 5.1383E-02 5.0802E-02 5.0818E-02 5.0718E-02 5.0303E-02 4.9032E-02 4.6552E-02
1.7456E-02 2.0513E-02 2.3561E-02 2.6427E-02 2.8914E-02 3.0836E-02 3.2086E-02 3.2711E-02 3.2705E-02 3.2062E-02 3.0830E-02 3.1924E-02 3.8558E-02 4.5188E-02 5.0973E-02 5.5348E-02 5.7760E-02 5.7964E-02 5.6106E-02 5.3026E-02 5.4198E-02 5.5930E-02 5.6456E-02 5.5109E-02 5.1983E-02 5.5919E-02 5.9311E-02 6.1105E-02 6.1064E-02 5.8924E-02 5.5260E-02 5.0518E-02 4.9502E-02 4.7596E-02 4.5716E-02 4.3175E-02 4.0855E-02 4.2676E-02 4.5013E-02 5.2226E-02 5.5193E-02 5.4153E-02 5.0082E-02 5.8244E-02 6.1901E-02 5.6555E-02 5.5074E-02 5.2834E-02 5.2414E-02 5.2938E-02 5.1691E-02 4.8802E-02 4.8149E-02 4.8036E-02 4.7764E-02 4.6931E-02 4.5214E-02
2.0788E-02 2.3434E-02 2.5790E-02 2.7833E-02 2.9406E-02 3.0405E-02 3.0900E-02 3.0883E-02 3.0379E-02 2.9341E-02 2.9633E-02 3.5635E-02 4.1534E-02 4.6711E-02 5.0718E-02 5.2907E-02 5.3298E-02 5.2004E-02 5.0505E-02 5.2038E-02 5.2730E-02 5.3713E-02 5.3468E-02 5.1621E-02 5.0268E-02 5.3326E-02 5.6268E-02 5.7765E-02 5.7646E-02 5.5747E-02 5.2240E-02 4.9450E-02 4.8034E-02 4.6527E-02 4.4710E-02 4.2131E-02 4.0518E-02 4.2767E-02 4.5021E-02 5.2362E-02 5.6708E-02 5.4761E-02 5.0568E-02 6.0466E-02 6.5316E-02 6.0716E-02 5.5267E-02 5.4456E-02 5.2130E-02 5.2637E-02 5.1739E-02 4.9570E-02 4.5666E-02 4.5242E-02 4.5073E-02 4.4582E-02 4.3408E-02
2.3484E-02 2.5402E-02 2.6981E-02 2.8167E-02 2.8905E-02 2.9240E-02 2.9150E-02 2.8647E-02 2.7722E-02 2.7526E-02 3.2926E-02 3.8307E-02 4.3107E-02 4.6729E-02 4.8810E-02 4.9337E-02 4.8334E-02 4.7979E-02 4.9808E-02 5.0889E-02 5.1218E-02 5.0855E-02 4.9954E-02 4.8677E-02 4.9592E-02 5.0279E-02 5.2714E-02 5.3845E-02 5.3539E-02 5.1674E-02 4.9597E-02 4.8143E-02 4.6993E-02 4.6000E-02 4.4138E-02 4.2550E-02 4.4076E-02 4.4843E-02 4.4492E-02 5.1722E-02 5.6001E-02 5.4326E-02 5.0094E-02 6.1340E-02 6.7388E-02 6.3764E-02 5.4534E-02 5.4537E-02 5.1420E-02 5.2087E-02 5.1354E-02 4.9461E-02 4.6196E-02 4.2641E-02 4.2429E-02 4.2115E-02 4.1397E-02
2.5176E-02 2.6469E-02 2.7248E-02 2.7693E-02 2.7847E-02 2.7655E-02 2.7106E-02 2.6192E-02 2.5617E-02 3.0428E-02 3.5269E-02 3.9668E-02 4.3156E-02 4.5331E-02 4.6013E-02 4.5233E-02 4.5694E-02 4.7692E-02 4.9045E-02 4.9715E-02 4.9721E-02 4.9112E-02 4.8010E-02 4.8080E-02 4.8163E-02 4.7026E-02 4.8924E-02 4.9671E-02 4.9175E-02 5.0215E-02 5.0193E-02 4.7859E-02 4.6132E-02 4.5106E-02 4.3296E-02 4.5069E-02 4.7028E-02 4.7925E-02 4.7023E-02 5.0783E-02 5.5008E-02 5.4277E-02 4.8963E-02 6.1288E-02 6.8458E-02 6.5847E-02 5.5356E-02 5.3776E-02 5.0117E-02 5.0891E-02 5.0291E-02 4.8688E-02 4.5979E-02 4.1890E-02 4.0121E-02 3.9908E-02 3.9483E-02
2.5795E-02 2.6631E-02 2.6929E-02 2.6797E-02 2.6477E-02 2.5848E-02 2.4892E-02 2.3952E-02 2.8223E-02 3.2520E-02 3.6479E-02 3.9720E-02 4.1898E-02 4.2826E-02 4.2536E-02 4.3838E-02 4.5996E-02 4.7391E-02 4.8306E-02 4.8607E-02 4.8327E-02 4.7553E-02 4.6418E-02 4.6878E-02 4.6090E-02 4.3936E-02 4.5190E-02 4.6910E-02 4.9540E-02 5.0877E-02 5.0255E-02 4.7512E-02 4.5170E-02 4.4108E-02 4.4740E-02 4.7105E-02 4.9188E-02 5.0143E-02 4.9155E-02 4.8853E-02 5.2721E-02 5.1976E-02 4.6867E-02 5.9390E-02 6.7175E-02 6.5781E-02 5.6426E-02 5.1119E-02 4.8563E-02 4.9229E-02 4.8785E-02 4.7437E-02 4.5195E-02 4.1821E-02 3.8168E-02 3.8817E-02 3.8480E-02
