20220914_progetto_murano/data_input/run_no_deposition/rank(1)_cd_24hr_conc_cd.grd
DSAA
          81          81
     760.250     764.250
    5036.750    5040.750
  0.1746E-01  0.2721E+01
[rows 0 to 24 of 81, columns 0 to 56 of 81]
4.0162E-02 4.4519E-02 4.8359E-02 5.1149E-02 5.2522E-02 5.2286E-02 5.0589E-02 4.7424E-02 4.3364E-02 4.0355E-02 4.0914E-02 4.0935E-02 4.2172E-02 4.5178E-02 4.8616E-02 5.2119E-02 5.4994E-02 5.6671E-02 5.6768E-02 5.7429E-02 5.8538E-02 5.9490E-02 6.2777E-02 6.5424E-02 6.8717E-02 7.1186E-02 7.5194E-02 8.2359E-02 9.0439E-02 9.8997E-02 1.0727E-01 1.1428E-01 1.1964E-01 1.2342E-01 1.2651E-01 1.2874E-01 1.2796E-01 1.2214E-01 1.1266E-01 1.0327E-01 9.6187E-02 9.0949E-02 8.8124E-02 9.1213E-02 9.3327E-02 9.4473E-02 9.4744E-02 9.4284E-02 9.3284E-02 9.1944E-02 9.0433E-02 8.8908E-02 8.7417E-02 8.5952E-02 8.4537E-02 8.3182E-02 8.1731E-02
3.6938E-02 4.1532E-02 4.5992E-02 4.9841E-02 5.2592E-02 5.3868E-02 5.3324E-02 5.1251E-02 4.7772E-02 4.3365E-02 4.1460E-02 4.1935E-02 4.1897E-02 4.4115E-02 4.7335E-02 5.0833E-02 5.4163E-02 5.6770E-02 5.8054E-02 5.8206E-02 5.9984E-02 6.0741E-02 6.3510E-02 6.6702E-02 6.9342E-02 7.3574E-02 7.6800E-02 8.4130E-02 9.2548E-02 1.0165E-01 1.1061E-01 1.1830E-01 1.2423E-01 1.2832E-01 1.3155E-01 1.3418E-01 1.3403E-01 1.2840E-01 1.1822E-01 1.0786E-01 1.0007E-01 9.4421E-02 9.2518E-02 9.5675E-02 9.7737E-02 9.8712E-02 9.8741E-02 9.8020E-02 9.6735E-02 9.5106E-02 9.3338E-02 9.1571E-02 8.9869E-02 8.8267E-02 8.6657E-02 8.5161E-02 8.3605E-02
3.3547E-02 3.8080E-02 4.2859E-02 4.7514E-02 5.1446E-02 5.4181E-02 5.5242E-02 5.4487E-02 5.1909E-02 4.8003E-02 4.3217E-02 4.2580E-02 4.3189E-02 4.3102E-02 4.6101E-02 4.9518E-02 5.3203E-02 5.6580E-02 5.9030E-02 5.9905E-02 6.1469E-02 6.2626E-02 6.4136E-02 6.8058E-02 7.1148E-02 7.5303E-02 7.8556E-02 8.5960E-02 9.4602E-02 1.0413E-01 1.1379E-01 1.2236E-01 1.2908E-01 1.3360E-01 1.3699E-01 1.3997E-01 1.4046E-01 1.3509E-01 1.2423E-01 1.1280E-01 1.0418E-01 9.8053E-02 9.7102E-02 1.0031E-01 1.0234E-01 1.0317E-01 1.0297E-01 1.0195E-01 1.0035E-01 9.8452E-02 9.6414E-02 9.4400E-02 9.2477E-02 9.0668E-02 8.8940E-02 8.7139E-02 8.5465E-02
3.0371E-02 3.4522E-02 3.9277E-02 4.4289E-02 4.9180E-02 5.3259E-02 5.5923E-02 5.6723E-02 5.5568E-02 5.2589E-02 4.8125E-02 4.3081E-02 4.3827E-02 4.4509E-02 4.5063E-02 4.8344E-02 5.2148E-02 5.6094E-02 5.9510E-02 6.1673E-02 6.2697E-02 6.4671E-02 6.5322E-02 6.9315E-02 7.2979E-02 7.6479E-02 8.1992E-02 8.7772E-02 9.6605E-02 1.0657E-01 1.1698E-01 1.2651E-01 1.3404E-01 1.3917E-01 1.4271E-01 1.4591E-01 1.4707E-01 1.4212E-01 1.3068E-01 1.1813E-01 1.0863E-01 1.0194E-01 1.0194E-01 1.0518E-01 1.0714E-01 1.0785E-01 1.0744E-01 1.0616E-01 1.0426E-01 1.0205E-01 9.9714E-02 9.7413E-02 9.5249E-02 9.3190E-02 9.1215E-02 8.9257E-02 8.7266E-02
2.8389E-02 3.1201E-02 3.5587E-02 4.0618E-02 4.5944E-02 5.1005E-02 5.5114E-02 5.7669E-02 5.8257E-02 5.6597E-02 5.2945E-02 4.7955E-02 4.4220E-02 4.5404E-02 4.5997E-02 4.7307E-02 5.1007E-02 5.5236E-02 5.9490E-02 6.2897E-02 6.4617E-02 6.6623E-02 6.7828E-02 7.0394E-02 7.4776E-02 7.8183E-02 8.4626E-02 8.9624E-02 9.8613E-02 1.0897E-01 1.2001E-01 1.3054E-01 1.3884E-01 1.4465E-01 1.4845E-01 1.5198E-01 1.5389E-01 1.4953E-01 1.3765E-01 1.2398E-01 1.1348E-01 1.0619E-01 1.0698E-01 1.1030E-01 1.1220E-01 1.1274E-01 1.1207E-01 1.1048E-01 1.0828E-01 1.0573E-01 1.0312E-01 1.0056E-01 9.8139E-02 9.5811E-02 9.3556E-02 9.1331E-02 8.9040E-02
2.8995E-02 2.9393E-02 3.2161E-02 3.6788E-02 4.2098E-02 4.7679E-02 5.2950E-02 5.7137E-02 5.9462E-02 5.9519E-02 5.7351E-02 5.3129E-02 4.7624E-02 4.5586E-02 4.7116E-02 4.7633E-02 4.9875E-02 5.4149E-02 5.8936E-02 6.3524E-02 6.6767E-02 6.8082E-02 7.0362E-02 7.1075E-02 7.6502E-02 8.0499E-02 8.6240E-02 9.1963E-02 1.0063E-01 1.1123E-01 1.2277E-01 1.3407E-01 1.4344E-01 1.5015E-01 1.5447E-01 1.5831E-01 1.6082E-01 1.5711E-01 1.4497E-01 1.3026E-01 1.1877E-01 1.1049E-01 1.1218E-01 1.1557E-01 1.1741E-01 1.1771E-01 1.1677E-01 1.1484E-01 1.1229E-01 1.0942E-01 1.0649E-01 1.0363E-01 1.0090E-01 9.8318E-02 9.5815E-02 9.3284E-02 9.0666E-02
2.9219E-02 3.0103E-02 3.0545E-02 3.3193E-02 3.8107E-02 4.3765E-02 4.9543E-02 5.4877E-02 5.8980E-02 6.1089E-02 6.0726E-02 5.7977E-02 5.3149E-02 4.7152E-02 4.7557E-02 4.9048E-02 4.9498E-02 5.2964E-02 5.8028E-02 6.3480E-02 6.8233E-02 7.0976E-02 7.2490E-02 7.3955E-02 7.7674E-02 8.2638E-02 8.7162E-02 9.4927E-02 1.0249E-01 1.1318E-01 1.2515E-01 1.3737E-01 1.4794E-01 1.5585E-01 1.6093E-01 1.6494E-01 1.6764E-01 1.6439E-01 1.5240E-01 1.3702E-01 1.2451E-01 1.1546E-01 1.1755E-01 1.2099E-01 1.2270E-01 1.2278E-01 1.2149E-01 1.1918E-01 1.1621E-01 1.1296E-01 1.0967E-01 1.0649E-01 1.0350E-01 1.0069E-01 9.8015E-02 9.5261E-02 9.2309E-02
2.9002E-02 3.0334E-02 3.1335E-02 3.1781E-02 3.4380E-02 3.9484E-02 4.5257E-02 5.1287E-02 5.6783E-02 6.0872E-02 6.2779E-02 6.1897E-02 5.8507E-02 5.3111E-02 4.7610E-02 4.9730E-02 5.1211E-02 5.1806E-02 5.6920E-02 6.2931E-02 6.8929E-02 7.3409E-02 7.5379E-02 7.6810E-02 7.8488E-02 8.4346E-02 8.8114E-02 9.6598E-02 1.0420E-01 1.1502E-01 1.2744E-01 1.4057E-01 1.5257E-01 1.6191E-01 1.6798E-01 1.7231E-01 1.7530E-01 1.7254E-01 1.6062E-01 1.4424E-01 1.3049E-01 1.2069E-01 1.2321E-01 1.2658E-01 1.2815E-01 1.2796E-01 1.2629E-01 1.2356E-01 1.2019E-01 1.1656E-01 1.1292E-01 1.0942E-01 1.0613E-01 1.0295E-01 9.9948E-02 9.6879E-02 9.3596E-02
2.8442E-02 3.0096E-02 3.1520E-02 3.2527E-02 3.2938E-02 3.5404E-02 4.0750E-02 4.6844E-02 5.3112E-02 5.8842E-02 6.2865E-02 6.4416E-02 6.3059E-02 5.8962E-02 5.2894E-02 4.9504E-02 5.2144E-02 5.3691E-02 5.5875E-02 6.2028E-02 6.8842E-02 7.4944E-02 7.8775E-02 7.9544E-02 8.0542E-02 8.5102E-02 9.0079E-02 9.7792E-02 1.0585E-01 1.1684E-01 1.2976E-01 1.4371E-01 1.5709E-01 1.6791E-01 1.7516E-01 1.8007E-01 1.8345E-01 1.8144E-01 1.6959E-01 1.5203E-01 1.3685E-01 1.2620E-01 1.2917E-01 1.3261E-01 1.3400E-01 1.3348E-01 1.3135E-01 1.2817E-01 1.2436E-01 1.2027E-01 1.1620E-01 1.1230E-01 1.0862E-01 1.0507E-01 1.0171E-01 9.8223E-02 9.4434E-02
2.7560E-02 2.9432E-02 3.1155E-02 3.2621E-02 3.3580E-02 3.3795E-02 3.6465E-02 4.2111E-02 4.8537E-02 5.5188E-02 6.1045E-02 6.5037E-02 6.6183E-02 6.4195E-02 5.9296E-02 5.2648E-02 5.2163E-02 5.4925E-02 5.6604E-02 6.1155E-02 6.8331E-02 7.5571E-02 8.1448E-02 8.4729E-02 8.4506E-02 8.6110E-02 9.2122E-02 9.8369E-02 1.0738E-01 1.1832E-01 1.3147E-01 1.4635E-01 1.6130E-01 1.7385E-01 1.8263E-01 1.8817E-01 1.9212E-01 1.9108E-01 1.7931E-01 1.6039E-01 1.4367E-01 1.3202E-01 1.3553E-01 1.3909E-01 1.4034E-01 1.3946E-01 1.3685E-01 1.3306E-01 1.2862E-01 1.2394E-01 1.1939E-01 1.1504E-01 1.1095E-01 1.0710E-01 1.0329E-01 9.9445E-02 9.5257E-02
2.6388E-02 2.8388E-02 3.0342E-02 3.2078E-02 3.3437E-02 3.4411E-02 3.4822E-02 3.7625E-02 4.3643E-02 5.0469E-02 5.7440E-02 6.3544E-02 6.7410E-02 6.7974E-02 6.5159E-02 5.9521E-02 5.2488E-02 5.5295E-02 5.8288E-02 6.0618E-02 6.7823E-02 7.5953E-02 8.3949E-02 8.9938E-02 9.2407E-02 9.0611E-02 9.3885E-02 9.9641E-02 1.0841E-01 1.1935E-01 1.3282E-01 1.4856E-01 1.6525E-01 1.7982E-01 1.9047E-01 1.9694E-01 2.0146E-01 2.0148E-01 1.9003E-01 1.6957E-01 1.5102E-01 1.3838E-01 1.4269E-01 1.4620E-01 1.4716E-01 1.4576E-01 1.4259E-01 1.3815E-01 1.3304E-01 1.2776E-01 1.2259E-01 1.1777E-01 1.1329E-01 1.0899E-01 1.0475E-01 1.0048E-01 9.5885E-02
2.5048E-02 2.7079E-02 2.9117E-02 3.1030E-02 3.2812E-02 3.4400E-02 3.5496E-02 3.6041E-02 3.8931E-02 4.5288E-02 5.2645E-02 6.0003E-02 6.6133E-02 6.9562E-02 6.9465E-02 6.5949E-02 5.9786E-02 5.4290E-02 5.8966E-02 6.2158E-02 6.7734E-02 7.6350E-02 8.5914E-02 9.4578E-02 1.0010E-01 1.0111E-01 9.6912E-02 1.0229E-01 1.0922E-01 1.2023E-01 1.3408E-01 1.5072E-01 1.6889E-01 1.8589E-01 1.9850E-01 2.0601E-01 2.1105E-01 2.1228E-01 2.0135E-01 1.7934E-01 1.5884E-01 1.4514E-01 1.5043E-01 1.5388E-01 1.5451E-01 1.5259E-01 1.4872E-01 1.4359E-01 1.3774E-01 1.3184E-01 1.2611E-01 1.2068E-01 1.1560E-01 1.1077E-01 1.0607E-01 1.0131E-01 9.6298E-02
2.4808E-02 2.5587E-02 2.7616E-02 2.9685E-02 3.1794E-02 3.3755E-02 3.5526E-02 3.6884E-02 3.7607E-02 4.0464E-02 4.7319E-02 5.5110E-02 6.2732E-02 6.8830E-02 7.1891E-02 7.1207E-02 6.7115E-02 6.0568E-02 5.8620E-02 6.3503E-02 6.8142E-02 7.6935E-02 8.7329E-02 9.8425E-02 1.0747E-01 1.1191E-01 1.1013E-01 1.0473E-01 1.1102E-01 1.2113E-01 1.3508E-01 1.5238E-01 1.7202E-01 1.9119E-01 2.0604E-01 2.1499E-01 2.2074E-01 2.2338E-01 2.1345E-01 1.9010E-01 1.6749E-01 1.5250E-01 1.5882E-01 1.6223E-01 1.6248E-01 1.5994E-01 1.5521E-01 1.4920E-01 1.4263E-01 1.3606E-01 1.2975E-01 1.2374E-01 1.1820E-01 1.1268E-01 1.0741E-01 1.0201E-01 9.6657E-02
2.5558E-02 2.5722E-02 2.5991E-02 2.8138E-02 3.0385E-02 3.2686E-02 3.4915E-02 3.6951E-02 3.8547E-02 3.9448E-02 4.2227E-02 4.9700E-02 5.7957E-02 6.5834E-02 7.1904E-02 7.4639E-02 7.3553E-02 6.9095E-02 6.2447E-02 6.3840E-02 6.9407E-02 7.7903E-02 8.8717E-02 1.0155E-01 1.1406E-01 1.2237E-01 1.2386E-01 1.1772E-01 1.1458E-01 1.2148E-01 1.3545E-01 1.5314E-01 1.7403E-01 1.9561E-01 2.1283E-01 2.2383E-01 2.3045E-01 2.3430E-01 2.2588E-01 2.0146E-01 1.7665E-01 1.6090E-01 1.6769E-01 1.7101E-01 1.7084E-01 1.6761E-01 1.6208E-01 1.5519E-01 1.4773E-01 1.4031E-01 1.3330E-01 1.2680E-01 1.2060E-01 1.1463E-01 1.0877E-01 1.0273E-01 9.6836E-02
2.6272E-02 2.6518E-02 2.6726E-02 2.6889E-02 2.8773E-02 3.1233E-02 3.3798E-02 3.6308E-02 3.8611E-02 4.0462E-02 4.1510E-02 4.4406E-02 5.2474E-02 6.1205E-02 6.9393E-02 7.5476E-02 7.8252E-02 7.7149E-02 7.2484E-02 6.5605E-02 7.0695E-02 7.9221E-02 9.0029E-02 1.0346E-01 1.1874E-01 1.3140E-01 1.3719E-01 1.3381E-01 1.2238E-01 1.2416E-01 1.3548E-01 1.5350E-01 1.7536E-01 1.9902E-01 2.1889E-01 2.3196E-01 2.3954E-01 2.4501E-01 2.3834E-01 2.1341E-01 1.8661E-01 1.7017E-01 1.7729E-01 1.8051E-01 1.7985E-01 1.7585E-01 1.6939E-01 1.6150E-01 1.5310E-01 1.4483E-01 1.3702E-01 1.2985E-01 1.2303E-01 1.1636E-01 1.0993E-01 1.0335E-01 9.6982E-02
2.6953E-02 2.7254E-02 2.7550E-02 2.7801E-02 2.8013E-02 2.9559E-02 3.2251E-02 3.5052E-02 3.7878E-02 4.0474E-02 4.2555E-02 4.3746E-02 4.6923E-02 5.5507E-02 6.4675E-02 7.3295E-02 8.0107E-02 8.3388E-02 8.2436E-02 7.7228E-02 7.0488E-02 7.9832E-02 9.1040E-02 1.0493E-01 1.2191E-01 1.3850E-01 1.4916E-01 1.4981E-01 1.3998E-01 1.2752E-01 1.3540E-01 1.5351E-01 1.7607E-01 2.0131E-01 2.2359E-01 2.3923E-01 2.4861E-01 2.5547E-01 2.5062E-01 2.2617E-01 1.9771E-01 1.8026E-01 1.8775E-01 1.9079E-01 1.8943E-01 1.8446E-01 1.7694E-01 1.6801E-01 1.5865E-01 1.4947E-01 1.4080E-01 1.3289E-01 1.2531E-01 1.1787E-01 1.1062E-01 1.0345E-01 9.6748E-02
2.7658E-02 2.8043E-02 2.8404E-02 2.8727E-02 2.9009E-02 2.9231E-02 3.0481E-02 3.3414E-02 3.6494E-02 3.9597E-02 4.2473E-02 4.4770E-02 4.5932E-02 4.9620E-02 5.8653E-02 6.8538E-02 7.8272E-02 8.6207E-02 9.0352E-02 8.9079E-02 8.2619E-02 8.0017E-02 9.1196E-02 1.0541E-01 1.2318E-01 1.4255E-01 1.5820E-01 1.6407E-01 1.5758E-01 1.4069E-01 1.3777E-01 1.5333E-01 1.7626E-01 2.0284E-01 2.2799E-01 2.4704E-01 2.5894E-01 2.6705E-01 2.6399E-01 2.3999E-01 2.0938E-01 1.9112E-01 1.9900E-01 2.0185E-01 1.9986E-01 1.9382E-01 1.8500E-01 1.7476E-01 1.6424E-01 1.5406E-01 1.4473E-01 1.3592E-01 1.2759E-01 1.1935E-01 1.1146E-01 1.0380E-01 1.0156E-01
2.8436E-02 2.8892E-02 2.9339E-02 2.9737E-02 3.0101E-02 3.0434E-02 3.0662E-02 3.1561E-02 3.4731E-02 3.8077E-02 4.1447E-02 4.4495E-02 4.7019E-02 4.8689E-02 5.2172E-02 6.1629E-02 7.2498E-02 8.4272E-02 9.4085E-02 9.8574E-02 9.5976E-02 8.7622E-02 9.1361E-02 1.0456E-01 1.2243E-01 1.4324E-01 1.6297E-01 1.7412E-01 1.7261E-01 1.5809E-01 1.3976E-01 1.5290E-01 1.7617E-01 2.0396E-01 2.3239E-01 2.5509E-01 2.6971E-01 2.7951E-01 2.7866E-01 2.5495E-01 2.2187E-01 2.0299E-01 2.1136E-01 2.1410E-01 2.1134E-01 2.0404E-01 1.9381E-01 1.8220E-01 1.7038E-01 1.5916E-01 1.4868E-01 1.3895E-01 1.2959E-01 1.2074E-01 1.1214E-01 1.0386E-01 1.0829E-01
2.9283E-02 2.9832E-02 3.0360E-02 3.0853E-02 3.1296E-02 3.1725E-02 3.2053E-02 3.2349E-02 3.2806E-02 3.6209E-02 3.9757E-02 4.3402E-02 4.7005E-02 5.0083E-02 5.2269E-02 5.4297E-02 6.4650E-02 7.7697E-02 9.1828E-02 1.0289E-01 1.0651E-01 1.0174E-01 9.2168E-02 1.0467E-01 1.1951E-01 1.3996E-01 1.6165E-01 1.7895E-01 1.8490E-01 1.7633E-01 1.5600E-01 1.5240E-01 1.7588E-01 2.0509E-01 2.3693E-01 2.6384E-01 2.8168E-01 2.9329E-01 2.9496E-01 2.7172E-01 2.3588E-01 2.1701E-01 2.2575E-01 2.2804E-01 2.2421E-01 2.1558E-01 2.0384E-01 1.9058E-01 1.7715E-01 1.6462E-01 1.5301E-01 1.4214E-01 1.3173E-01 1.2201E-01 1.1274E-01 1.1214E-01 1.1168E-01
3.0225E-02 3.0876E-02 3.1501E-02 3.2097E-02 3.2678E-02 3.3166E-02 3.3587E-02 3.3995E-02 3.4312E-02 3.4606E-02 3.7813E-02 4.1790E-02 4.6023E-02 5.0294E-02 5.4184E-02 5.6997E-02 5.8007E-02 6.8723E-02 8.3947E-02 9.9740E-02 1.1039E-01 1.1197E-01 1.0595E-01 1.0357E-01 1.1867E-01 1.3395E-01 1.5675E-01 1.7972E-01 1.9436E-01 1.9375E-01 1.7736E-01 1.5228E-01 1.7550E-01 2.0580E-01 2.4087E-01 2.7238E-01 2.9463E-01 3.0855E-01 3.1323E-01 2.9069E-01 2.5168E-01 2.3314E-01 2.4244E-01 2.4425E-01 2.3897E-01 2.2828E-01 2.1440E-01 1.9943E-01 1.8451E-01 1.7053E-01 1.5754E-01 1.4543E-01 1.3382E-01 1.2308E-01 1.1413E-01 1.1833E-01 1.1144E-01
3.1262E-02 3.2019E-02 3.2774E-02 3.3530E-02 3.4205E-02 3.4793E-02 3.5344E-02 3.5811E-02 3.6186E-02 3.6536E-02 3.6895E-02 3.9952E-02 4.4507E-02 4.9500E-02 5.4534E-02 5.9125E-02 6.2507E-02 6.3649E-02 7.3542E-02 8.9917E-02 1.0539E-01 1.1448E-01 1.1527E-01 1.0839E-01 1.1688E-01 1.3150E-01 1.4962E-01 1.7573E-01 1.9877E-01 2.0862E-01 1.9956E-01 1.7514E-01 1.7432E-01 2.0555E-01 2.4408E-01 2.8117E-01 3.0867E-01 3.2535E-01 3.3325E-01 3.1216E-01 2.6970E-01 2.5157E-01 2.6142E-01 2.6244E-01 2.5539E-01 2.4232E-01 2.2585E-01 2.0843E-01 1.9165E-01 1.7626E-01 1.6200E-01 1.4872E-01 1.3598E-01 1.2422E-01 1.2425E-01 1.2189E-01 1.1513E-01
3.2360E-02 3.3263E-02 3.4188E-02 3.5073E-02 3.5904E-02 3.6640E-02 3.7284E-02 3.7828E-02 3.8259E-02 3.8718E-02 3.9134E-02 3.9575E-02 4.2837E-02 4.8017E-02 5.3667E-02 5.9463E-02 6.4732E-02 6.8449E-02 6.9399E-02 7.9036E-02 9.5367E-02 1.0977E-01 1.1785E-01 1.1800E-01 1.1275E-01 1.3177E-01 1.4668E-01 1.6887E-01 1.9848E-01 2.1950E-01 2.2136E-01 2.0172E-01 1.7442E-01 2.0495E-01 2.4582E-01 2.8974E-01 3.2360E-01 3.4394E-01 3.5528E-01 3.3631E-01 2.9044E-01 2.7212E-01 2.8239E-01 2.8241E-01 2.7322E-01 2.5741E-01 2.3813E-01 2.1808E-01 1.9924E-01 1.8171E-01 1.6598E-01 1.5152E-01 1.3766E-01 1.2889E-01 1.3228E-01 1.2297E-01 1.1772E-01
3.3533E-02 3.4613E-02 3.5687E-02 3.6745E-02 3.7739E-02 3.8635E-02 3.9422E-02 4.0034E-02 4.0568E-02 4.1116E-02 4.1716E-02 4.2166E-02 4.2620E-02 4.6251E-02 5.2008E-02 5.8291E-02 6.4694E-02 7.0367E-02 7.4056E-02 7.4487E-02 8.4082E-02 9.9695E-02 1.1407E-01 1.2221E-01 1.2137E-01 1.2919E-01 1.4987E-01 1.6543E-01 1.9333E-01 2.2471E-01 2.3996E-01 2.2950E-01 1.9821E-01 2.0471E-01 2.4818E-01 2.9818E-01 3.3937E-01 3.6429E-01 3.7902E-01 3.6298E-01 3.1387E-01 2.9526E-01 3.0604E-01 3.0489E-01 2.9312E-01 2.7401E-01 2.5143E-01 2.2852E-01 2.0737E-01 1.8766E-01 1.7015E-01 1.5392E-01 1.3908E-01 1.4131E-01 1.3604E-01 1.2907E-01 1.1643E-01
3.4701E-02 3.5979E-02 3.7239E-02 3.8469E-02 3.9646E-02 4.0730E-02 4.1684E-02 4.2438E-02 4.3147E-02 4.3892E-02 4.4500E-02 4.5125E-02 4.5675E-02 4.6247E-02 5.0059E-02 5.6250E-02 6.2954E-02 6.9644E-02 7.5376E-02 7.8153E-02 7.7678E-02 8.7744E-02 1.0414E-01 1.1908E-01 1.2693E-01 1.2459E-01 1.4920E-01 1.7178E-01 1.8749E-01 2.2292E-01 2.5220E-01 2.5557E-01 2.2925E-01 2.0608E-01 2.5015E-01 3.0553E-01 3.5421E-01 3.8543E-01 4.0344E-01 3.9118E-01 3.3968E-01 3.1926E-01 3.3054E-01 3.2803E-01 3.1357E-01 2.9115E-01 2.6529E-01 2.3976E-01 2.1589E-01 1.9390E-01 1.7456E-01 1.5657E-01 1.4770E-01 1.5003E-01 1.3969E-01 1.2936E-01 1.1104E-01
3.5811E-02 3.7260E-02 3.8748E-02 4.0196E-02 4.1560E-02 4.2846E-02 4.3937E-02 4.4924E-02 4.5945E-02 4.6862E-02 4.7663E-02 4.8383E-02 4.9157E-02 4.9847E-02 5.0562E-02 5.3940E-02 6.0324E-02 6.7198E-02 7.3565E-02 7.8699E-02 8.2172E-02 8.2387E-02 9.1464E-02 1.0860E-01 1.2452E-01 1.3168E-01 1.4333E-01 1.7300E-01 1.9647E-01 2.1364E-01 2.5521E-01 2.7567E-01 2.6045E-01 2.1935E-01 2.5198E-01 3.1027E-01 3.6797E-01 4.0599E-01 4.2795E-01 4.2028E-01 3.6911E-01 3.4356E-01 3.5531E-01 3.5100E-01 3.3340E-01 3.0753E-01 2.7832E-01 2.4999E-01 2.2363E-01 1.9921E-01 1.7814E-01 1.5869E-01 1.6191E-01 1.5182E-01 1.4304E-01 1.2415E-01 1.2460E-01
