20220914_progetto_murano/data_input/run_no_deposition/rank(30)_cd_24hr_conc_cd.grd
DSAA
          81          81
     760.250     764.250
    5036.750    5040.750
  0.1421E-02  0.3582E+00
[rows 25 to 49 of 81, columns 0 to 56 of 81]
7.8311E-03 8.4145E-03 9.2061E-03 9.8645E-03 9.8872E-03 1.0517E-02 1.1349E-02 1.2346E-02 1.3197E-02 1.4001E-02 1.4778E-02 1.6014E-02 1.6776E-02 1.9173E-02 2.0955E-02 1.9751E-02 2.0218E-02 2.2146E-02 2.4739E-02 2.6791E-02 2.9996E-02 3.1091E-02 3.3796E-02 3.3546E-02 3.5854E-02 3.7931E-02 4.0875E-02 4.5199E-02 5.1080E-02 5.7827E-02 6.1619E-02 6.7599E-02 8.1072E-02 8.8749E-02 1.0506E-01 1.2213E-01 1.2420E-01 1.3278E-01 1.2818E-01 1.3508E-01 1.3887E-01 1.3921E-01 1.1840E-01 1.0302E-01 9.4248E-02 9.7197E-02 7.7054E-02 6.7615E-02 6.5849E-02 6.0131E-02 5.4337E-02 4.0947E-02 4.1001E-02 4.0315E-02 4.4106E-02 4.4046E-02 4.9987E-02
7.4410E-03 8.1202E-03 9.0542E-03 9.3102E-03 9.7354E-03 1.1072E-02 1.1210E-02 1.1611E-02 1.2794E-02 1.4353E-02 1.4957E-02 1.6395E-02 1.6580E-02 1.8115E-02 1.9871E-02 2.1844E-02 2.1960E-02 2.0335E-02 2.2878E-02 2.7011E-02 2.8590E-02 3.1847E-02 3.4278E-02 3.6928E-02 3.6769E-02 3.8726E-02 4.0619E-02 4.3457E-02 4.8146E-02 5.5580E-02 6.0916E-02 6.7307E-02 8.0239E-02 8.9961E-02 1.0589E-01 1.2205E-01 1.3001E-01 1.3990E-01 1.3688E-01 1.4351E-01 1.4613E-01 1.4325E-01 1.2058E-01 1.0947E-01 1.0397E-01 9.5039E-02 7.7743E-02 7.2159E-02 6.8791E-02 6.0339E-02 4.7944E-02 4.7321E-02 4.3992E-02 4.6035E-02 4.9604E-02 5.0856E-02 4.9437E-02
8.1454E-03 8.0048E-03 8.6840E-03 9.1946E-03 9.3864E-03 1.0376E-02 1.0796E-02 1.2062E-02 1.2061E-02 1.3038E-02 1.4693E-02 1.6582E-02 1.7739E-02 1.8016E-02 1.9639E-02 2.0551E-02 2.2815E-02 2.4669E-02 2.2596E-02 2.3886E-02 2.8167E-02 3.0540E-02 3.4108E-02 3.7576E-02 3.9461E-02 3.9519E-02 4.0400E-02 4.4164E-02 4.6997E-02 5.4430E-02 6.1456E-02 6.4852E-02 7.5959E-02 9.3829E-02 1.0717E-01 1.2069E-01 1.3189E-01 1.4340E-01 1.4189E-01 1.4455E-01 1.5599E-01 1.4912E-01 1.2892E-01 1.1373E-01 1.1099E-01 9.4150E-02 7.9003E-02 7.5776E-02 6.9845E-02 5.9475E-02 4.8527E-02 4.6839E-02 4.6109E-02 5.2462E-02 5.2581E-02 5.2970E-02 5.0045E-02
7.2943E-03 8.2398E-03 8.8080E-03 9.0447E-03 9.2319E-03 9.4298E-03 9.8623E-03 1.1069E-02 1.2119E-02 1.3553E-02 1.2665E-02 1.4082E-02 1.6701E-02 1.9015E-02 2.0266E-02 2.0067E-02 2.1239E-02 2.2667E-02 2.5856E-02 2.5408E-02 2.5286E-02 2.9094E-02 3.3050E-02 3.6602E-02 4.1524E-02 4.0874E-02 4.3102E-02 4.4866E-02 4.8225E-02 5.2493E-02 5.8988E-02 6.5233E-02 7.2035E-02 8.7722E-02 1.0129E-01 1.2128E-01 1.3851E-01 1.5182E-01 1.4531E-01 1.5476E-01 1.6609E-01 1.5104E-01 1.3892E-01 1.2427E-01 1.1217E-01 9.5942E-02 8.1539E-02 7.6595E-02 6.8281E-02 5.2745E-02 5.2730E-02 4.9791E-02 5.4653E-02 5.7375E-02 5.6828E-02 5.6275E-02 4.7762E-02
6.8213E-03 7.4261E-03 7.9596E-03 8.7448E-03 9.2301E-03 9.7557E-03 9.9443E-03 1.0173E-02 1.1508E-02 1.2561E-02 1.3399E-02 1.5100E-02 1.3979E-02 1.4889E-02 1.7381E-02 2.0607E-02 2.1731E-02 2.2509E-02 2.3795E-02 2.5587E-02 2.6275E-02 2.8551E-02 3.0353E-02 3.4629E-02 3.8888E-02 4.2850E-02 4.1953E-02 4.4687E-02 4.6788E-02 5.1245E-02 5.6860E-02 6.3457E-02 7.1253E-02 8.4498E-02 1.0456E-01 1.2442E-01 1.4002E-01 1.6063E-01 1.5505E-01 1.6654E-01 1.7576E-01 1.6236E-01 1.4767E-01 1.3311E-01 1.1556E-01 9.8166E-02 8.8959E-02 7.9339E-02 6.5743E-02 5.7859E-02 5.4917E-02 5.3843E-02 5.9016E-02 6.0478E-02 5.6527E-02 4.9440E-02 4.5758E-02
6.6405E-03 6.9840E-03 7.7003E-03 8.3480E-03 8.7354E-03 8.9527E-03 1.0198E-02 1.0880E-02 1.1285E-02 1.2021E-02 1.3131E-02 1.4760E-02 1.4969E-02 1.6411E-02 1.5717E-02 1.6734E-02 1.9356E-02 2.0989E-02 2.3117E-02 2.5569E-02 2.5779E-02 2.7581E-02 3.0341E-02 3.1759E-02 3.6209E-02 4.0537E-02 4.3879E-02 4.4595E-02 4.8283E-02 4.8046E-02 5.3421E-02 6.1260E-02 6.9369E-02 8.3667E-02 1.0254E-01 1.1439E-01 1.4704E-01 1.6211E-01 1.6492E-01 1.8355E-01 1.8660E-01 1.7909E-01 1.5343E-01 1.3729E-01 1.1919E-01 9.7470E-02 8.3783E-02 7.5137E-02 6.2981E-02 6.1437E-02 5.9253E-02 6.1635E-02 6.2229E-02 5.8777E-02 5.3295E-02 4.9094E-02 4.7579E-02
6.5898E-03 6.7970E-03 7.0366E-03 7.2979E-03 7.6141E-03 8.6344E-03 8.9141E-03 9.1110E-03 9.8561E-03 1.2264E-02 1.3013E-02 1.4002E-02 1.5516E-02 1.6962E-02 1.6997E-02 1.7476E-02 1.7587E-02 1.7841E-02 2.0096E-02 2.3934E-02 2.5629E-02 2.6826E-02 2.7911E-02 3.2300E-02 3.2614E-02 3.6957E-02 4.0291E-02 4.4248E-02 4.7243E-02 4.9455E-02 4.9130E-02 5.8272E-02 6.6022E-02 7.8470E-02 9.6754E-02 1.2423E-01 1.4605E-01 1.6425E-01 1.7298E-01 1.9120E-01 1.8752E-01 1.9054E-01 1.6230E-01 1.4552E-01 1.2141E-01 9.6574E-02 8.2150E-02 7.2828E-02 6.3008E-02 6.2269E-02 6.8531E-02 6.4964E-02 6.2912E-02 5.9879E-02 5.4072E-02 5.1536E-02 5.4353E-02
5.4780E-03 6.0903E-03 6.7234E-03 7.1533E-03 7.1787E-03 7.8206E-03 8.0421E-03 8.7664E-03 9.0932E-03 1.0466E-02 1.1197E-02 1.3084E-02 1.4815E-02 1.5221E-02 1.6654E-02 1.7201E-02 1.6908E-02 1.7756E-02 1.9574E-02 1.9910E-02 2.4156E-02 2.6924E-02 2.8175E-02 2.8702E-02 3.2588E-02 3.4195E-02 3.6676E-02 4.0830E-02 4.4800E-02 4.9312E-02 5.4076E-02 5.4297E-02 6.1276E-02 7.1911E-02 9.2030E-02 1.1732E-01 1.3665E-01 1.6150E-01 1.8290E-01 1.9126E-01 1.9412E-01 1.9466E-01 1.7228E-01 1.3901E-01 1.2011E-01 9.0752E-02 7.4926E-02 6.6868E-02 6.6834E-02 6.6648E-02 6.8690E-02 6.9882E-02 6.1486E-02 5.7478E-02 5.5569E-02 5.9671E-02 4.9693E-02
5.1256E-03 5.4481E-03 5.7918E-03 6.1856E-03 6.6633E-03 7.0488E-03 7.5863E-03 8.3619E-03 8.6518E-03 9.0676E-03 9.7952E-03 1.1386E-02 1.3181E-02 1.4230E-02 1.3884E-02 1.5711E-02 1.5622E-02 1.7060E-02 1.9262E-02 2.1869E-02 2.2342E-02 2.3042E-02 2.7089E-02 2.8162E-02 3.0597E-02 2.9535E-02 3.3098E-02 3.7567E-02 3.9278E-02 4.3670E-02 4.9808E-02 5.3151E-02 6.0082E-02 6.9408E-02 8.4962E-02 1.1238E-01 1.3496E-01 1.5885E-01 1.8931E-01 2.0284E-01 2.0611E-01 1.9427E-01 1.6700E-01 1.3423E-01 1.0681E-01 8.1253E-02 6.8799E-02 6.7933E-02 7.1753E-02 7.6569E-02 7.2665E-02 7.1192E-02 6.4613E-02 6.0791E-02 6.2004E-02 5.2427E-02 4.4275E-02
5.1490E-03 5.3767E-03 5.6556E-03 6.0133E-03 6.3777E-03 6.6137E-03 7.0081E-03 7.6650E-03 8.2017E-03 8.6612E-03 9.3286E-03 1.0006E-02 1.1399E-02 1.2846E-02 1.2888E-02 1.3829E-02 1.4154E-02 1.5275E-02 1.7248E-02 1.9942E-02 2.2475E-02 2.5491E-02 2.5809E-02 2.6795E-02 2.7489E-02 2.8493E-02 3.0393E-02 3.0805E-02 3.4730E-02 4.0991E-02 4.5493E-02 4.9261E-02 5.4020E-02 6.8951E-02 8.1493E-02 1.0456E-01 1.2487E-01 1.5297E-01 1.7825E-01 2.0702E-01 2.0018E-01 1.7803E-01 1.5761E-01 1.2718E-01 9.5426E-02 7.5612E-02 6.3509E-02 7.3494E-02 7.7798E-02 7.9413E-02 7.7982E-02 7.4797E-02 6.8892E-02 6.6057E-02 5.4596E-02 4.9289E-02 4.3183E-02
5.0160E-03 5.2382E-03 5.4613E-03 5.6586E-03 5.9472E-03 6.3230E-03 6.7453E-03 7.2471E-03 7.7425E-03 8.1892E-03 8.7066E-03 9.2345E-03 1.0029E-02 1.1002E-02 1.2254E-02 1.2954E-02 1.3737E-02 1.5005E-02 1.5465E-02 1.7523E-02 1.8968E-02 2.0570E-02 2.4245E-02 2.6733E-02 2.5890E-02 2.6351E-02 2.7453E-02 2.8609E-02 3.0714E-02 3.3544E-02 4.2884E-02 4.7352E-02 5.1919E-02 6.2627E-02 7.8814E-02 9.3094E-02 1.1598E-01 1.5029E-01 1.6985E-01 2.1522E-01 2.0191E-01 1.9019E-01 1.5197E-01 1.1148E-01 8.4457E-02 6.3299E-02 6.2683E-02 7.7211E-02 7.9192E-02 7.8399E-02 7.6613E-02 7.1925E-02 7.1017E-02 5.8530E-02 5.1430E-02 4.1520E-02 3.9377E-02
4.4330E-03 4.6121E-03 4.8273E-03 5.1175E-03 5.3909E-03 5.7661E-03 6.3285E-03 6.7310E-03 7.2250E-03 7.5352E-03 7.8953E-03 8.3598E-03 8.9584E-03 9.8118E-03 1.0638E-02 1.0967E-02 1.1895E-02 1.3177E-02 1.4829E-02 1.5943E-02 1.7513E-02 1.9447E-02 2.1759E-02 2.2816E-02 2.3514E-02 2.4289E-02 2.7892E-02 2.7282E-02 2.8429E-02 2.8315E-02 3.3000E-02 4.5446E-02 4.9647E-02 5.7957E-02 7.4906E-02 8.7999E-02 1.0636E-01 1.3430E-01 1.6201E-01 1.9571E-01 1.9975E-01 1.8530E-01 1.4066E-01 1.0901E-01 7.4884E-02 5.9648E-02 6.9271E-02 7.5765E-02 7.3401E-02 7.5805E-02 7.5711E-02 7.0141E-02 5.8110E-02 4.4024E-02 4.4113E-02 4.1238E-02 3.2785E-02
4.5918E-03 4.7708E-03 4.9084E-03 5.1265E-03 5.5287E-03 5.9854E-03 6.2012E-03 6.4170E-03 6.6586E-03 6.9908E-03 7.3340E-03 7.6931E-03 8.3226E-03 8.5256E-03 9.0438E-03 9.6481E-03 1.1116E-02 1.2044E-02 1.2891E-02 1.4275E-02 1.5637E-02 1.6761E-02 1.8635E-02 1.8064E-02 1.8528E-02 2.1815E-02 2.3603E-02 2.6520E-02 2.7765E-02 2.8006E-02 2.9802E-02 3.3541E-02 5.0988E-02 5.6734E-02 6.6769E-02 9.9859E-02 1.0545E-01 1.3205E-01 1.6357E-01 1.9399E-01 2.0464E-01 1.7481E-01 1.2791E-01 9.6516E-02 7.3160E-02 6.7232E-02 7.2827E-02 6.4424E-02 7.4509E-02 7.1779E-02 6.4990E-02 5.3051E-02 4.9198E-02 4.3875E-02 3.7540E-02 3.8176E-02 3.6164E-02
5.0284E-03 5.2564E-03 5.4493E-03 5.1975E-03 5.3560E-03 5.5353E-03 5.7439E-03 6.3605E-03 6.6640E-03 6.9048E-03 7.1398E-03 7.5057E-03 7.9290E-03 8.3947E-03 8.7680E-03 9.1534E-03 1.0192E-02 1.0737E-02 1.1420E-02 1.2842E-02 1.4507E-02 1.4990E-02 1.6192E-02 1.7771E-02 1.8583E-02 1.9961E-02 2.1304E-02 2.3038E-02 2.4938E-02 2.8422E-02 3.2621E-02 3.3006E-02 3.4998E-02 5.3122E-02 7.6247E-02 8.2638E-02 1.1880E-01 1.4548E-01 1.6670E-01 2.1513E-01 2.2058E-01 1.6120E-01 1.3399E-01 8.3124E-02 6.8459E-02 6.4714E-02 5.9578E-02 6.0748E-02 6.0753E-02 5.6547E-02 4.8862E-02 4.3649E-02 4.2364E-02 4.2928E-02 4.1836E-02 3.7457E-02 3.0463E-02
4.8272E-03 5.0643E-03 5.3772E-03 5.8068E-03 5.9647E-03 6.1298E-03 6.3168E-03 6.3885E-03 6.6769E-03 7.0131E-03 7.3065E-03 7.6304E-03 7.6599E-03 8.4790E-03 9.2893E-03 9.5419E-03 9.6979E-03 1.0317E-02 1.0627E-02 1.1614E-02 1.2503E-02 1.3016E-02 1.4434E-02 1.5685E-02 1.7413E-02 1.8853E-02 1.9501E-02 2.0598E-02 2.3109E-02 2.7152E-02 3.3652E-02 3.8947E-02 4.3383E-02 4.4509E-02 5.9370E-02 9.0506E-02 1.0976E-01 1.4800E-01 1.7685E-01 2.3030E-01 2.4413E-01 1.7307E-01 1.1252E-01 7.0631E-02 6.3226E-02 4.8597E-02 4.8099E-02 5.4901E-02 4.9254E-02 4.8329E-02 4.0252E-02 4.0582E-02 4.3826E-02 4.1386E-02 3.3145E-02 3.0021E-02 2.7839E-02
4.3204E-03 4.7664E-03 4.9601E-03 5.1593E-03 5.3511E-03 5.6404E-03 6.1740E-03 6.1273E-03 6.6402E-03 6.8188E-03 6.8653E-03 7.1646E-03 7.8115E-03 7.6672E-03 8.2391E-03 9.1805E-03 1.0286E-02 1.1532E-02 1.2118E-02 1.2286E-02 1.2459E-02 1.2365E-02 1.2741E-02 1.3958E-02 1.4883E-02 1.6663E-02 1.9289E-02 2.0408E-02 2.2484E-02 2.4249E-02 2.8626E-02 3.6551E-02 3.9357E-02 5.1839E-02 6.0648E-02 7.0199E-02 9.4681E-02 1.5176E-01 1.8299E-01 2.2896E-01 2.6061E-01 1.5523E-01 8.1732E-02 6.1116E-02 4.1847E-02 3.7215E-02 3.7637E-02 3.8319E-02 3.6309E-02 3.5343E-02 3.7909E-02 3.5746E-02 3.2880E-02 3.1056E-02 3.1278E-02 2.7393E-02 2.5586E-02
4.2829E-03 4.6654E-03 4.8090E-03 5.0218E-03 5.3498E-03 5.5679E-03 5.7684E-03 5.9999E-03 6.2607E-03 6.7240E-03 7.4533E-03 7.1381E-03 7.5063E-03 7.7783E-03 8.2434E-03 8.2171E-03 8.8029E-03 9.9338E-03 1.1274E-02 1.2283E-02 1.2392E-02 1.2480E-02 1.2689E-02 1.3788E-02 1.4037E-02 1.4239E-02 1.5128E-02 1.6866E-02 1.8170E-02 1.9886E-02 2.3080E-02 2.8494E-02 3.4899E-02 4.0542E-02 6.0820E-02 7.0782E-02 9.3125E-02 1.2564E-01 1.6948E-01 2.1026E-01 2.8726E-01 1.1292E-01 4.4637E-02 3.7871E-02 2.9646E-02 3.0712E-02 2.9024E-02 2.8124E-02 2.7348E-02 3.0759E-02 3.0922E-02 3.2778E-02 3.3551E-02 2.9530E-02 2.9363E-02 2.8294E-02 2.7269E-02
4.0893E-03 4.2671E-03 4.4710E-03 4.7056E-03 4.9713E-03 5.2280E-03 5.4022E-03 5.7866E-03 6.0486E-03 6.3047E-03 6.5318E-03 6.6534E-03 7.2026E-03 7.5009E-03 7.7597E-03 8.0651E-03 8.6615E-03 9.3599E-03 9.6811E-03 1.0729E-02 1.1050E-02 1.2007E-02 1.2941E-02 1.2399E-02 1.2326E-02 1.2257E-02 1.3583E-02 1.4501E-02 1.5556E-02 1.6491E-02 1.9351E-02 2.1674E-02 2.6083E-02 3.4488E-02 4.0896E-02 5.3367E-02 7.6032E-02 9.7084E-02 1.2522E-01 2.4971E-01 3.1983E-01 5.0536E-02 2.4987E-02 1.9283E-02 2.7536E-02 2.4871E-02 2.1588E-02 2.6534E-02 2.6091E-02 2.7627E-02 2.7979E-02 2.8559E-02 2.8175E-02 2.9398E-02 3.1147E-02 2.8926E-02 2.4829E-02
4.0473E-03 4.1444E-03 4.2626E-03 4.3919E-03 4.5446E-03 4.7095E-03 4.8942E-03 5.0969E-03 5.3144E-03 5.5366E-03 5.7929E-03 6.0462E-03 6.3688E-03 6.6990E-03 7.0695E-03 7.5011E-03 8.1142E-03 8.5681E-03 8.9826E-03 9.3355E-03 9.9105E-03 1.0559E-02 1.1162E-02 1.1589E-02 1.1332E-02 1.1982E-02 1.2934E-02 1.3417E-02 1.4185E-02 1.5435E-02 1.7072E-02 2.0069E-02 2.3064E-02 2.9065E-02 3.5516E-02 4.4231E-02 5.9668E-02 7.2544E-02 7.8410E-02 1.1051E-01 3.5781E-02 9.6926E-03 1.1507E-02 1.2785E-02 1.4557E-02 1.5631E-02 1.4586E-02 1.4954E-02 1.7457E-02 1.9749E-02 1.9003E-02 2.1130E-02 2.1011E-02 2.0624E-02 1.9810E-02 1.7352E-02 1.5720E-02
4.3604E-03 4.4641E-03 4.5832E-03 4.7160E-03 4.8948E-03 5.1324E-03 5.2432E-03 5.4751E-03 5.5311E-03 5.6982E-03 5.8645E-03 6.0895E-03 6.4273E-03 6.6141E-03 6.5696E-03 6.8476E-03 7.1176E-03 7.4302E-03 7.8155E-03 8.6810E-03 9.5327E-03 1.0103E-02 1.0704E-02 1.1328E-02 1.1686E-02 1.1724E-02 1.2331E-02 1.2401E-02 1.3825E-02 1.5690E-02 1.7972E-02 2.0975E-02 2.3836E-02 2.6862E-02 2.8495E-02 2.8846E-02 4.0383E-02 5.9079E-02 8.3451E-02 1.7072E-01 3.5817E-01 3.4983E-02 6.9590E-03 6.8045E-03 9.5065E-03 9.0292E-03 1.1240E-02 1.1033E-02 9.5249E-03 1.0467E-02 1.0299E-02 9.0462E-03 8.3091E-03 9.9731E-03 1.0083E-02 9.3346E-03 8.5805E-03
3.9932E-03 4.1859E-03 4.3960E-03 4.5972E-03 4.7389E-03 4.7871E-03 4.7407E-03 4.9472E-03 5.1598E-03 5.3585E-03 5.5862E-03 5.8024E-03 6.0171E-03 6.2376E-03 6.5760E-03 6.8947E-03 7.2345E-03 7.6004E-03 8.0206E-03 8.4038E-03 8.9075E-03 9.3242E-03 9.4297E-03 9.8438E-03 1.0278E-02 1.0950E-02 1.1680E-02 1.2515E-02 1.3897E-02 1.4741E-02 1.5298E-02 1.5736E-02 1.8777E-02 2.4782E-02 2.9665E-02 4.0179E-02 5.4215E-02 6.8734E-02 1.1334E-01 1.4929E-01 2.3012E-01 7.1029E-02 1.5182E-02 8.5714E-03 8.6123E-03 1.0790E-02 1.1814E-02 9.9556E-03 8.6030E-03 7.5975E-03 9.1470E-03 8.4947E-03 7.9263E-03 7.3812E-03 6.8924E-03 6.5636E-03 6.2702E-03
3.6055E-03 3.7460E-03 3.8931E-03 4.0417E-03 4.1915E-03 4.3416E-03 4.4937E-03 4.7511E-03 4.9940E-03 5.2923E-03 5.5733E-03 5.8297E-03 6.1399E-03 6.4407E-03 6.7395E-03 7.1175E-03 7.5454E-03 8.0667E-03 8.6673E-03 9.2586E-03 9.7015E-03 9.6949E-03 9.8296E-03 9.9313E-03 1.0934E-02 1.1525E-02 1.2046E-02 1.2703E-02 1.2710E-02 1.4009E-02 1.5637E-02 1.6741E-02 1.9962E-02 2.3566E-02 3.0626E-02 4.5888E-02 5.8511E-02 8.4569E-02 1.0370E-01 1.5716E-01 1.6097E-01 7.1060E-02 3.1834E-02 1.3322E-02 1.0529E-02 9.7213E-03 9.8237E-03 8.3717E-03 7.3670E-03 7.7288E-03 8.3362E-03 8.1866E-03 7.9539E-03 7.4369E-03 6.9560E-03 7.9915E-03 6.0560E-03
3.7250E-03 3.8664E-03 3.9594E-03 4.1076E-03 4.3092E-03 4.5242E-03 4.7146E-03 4.9099E-03 5.1060E-03 5.3105E-03 5.5206E-03 5.7768E-03 6.1832E-03 6.6814E-03 7.1383E-03 7.4833E-03 7.9430E-03 8.4032E-03 8.7492E-03 8.8681E-03 8.9799E-03 9.1023E-03 9.4475E-03 1.0043E-02 1.0310E-02 1.1236E-02 1.1554E-02 1.2213E-02 1.2622E-02 1.2596E-02 1.3447E-02 1.9340E-02 2.0344E-02 2.5667E-02 3.9591E-02 4.6484E-02 5.4446E-02 6.6379E-02 9.3244E-02 1.3551E-01 1.1082E-01 6.6805E-02 4.1483E-02 2.0759E-02 1.3367E-02 1.0131E-02 8.8286E-03 8.2152E-03 7.9241E-03 5.9314E-03 5.6857E-03 5.7987E-03 6.2521E-03 7.5514E-03 7.0456E-03 6.6457E-03 6.8729E-03
3.7289E-03 3.8735E-03 4.0231E-03 4.1639E-03 4.3098E-03 4.4714E-03 4.6881E-03 5.0415E-03 5.1881E-03 5.7870E-03 6.0570E-03 5.8313E-03 6.3099E-03 6.4648E-03 6.8075E-03 7.2164E-03 7.4494E-03 7.6373E-03 8.3118E-03 9.0138E-03 9.3701E-03 9.7380E-03 1.0088E-02 9.8213E-03 9.7816E-03 1.0152E-02 1.0863E-02 1.2237E-02 1.3505E-02 1.5608E-02 1.8084E-02 2.0327E-02 2.5578E-02 3.2999E-02 4.1124E-02 4.7088E-02 4.8549E-02 6.5007E-02 9.0251E-02 1.0168E-01 8.5139E-02 5.6747E-02 3.6430E-02 2.5509E-02 1.6778E-02 1.0683E-02 9.3219E-03 9.7677E-03 7.6828E-03 6.0142E-03 6.8238E-03 6.1360E-03 5.1223E-03 4.9084E-03 5.2790E-03 6.1893E-03 6.8769E-03
3.6588E-03 3.9254E-03 4.0847E-03 4.2340E-03 4.3836E-03 4.6437E-03 4.7655E-03 4.8869E-03 4.9901E-03 5.1297E-03 5.3203E-03 5.6454E-03 5.9583E-03 6.3113E-03 6.7142E-03 7.1382E-03 7.2197E-03 7.2280E-03 7.3568E-03 7.7666E-03 7.3138E-03 7.5076E-03 7.7258E-03 8.6067E-03 9.8217E-03 9.7852E-03 1.0908E-02 1.2110E-02 1.3407E-02 1.8029E-02 1.7697E-02 2.1028E-02 2.8448E-02 3.0449E-02 3.8485E-02 3.7504E-02 5.0381E-02 6.0594E-02 7.7646E-02 7.4392E-02 6.7732E-02 4.9624E-02 3.0243E-02 2.5252E-02 1.7407E-02 1.2481E-02 1.1051E-02 9.2757E-03 9.6884E-03 8.8315E-03 6.8157E-03 7.7804E-03 6.5733E-03 8.0368E-03 4.9805E-03 4.5978E-03 4.9596E-03
