20220914_progetto_murano/data_input/run_no_deposition/rank(60)_cd_24hr_conc_cd.grd
DSAA
          81          81
     760.250     764.250
    5036.750    5040.750
  0.1310E-05  0.1196E+00
[rows 50 to 74 of 81, columns 0 to 56 of 81]
1.9603E-04 2.0170E-04 2.0757E-04 2.3214E-04 2.6174E-04 2.7009E-04 2.8013E-04 2.8969E-04 3.0019E-04 3.1126E-04 3.2311E-04 3.7860E-04 3.7034E-04 3.6486E-04 3.8182E-04 4.0048E-04 4.1815E-04 3.9716E-04 3.9329E-04 3.9114E-04 3.8931E-04 4.1526E-04 4.4261E-04 4.7270E-04 5.0672E-04 4.6816E-04 5.0502E-04 6.4906E-04 7.2328E-04 9.9496E-04 1.0850E-03 1.1660E-03 1.4654E-03 2.3608E-03 2.5308E-03 2.5644E-03 2.5562E-03 2.7077E-03 1.5898E-03 8.5214E-04 8.3830E-04 8.9271E-04 9.3546E-04 1.6048E-04 1.4148E-04 2.1388E-04 4.8017E-04 5.2287E-04 5.2962E-04 4.1519E-04 1.5187E-04 3.6229E-04 2.7530E-04 3.4726E-04 3.3198E-04 3.1752E-04 2.0661E-04
1.9442E-04 2.0014E-04 2.0594E-04 2.1027E-04 2.1871E-04 2.2514E-04 2.3174E-04 2.3856E-04 2.4678E-04 2.8989E-04 3.2210E-04 3.3466E-04 3.4815E-04 3.6257E-04 2.9366E-04 3.0239E-04 3.1134E-04 3.0740E-04 3.1590E-04 3.3959E-04 3.5382E-04 3.7704E-04 3.9333E-04 3.9571E-04 4.2900E-04 4.8590E-04 6.1893E-04 7.4314E-04 9.0401E-04 8.5722E-04 9.4105E-04 1.2193E-03 2.1691E-03 2.3786E-03 2.0498E-03 2.2384E-03 2.2050E-03 1.7828E-03 9.4582E-04 7.5220E-04 7.0265E-04 6.5153E-04 8.7223E-04 1.7829E-04 1.3237E-04 1.6045E-04 2.0143E-04 3.3830E-04 4.2594E-04 4.8645E-04 3.8923E-04 1.4985E-04 3.1381E-04 3.4024E-04 2.5157E-04 3.0711E-04 2.9771E-04
1.3547E-04 1.2596E-04 1.3920E-04 1.8272E-04 2.1724E-04 2.2365E-04 2.1799E-04 2.3694E-04 2.4391E-04 2.5106E-04 2.5839E-04 2.6751E-04 2.7560E-04 2.5150E-04 2.6617E-04 2.2054E-04 2.3532E-04 2.5125E-04 2.7018E-04 3.3883E-04 3.5330E-04 3.6620E-04 3.6371E-04 4.0394E-04 4.3850E-04 5.3165E-04 7.6431E-04 7.4716E-04 5.9289E-04 7.6827E-04 1.6246E-03 1.8636E-03 2.2311E-03 1.7517E-03 1.1454E-03 2.1456E-03 1.6817E-03 1.3143E-03 7.4445E-04 7.0229E-04 6.6158E-04 6.1852E-04 8.5673E-04 4.5370E-04 1.0771E-04 1.2316E-04 1.3694E-04 1.8987E-04 2.5047E-04 3.3079E-04 4.4171E-04 3.6483E-04 3.1826E-04 2.8019E-04 3.1899E-04 3.0511E-04 2.1123E-04
1.1942E-04 1.2241E-04 1.2555E-04 1.4216E-04 1.9844E-04 2.2213E-04 2.2870E-04 2.2913E-04 1.8890E-04 1.9964E-04 2.1101E-04 2.2305E-04 2.3583E-04 2.5020E-04 2.1077E-04 2.2260E-04 2.3819E-04 2.5435E-04 2.8149E-04 2.9370E-04 3.1909E-04 2.5182E-04 3.7489E-04 4.0868E-04 4.3773E-04 4.6509E-04 4.9619E-04 5.3423E-04 6.4374E-04 1.3568E-03 1.6472E-03 1.8812E-03 1.5066E-03 1.1554E-03 1.7280E-03 9.6888E-04 9.1478E-04 7.3349E-04 6.9843E-04 6.6352E-04 6.2819E-04 5.9166E-04 5.5726E-04 5.2348E-04 1.1451E-04 9.5891E-05 1.1452E-04 1.4043E-04 1.7575E-04 2.2723E-04 3.7389E-04 4.0163E-04 3.4179E-04 2.9622E-04 2.6424E-04 2.3926E-04 2.8593E-04
1.1971E-04 1.2654E-04 1.2556E-04 1.3740E-04 1.5029E-04 1.5856E-04 1.6803E-04 1.7751E-04 1.8794E-04 1.9940E-04 2.1068E-04 2.0558E-04 1.8667E-04 1.9959E-04 2.1260E-04 2.3843E-04 2.4088E-04 2.4494E-04 1.9326E-04 1.5521E-04 2.2506E-04 2.9330E-04 3.8591E-04 4.1435E-04 4.3650E-04 4.6376E-04 4.9621E-04 5.4408E-04 1.1279E-03 1.4272E-03 1.5747E-03 1.2441E-03 9.6345E-04 9.3467E-04 8.4924E-04 9.3235E-04 7.7607E-04 6.9492E-04 6.6331E-04 6.3359E-04 5.4484E-04 5.7066E-04 5.4034E-04 5.1210E-04 1.1528E-04 7.5419E-05 8.8861E-05 1.0071E-04 1.5002E-04 1.6103E-04 2.0388E-04 3.5027E-04 3.6533E-04 3.0256E-04 2.7805E-04 2.5039E-04 2.2778E-04
1.2015E-04 1.2694E-04 1.1772E-04 1.2037E-04 1.5077E-04 1.5900E-04 1.6837E-04 1.7776E-04 1.8759E-04 1.6206E-04 1.7092E-04 1.7907E-04 1.8820E-04 1.9106E-04 1.9135E-04 1.4755E-04 1.1013E-04 1.0719E-04 1.3839E-04 1.8129E-04 2.6198E-04 3.5276E-04 3.8733E-04 4.2203E-04 4.2969E-04 4.6282E-04 4.9688E-04 9.6807E-04 1.1164E-03 1.3410E-03 1.0291E-03 7.4543E-04 5.9636E-04 7.0648E-04 3.8559E-04 7.9468E-04 6.9814E-04 6.6688E-04 6.3816E-04 6.1089E-04 3.6235E-04 5.4076E-04 5.2610E-04 3.1733E-04 7.8350E-05 7.2974E-05 6.8707E-05 8.1265E-05 1.1652E-04 1.1823E-04 1.4576E-04 1.8371E-04 3.2827E-04 3.1378E-04 1.8923E-04 2.6212E-04 2.3709E-04
1.2067E-04 1.2702E-04 1.2350E-04 1.1945E-04 1.3262E-04 1.3300E-04 1.4051E-04 1.4765E-04 1.5590E-04 1.6366E-04 1.1514E-04 1.3029E-04 1.5610E-04 1.0613E-04 8.6402E-05 8.2460E-05 9.0963E-05 1.1993E-04 1.6070E-04 2.2907E-04 3.0505E-04 3.6479E-04 4.3578E-04 4.2911E-04 4.2546E-04 4.5882E-04 8.6144E-04 1.0777E-03 1.1617E-03 8.2418E-04 6.2878E-04 3.1850E-04 6.0629E-04 3.4482E-04 6.3841E-04 7.1087E-04 6.7318E-04 6.4523E-04 6.1868E-04 5.6639E-04 3.5575E-04 4.7095E-04 5.1394E-04 1.3902E-04 1.1936E-04 7.1974E-05 5.5626E-05 6.2201E-05 5.4298E-05 8.9367E-05 1.0825E-04 1.3392E-04 1.6988E-04 3.0750E-04 2.9430E-04 1.5031E-04 2.4715E-04
1.2137E-04 1.2772E-04 1.3612E-04 1.0648E-04 1.1001E-04 1.3473E-04 1.4133E-04 1.1282E-04 9.2815E-05 1.0537E-04 5.9430E-05 6.0935E-05 6.2937E-05 6.3874E-05 6.5416E-05 8.2410E-05 1.0512E-04 1.5295E-04 2.0421E-04 2.7198E-04 3.4871E-04 3.6642E-04 4.5925E-04 4.3847E-04 4.2166E-04 6.5618E-04 9.5010E-04 5.4517E-04 3.8569E-04 5.1074E-04 3.1040E-04 4.8736E-04 2.7493E-04 2.6816E-04 7.3597E-04 6.8505E-04 6.5315E-04 6.2615E-04 6.0205E-04 3.9737E-04 3.4406E-04 4.1580E-04 5.0211E-04 1.3339E-04 1.2351E-04 3.8217E-05 3.9902E-05 4.7491E-05 5.2855E-05 4.4783E-05 8.1725E-05 9.9858E-05 1.2414E-04 1.5719E-04 2.1672E-04 2.7275E-04 1.2559E-04
1.0422E-04 1.0917E-04 1.1361E-04 7.6748E-05 6.0357E-05 6.6639E-05 6.4188E-05 5.9660E-05 5.2015E-05 5.4248E-05 5.5486E-05 5.7103E-05 5.9664E-05 6.1036E-05 6.2933E-05 1.0426E-04 1.3906E-04 1.8557E-04 2.4465E-04 3.2491E-04 3.4885E-04 4.0584E-04 4.6759E-04 4.4722E-04 4.9813E-04 5.8262E-04 4.4933E-04 4.0035E-04 2.2809E-04 1.5923E-04 3.2527E-04 1.2330E-04 2.6475E-05 4.2359E-04 6.9985E-04 6.6246E-04 6.3481E-04 6.1001E-04 5.8711E-04 2.8500E-04 3.3177E-04 3.8120E-04 4.9166E-04 2.5586E-04 5.7487E-05 2.5021E-05 2.9792E-05 3.5632E-05 4.2641E-05 4.3528E-05 6.1985E-05 7.5199E-05 9.1851E-05 1.1407E-04 1.4635E-04 1.8911E-04 1.6224E-04
8.4669E-05 5.5993E-05 5.3368E-05 5.4348E-05 5.3852E-05 4.5687E-05 4.7690E-05 4.8718E-05 4.9476E-05 5.0936E-05 5.2932E-05 5.4518E-05 5.7200E-05 5.8711E-05 6.5712E-05 1.1274E-04 1.6444E-04 2.1788E-04 2.8833E-04 3.3785E-04 3.4893E-04 4.4641E-04 4.7806E-04 4.5699E-04 4.2599E-04 4.2580E-04 2.5052E-04 1.5446E-04 1.1012E-04 2.2713E-04 1.2592E-04 4.5533E-05 1.8853E-04 6.0291E-04 6.7168E-04 6.4196E-04 6.1691E-04 5.9465E-04 4.8316E-04 2.7116E-04 3.1267E-04 3.4857E-04 4.8085E-04 2.5038E-04 5.5567E-05 2.0065E-05 2.2008E-05 2.6438E-05 3.1706E-05 3.3830E-05 4.0606E-05 5.6054E-05 6.8052E-05 8.3899E-05 1.0475E-04 1.3288E-04 1.7092E-04
4.2347E-05 4.3812E-05 3.8944E-05 3.9917E-05 4.1613E-05 4.3756E-05 4.5648E-05 4.5705E-05 4.7528E-05 4.9403E-05 5.1017E-05 5.2244E-05 5.3481E-05 6.0150E-05 7.9678E-05 1.3108E-04 1.7097E-04 2.2752E-04 3.1959E-04 3.2953E-04 3.7691E-04 4.8496E-04 4.4255E-04 3.9436E-04 4.2552E-04 1.3794E-04 9.6920E-05 8.5360E-05 1.0207E-04 1.2000E-04 5.4328E-05 2.1332E-05 2.8215E-04 6.8001E-04 6.4837E-04 6.2331E-04 6.0098E-04 5.8008E-04 3.5386E-04 2.5548E-04 2.9310E-04 3.2667E-04 4.4518E-04 2.3876E-04 6.0968E-05 2.1568E-05 1.6525E-05 2.0237E-05 2.3227E-05 2.8250E-05 3.4111E-05 4.1300E-05 5.0183E-05 6.1669E-05 7.6027E-05 9.4640E-05 1.1957E-04
3.4392E-05 3.6244E-05 3.7225E-05 3.8143E-05 3.9724E-05 4.1190E-05 4.0133E-05 4.3268E-05 4.6143E-05 4.7725E-05 4.8906E-05 5.0068E-05 5.2820E-05 7.4021E-05 1.1523E-04 1.4946E-04 2.0648E-04 3.0699E-04 3.2029E-04 3.3032E-04 3.4941E-04 2.3777E-04 2.9649E-04 3.4698E-04 2.1823E-04 6.1498E-05 4.9139E-05 6.7431E-05 1.0683E-04 5.4891E-05 1.7178E-05 1.2888E-04 3.9620E-04 6.5173E-04 6.2655E-04 6.0569E-04 5.8491E-04 5.3468E-04 2.7118E-04 2.3911E-04 2.7250E-04 3.0325E-04 3.8431E-04 2.1810E-04 6.2794E-05 2.1799E-05 1.5961E-05 1.7604E-05 1.9797E-05 2.0500E-05 2.4738E-05 2.9941E-05 3.6507E-05 4.4823E-05 5.5048E-05 6.8106E-05 8.5356E-05
3.3182E-05 3.4761E-05 3.5607E-05 3.7150E-05 3.7301E-05 3.6655E-05 3.9769E-05 4.1348E-05 4.3848E-05 4.5753E-05 4.7158E-05 4.9629E-05 6.8891E-05 8.2256E-05 1.3145E-04 1.7826E-04 2.6884E-04 3.1079E-04 2.6324E-04 2.8407E-04 1.2464E-04 1.7210E-04 3.0068E-04 1.6756E-04 3.5361E-05 2.8394E-05 4.2409E-05 7.6938E-05 5.0240E-05 2.0778E-05 1.7539E-05 1.9245E-04 5.1942E-04 6.2909E-04 6.0860E-04 5.8834E-04 5.6931E-04 4.1087E-04 2.0675E-04 2.2228E-04 2.5174E-04 2.7962E-04 3.4103E-04 2.0192E-04 6.2384E-05 2.0872E-05 1.5411E-05 1.5307E-05 1.8809E-05 1.9353E-05 2.0252E-05 2.1358E-05 2.6308E-05 3.3108E-05 3.9568E-05 4.8855E-05 6.1001E-05
3.1789E-05 3.2674E-05 3.4149E-05 3.3743E-05 3.3239E-05 3.5602E-05 3.8168E-05 4.0460E-05 4.2023E-05 4.3636E-05 5.2118E-05 6.1896E-05 7.4291E-05 1.1461E-04 1.4960E-04 2.2503E-04 1.4596E-04 2.0019E-04 1.1794E-04 7.3641E-05 1.3242E-04 1.4600E-04 8.9429E-05 2.3735E-05 1.9626E-05 2.3028E-05 5.0692E-05 3.0108E-05 1.6437E-05 1.5981E-05 1.9217E-05 2.6649E-04 6.3190E-04 6.1090E-04 5.9174E-04 5.7264E-04 5.4092E-04 3.1415E-04 1.7975E-04 2.0645E-04 2.3224E-04 2.5692E-04 2.9541E-04 1.8366E-04 6.0331E-05 1.9268E-05 1.4873E-05 1.4771E-05 1.4669E-05 1.8207E-05 1.9029E-05 1.8356E-05 1.8620E-05 3.2257E-05 3.0945E-05 3.4987E-05 4.3581E-05
2.9075E-05 2.8773E-05 3.0548E-05 3.1073E-05 3.2428E-05 3.4721E-05 3.7328E-05 3.9375E-05 4.0754E-05 4.5979E-05 5.5335E-05 6.6827E-05 8.3353E-05 1.2636E-04 1.7506E-04 1.2541E-04 1.5596E-04 7.3089E-05 4.1132E-05 5.6241E-05 9.8336E-05 5.6784E-05 4.0917E-05 1.5532E-05 1.5513E-05 3.4193E-05 1.6629E-05 1.5461E-05 1.5436E-05 1.5340E-05 7.8358E-05 3.4484E-04 6.1340E-04 5.9421E-04 5.7559E-04 5.5804E-04 4.1092E-04 2.3650E-04 1.6994E-04 1.9285E-04 2.1512E-04 2.3659E-04 2.6314E-04 1.6480E-04 5.6988E-05 1.5867E-05 1.6209E-05 1.4253E-05 1.4157E-05 1.4060E-05 1.7793E-05 1.8851E-05 1.6573E-05 1.5972E-05 3.0120E-05 2.8914E-05 3.0783E-05
2.6189E-05 2.7228E-05 2.9064E-05 3.0347E-05 3.1652E-05 3.4156E-05 3.6343E-05 3.7942E-05 4.0091E-05 4.7231E-05 5.8390E-05 7.3961E-05 1.0895E-04 1.4691E-04 1.0695E-04 6.2795E-05 2.9852E-05 3.3224E-05 3.3359E-05 5.8399E-05 3.6118E-05 2.5848E-05 1.4989E-05 1.4969E-05 1.4952E-05 1.4942E-05 1.4929E-05 1.4911E-05 1.4827E-05 1.4805E-05 8.9735E-05 4.2107E-04 5.9674E-04 5.7862E-04 5.6121E-04 4.9090E-04 3.0205E-04 1.7593E-04 1.6426E-04 1.8367E-04 2.0208E-04 2.1998E-04 2.3766E-04 1.4572E-04 5.1218E-05 1.5089E-05 1.5397E-05 1.3743E-05 1.3657E-05 1.3567E-05 1.3474E-05 1.7359E-05 1.6941E-05 1.5172E-05 1.3814E-05 2.8043E-05 2.6926E-05
2.5499E-05 2.6626E-05 2.7789E-05 2.9731E-05 3.0883E-05 3.2326E-05 3.4726E-05 3.7052E-05 4.1909E-05 5.1201E-05 6.5832E-05 8.5533E-05 7.3060E-05 3.8223E-05 1.4302E-05 1.2374E-05 1.1135E-05 2.2147E-05 3.2979E-05 2.4026E-05 1.6206E-05 1.4409E-05 1.4383E-05 7.9031E-06 1.4422E-05 1.4413E-05 1.4402E-05 1.4325E-05 1.4308E-05 3.5915E-05 9.4434E-05 4.9168E-04 5.8142E-04 5.6408E-04 5.4747E-04 3.7985E-04 2.2154E-04 1.4828E-04 1.6562E-04 1.8124E-04 1.9563E-04 2.0924E-04 2.1847E-04 1.2623E-04 3.4483E-05 1.4429E-05 1.4721E-05 1.3249E-05 1.3166E-05 1.3078E-05 1.2990E-05 1.2900E-05 1.6718E-05 1.5325E-05 1.3974E-05 2.7240E-05 2.6167E-05
2.4948E-05 2.6061E-05 2.7182E-05 2.9107E-05 3.0423E-05 3.1726E-05 3.3535E-05 3.6172E-05 4.5580E-05 5.8585E-05 7.2885E-05 5.3229E-05 1.5198E-05 1.3723E-05 1.0302E-05 9.9159E-06 1.3808E-05 1.7163E-05 3.1612E-05 1.3903E-05 1.3894E-05 1.3877E-05 7.3869E-06 7.5980E-06 1.3855E-05 1.3845E-05 1.3834E-05 1.3824E-05 1.3810E-05 3.8565E-05 2.5101E-04 5.5401E-04 5.6794E-04 5.5091E-04 4.8014E-04 2.9619E-04 1.6818E-04 1.5519E-04 1.7081E-04 1.8415E-04 1.9551E-04 2.0572E-04 1.8685E-04 1.0798E-04 2.9235E-05 1.3635E-05 1.3976E-05 1.2767E-05 1.2683E-05 1.2600E-05 1.2519E-05 1.2436E-05 1.2356E-05 1.5409E-05 1.4160E-05 1.2069E-05 2.5484E-05
2.3275E-05 2.5500E-05 2.6657E-05 2.7826E-05 2.9583E-05 3.0223E-05 3.2361E-05 3.6913E-05 5.3330E-05 4.3211E-05 4.7055E-05 1.3155E-05 1.3191E-05 7.5098E-06 7.2219E-06 5.5149E-06 1.3333E-05 1.3350E-05 1.3398E-05 1.3388E-05 1.2803E-05 6.8155E-06 7.1001E-06 1.3368E-05 1.3363E-05 1.3357E-05 1.3349E-05 1.3337E-05 1.3322E-05 3.7853E-05 2.8308E-04 5.7098E-04 5.5442E-04 5.3828E-04 3.8078E-04 2.3213E-04 1.4602E-04 1.6465E-04 1.7921E-04 1.9093E-04 1.9938E-04 2.0649E-04 1.5603E-04 9.1079E-05 1.2697E-05 1.2987E-05 1.3308E-05 1.2299E-05 1.2220E-05 1.2143E-05 1.2065E-05 1.1987E-05 1.1880E-05 1.1805E-05 1.4168E-05 1.1644E-05 1.1557E-05
1.9792E-05 2.5129E-05 2.5974E-05 2.7302E-05 2.8330E-05 3.0416E-05 3.0012E-05 3.1546E-05 3.6950E-05 1.3184E-05 1.2620E-05 1.2661E-05 5.3552E-06 5.1608E-06 4.9565E-06 6.1432E-06 1.2840E-05 1.2845E-05 1.2856E-05 6.0916E-06 6.3004E-06 6.5520E-06 6.7380E-06 1.2894E-05 1.2890E-05 1.2883E-05 1.2873E-05 1.2861E-05 2.3948E-05 1.1182E-04 3.0374E-04 5.5702E-04 5.4138E-04 4.6852E-04 3.0200E-04 1.8157E-04 1.4960E-04 1.6835E-04 1.8386E-04 1.9594E-04 2.0475E-04 2.1065E-04 1.3761E-04 7.6203E-05 1.2129E-05 1.2389E-05 1.2672E-05 1.1851E-05 1.1780E-05 1.1710E-05 1.1637E-05 1.1533E-05 1.1462E-05 1.1388E-05 1.3518E-05 1.1572E-05 1.1139E-05
2.2924E-05 2.3975E-05 2.5571E-05 2.6566E-05 2.7999E-05 2.7774E-05 2.1271E-05 1.4987E-05 1.2038E-05 1.2135E-05 1.1966E-05 4.8457E-06 4.6915E-06 4.6306E-06 4.3551E-06 1.2363E-05 1.2367E-05 6.8532E-06 5.5593E-06 5.8584E-06 6.0288E-06 6.2305E-06 1.2399E-05 1.2398E-05 1.2426E-05 1.2418E-05 1.2408E-05 1.2395E-05 1.8133E-05 3.1570E-05 3.0529E-04 5.4404E-04 5.2874E-04 3.7318E-04 2.3772E-04 1.4181E-04 1.5003E-04 1.6802E-04 1.8316E-04 1.9519E-04 2.0410E-04 2.0028E-04 1.2161E-04 6.6519E-05 1.1632E-05 1.1841E-05 1.2082E-05 1.1432E-05 1.1363E-05 1.1294E-05 1.1194E-05 1.1126E-05 1.1055E-05 1.0980E-05 1.0901E-05 1.1658E-05 1.0732E-05
2.2434E-05 2.3162E-05 2.4351E-05 2.6312E-05 2.6005E-05 1.1583E-05 9.1090E-06 7.1202E-06 6.7655E-06 5.8315E-06 4.4150E-06 4.2576E-06 4.2723E-06 3.9390E-06 5.5233E-06 4.7341E-06 4.9302E-06 5.1195E-06 5.3492E-06 5.5033E-06 5.7957E-06 1.1931E-05 1.1928E-05 1.1925E-05 1.1940E-05 1.1931E-05 1.1925E-05 1.3863E-05 2.0377E-05 2.9203E-05 3.3008E-04 5.3286E-04 4.4279E-04 2.9559E-04 1.8752E-04 1.2840E-04 1.4735E-04 1.6450E-04 1.7900E-04 1.9070E-04 1.9976E-04 1.7657E-04 1.0745E-04 4.0570E-05 1.1214E-05 1.1323E-05 1.1544E-05 1.1025E-05 1.0960E-05 1.0865E-05 1.0795E-05 1.0727E-05 1.0657E-05 1.0583E-05 1.0503E-05 1.2048E-05 1.0557E-05
2.1662E-05 2.2195E-05 2.3219E-05 1.9492E-05 1.1018E-05 5.0820E-06 4.4508E-06 4.3093E-06 4.1649E-06 4.0242E-06 3.8722E-06 3.9933E-06 3.5903E-06 3.4570E-06 4.3729E-06 4.5588E-06 4.6915E-06 4.8845E-06 5.0239E-06 5.2143E-06 5.4418E-06 1.1494E-05 1.1495E-05 1.1490E-05 1.1486E-05 1.1481E-05 1.1476E-05 1.5508E-05 2.2290E-05 1.5621E-04 3.6075E-04 5.1097E-04 3.5245E-04 2.3345E-04 1.4588E-04 1.2464E-04 1.4226E-04 1.5832E-04 1.7206E-04 1.8337E-04 1.9236E-04 1.5480E-04 9.2490E-05 3.3511E-05 1.0816E-05 1.0755E-05 1.1029E-05 1.1237E-05 1.0540E-05 1.0473E-05 1.0406E-05 1.0339E-05 1.0267E-05 1.0190E-05 1.0112E-05 1.0031E-05 1.0847E-05
1.8019E-05 1.5377E-05 1.0499E-05 1.0578E-05 1.0629E-05 4.3400E-06 4.1257E-06 3.9155E-06 3.7132E-06 3.6149E-06 3.7304E-06 3.2752E-06 3.1419E-06 4.0889E-06 4.2125E-06 4.3368E-06 4.5162E-06 4.6450E-06 4.8338E-06 4.9693E-06 1.1026E-05 1.1082E-05 1.1080E-05 1.1079E-05 1.1077E-05 1.1074E-05 1.1668E-05 1.6906E-05 2.3770E-05 1.7256E-04 3.8920E-04 4.0623E-04 2.7742E-04 1.8132E-04 1.0939E-04 1.2004E-04 1.3611E-04 1.5079E-04 1.6362E-04 1.7445E-04 1.8311E-04 1.3515E-04 7.7764E-05 2.9363E-05 1.0429E-05 1.0371E-05 1.0328E-05 1.0635E-05 1.0157E-05 1.0089E-05 1.0023E-05 9.9534E-06 9.8804E-06 9.8044E-06 9.7275E-06 9.6504E-06 9.5710E-06
9.9719E-06 1.0028E-05 1.0083E-05 1.0133E-05 4.2614E-06 4.0705E-06 3.8595E-06 3.6447E-06 3.2707E-06 3.1989E-06 3.0358E-06 2.8889E-06 2.7488E-06 3.9379E-06 4.0557E-06 4.1761E-06 4.2973E-06 4.4691E-06 4.5947E-06 4.7780E-06 1.0643E-05 1.0679E-05 1.0684E-05 1.0684E-05 1.0681E-05 1.0677E-05 1.2725E-05 1.8049E-05 6.3448E-05 1.9759E-04 3.9797E-04 3.1392E-04 2.1566E-04 1.3962E-04 9.9930E-05 1.1523E-04 1.2989E-04 1.4333E-04 1.5523E-04 1.6537E-04 1.7371E-04 1.1059E-04 6.5911E-05 1.0108E-05 1.0050E-05 9.9912E-06 9.9062E-06 1.0039E-05 9.7805E-06 9.7141E-06 9.6479E-06 9.5803E-06 9.5107E-06 9.4406E-06 9.3697E-06 9.2972E-06 9.2230E-06
