20220914_progetto_murano/data_input/run_no_deposition/rank(60)_cd_1hr_conc_cd.grd
DSAA
          81          81
     760.250     764.250
    5036.750    5040.750
  0.2349E-01  0.4384E+01
[rows 50 to 74 of 81, columns 0 to 56 of 81]
3.6157E-02 3.7308E-02 3.9914E-02 4.0780E-02 4.1932E-02 4.2631E-02 4.3438E-02 4.4499E-02 4.6873E-02 4.8881E-02 5.4512E-02 5.9217E-02 6.2831E-02 6.2879E-02 6.2978E-02 6.3931E-02 6.7406E-02 6.9144E-02 6.8939E-02 7.5734E-02 8.2926E-02 9.1908E-02 9.5217E-02 1.0292E-01 1.0789E-01 1.1855E-01 1.3171E-01 1.4204E-01 1.5474E-01 1.6656E-01 1.8735E-01 2.2051E-01 2.7334E-01 3.2845E-01 3.6866E-01 4.2148E-01 5.1016E-01 5.4356E-01 5.9115E-01 5.8234E-01 5.5718E-01 4.9738E-01 3.9003E-01 2.9163E-01 1.8960E-01 1.7253E-01 1.9190E-01 1.9920E-01 2.0031E-01 1.5668E-01 1.4291E-01 1.2798E-01 1.1917E-01 1.0802E-01 8.7980E-02 9.8507E-02 8.6310E-02
3.5174E-02 3.6134E-02 3.6313E-02 3.7909E-02 3.8664E-02 4.1250E-02 4.3700E-02 4.4758E-02 4.9943E-02 5.3595E-02 5.3425E-02 5.4669E-02 5.6853E-02 5.7824E-02 5.9667E-02 5.9605E-02 6.1279E-02 6.5547E-02 7.1622E-02 7.5788E-02 8.9757E-02 9.0049E-02 9.9344E-02 1.0381E-01 1.0799E-01 1.1343E-01 1.2454E-01 1.3446E-01 1.4403E-01 1.5615E-01 1.9876E-01 2.3873E-01 2.7301E-01 3.0589E-01 3.4750E-01 3.8561E-01 4.4827E-01 4.4927E-01 4.7001E-01 4.6590E-01 4.4262E-01 3.9927E-01 3.4187E-01 2.5285E-01 1.9906E-01 1.6128E-01 1.5869E-01 1.7944E-01 1.8801E-01 1.6928E-01 1.6113E-01 1.4549E-01 1.3288E-01 1.1515E-01 9.2285E-02 9.0855E-02 8.2424E-02
3.3947E-02 3.5188E-02 3.7023E-02 3.8923E-02 3.9257E-02 4.0893E-02 4.4756E-02 4.6346E-02 4.6325E-02 4.7197E-02 4.8372E-02 5.0272E-02 5.2891E-02 5.2095E-02 5.4753E-02 5.9127E-02 6.4150E-02 7.4930E-02 8.3610E-02 8.5861E-02 9.0594E-02 9.4856E-02 9.9046E-02 9.8815E-02 1.0385E-01 1.1618E-01 1.1792E-01 1.2567E-01 1.3428E-01 1.6753E-01 1.9725E-01 2.3036E-01 2.5769E-01 2.7743E-01 3.0078E-01 3.4629E-01 3.7791E-01 3.7562E-01 3.7815E-01 3.8311E-01 3.6270E-01 3.2495E-01 2.9366E-01 2.2275E-01 2.0052E-01 1.4873E-01 1.3372E-01 1.6678E-01 1.8398E-01 1.8954E-01 1.6546E-01 1.4879E-01 1.4320E-01 1.3140E-01 1.1287E-01 9.1426E-02 8.9747E-02
3.4397E-02 3.4838E-02 3.6270E-02 3.6895E-02 3.8716E-02 4.0166E-02 4.1698E-02 4.3282E-02 4.4365E-02 4.5195E-02 4.6337E-02 4.7890E-02 5.1389E-02 6.1064E-02 6.2379E-02 6.9742E-02 7.4500E-02 7.8125E-02 8.4829E-02 9.0960E-02 8.4806E-02 8.9825E-02 9.3079E-02 1.0088E-01 1.0542E-01 1.0753E-01 1.0595E-01 1.1819E-01 1.4275E-01 1.6546E-01 1.9837E-01 2.0116E-01 2.2699E-01 2.4606E-01 2.7090E-01 3.0299E-01 3.0961E-01 3.1368E-01 3.1311E-01 3.1412E-01 2.9948E-01 2.6813E-01 2.5017E-01 1.8566E-01 1.6509E-01 1.4380E-01 1.3926E-01 1.3590E-01 1.5731E-01 1.7164E-01 1.8869E-01 1.6569E-01 1.5620E-01 1.3046E-01 1.1944E-01 1.0819E-01 9.3042E-02
3.3317E-02 3.4081E-02 3.4369E-02 3.5624E-02 3.5268E-02 3.6748E-02 3.8652E-02 4.2001E-02 4.3794E-02 4.4864E-02 4.9954E-02 5.3900E-02 5.5767E-02 6.2983E-02 6.8961E-02 7.3544E-02 7.3876E-02 7.9968E-02 8.1234E-02 7.8460E-02 8.1207E-02 8.6946E-02 9.3521E-02 9.6083E-02 9.9204E-02 9.9726E-02 1.0455E-01 1.2426E-01 1.3962E-01 1.6216E-01 1.7301E-01 1.8875E-01 2.0582E-01 2.2130E-01 2.4544E-01 2.6513E-01 2.5897E-01 2.6615E-01 2.6156E-01 2.6582E-01 2.5122E-01 2.2776E-01 2.1209E-01 1.7369E-01 1.5785E-01 1.4432E-01 1.3288E-01 1.2045E-01 1.3757E-01 1.3782E-01 1.6670E-01 1.8007E-01 1.7518E-01 1.5086E-01 1.4936E-01 1.1399E-01 1.0099E-01
3.2152E-02 3.2807E-02 3.2953E-02 3.4518E-02 3.6018E-02 3.7501E-02 3.9015E-02 4.2977E-02 4.6245E-02 4.9682E-02 5.1243E-02 5.3854E-02 6.1188E-02 6.1497E-02 6.4326E-02 6.7825E-02 6.5423E-02 6.5250E-02 6.9794E-02 7.6475E-02 8.3107E-02 8.6824E-02 8.8482E-02 9.4693E-02 9.6257E-02 9.8317E-02 1.1316E-01 1.2442E-01 1.4347E-01 1.4792E-01 1.5994E-01 1.7021E-01 1.8272E-01 1.9690E-01 2.2092E-01 2.2614E-01 2.2143E-01 2.2685E-01 2.2407E-01 2.2407E-01 2.1204E-01 1.9655E-01 1.8651E-01 1.6049E-01 1.4841E-01 1.3612E-01 1.2575E-01 1.0926E-01 1.1539E-01 1.3220E-01 1.4575E-01 1.5913E-01 1.5956E-01 1.4688E-01 1.3551E-01 1.4974E-01 1.0896E-01
3.1729E-02 3.2600E-02 3.3876E-02 3.5544E-02 3.7023E-02 4.0420E-02 4.3853E-02 4.7988E-02 4.9022E-02 5.0171E-02 5.2834E-02 5.2083E-02 5.5055E-02 5.9050E-02 6.0132E-02 6.0669E-02 6.2428E-02 6.6432E-02 7.1408E-02 7.4675E-02 8.1651E-02 8.5338E-02 8.8807E-02 9.2889E-02 9.8465E-02 1.0451E-01 1.1489E-01 1.2773E-01 1.3243E-01 1.3929E-01 1.4498E-01 1.5052E-01 1.6465E-01 1.8213E-01 1.8994E-01 1.9099E-01 1.9341E-01 1.9189E-01 1.9384E-01 1.9001E-01 1.8123E-01 1.6902E-01 1.6915E-01 1.4714E-01 1.4124E-01 1.2413E-01 1.1061E-01 1.0837E-01 9.3456E-02 1.0940E-01 1.2174E-01 1.4041E-01 1.4723E-01 1.4491E-01 1.2823E-01 1.2389E-01 1.2104E-01
3.2039E-02 3.3389E-02 3.4719E-02 3.8633E-02 4.0432E-02 4.2383E-02 4.3263E-02 4.4917E-02 4.9864E-02 5.0833E-02 4.8863E-02 5.2956E-02 5.5018E-02 5.4855E-02 5.7102E-02 6.0402E-02 6.2540E-02 6.4634E-02 7.1250E-02 7.4942E-02 7.6485E-02 8.3364E-02 9.1361E-02 9.0441E-02 9.8752E-02 1.1235E-01 1.2132E-01 1.2170E-01 1.2345E-01 1.2834E-01 1.3290E-01 1.3993E-01 1.5322E-01 1.6773E-01 1.7291E-01 1.6849E-01 1.6943E-01 1.6962E-01 1.6842E-01 1.6314E-01 1.5913E-01 1.4887E-01 1.5018E-01 1.4113E-01 1.4197E-01 1.2583E-01 1.0879E-01 1.0805E-01 9.4452E-02 9.5485E-02 1.0839E-01 1.1961E-01 1.4566E-01 1.4597E-01 1.3267E-01 1.2225E-01 1.1380E-01
3.3600E-02 3.4846E-02 3.6107E-02 3.9258E-02 4.0192E-02 4.0224E-02 4.5815E-02 4.4061E-02 4.5688E-02 4.9032E-02 5.2334E-02 5.1213E-02 5.2281E-02 5.6509E-02 5.8423E-02 6.1655E-02 6.4386E-02 6.6478E-02 6.8426E-02 7.0930E-02 7.8947E-02 8.1655E-02 8.6913E-02 9.4013E-02 1.0285E-01 1.1329E-01 1.1387E-01 1.1526E-01 1.1970E-01 1.2306E-01 1.3105E-01 1.3675E-01 1.4839E-01 1.5168E-01 1.5049E-01 1.4505E-01 1.5212E-01 1.4887E-01 1.5211E-01 1.4518E-01 1.4370E-01 1.3494E-01 1.3531E-01 1.3139E-01 1.3647E-01 1.1935E-01 1.0050E-01 1.0560E-01 1.0383E-01 9.8783E-02 9.6843E-02 9.9729E-02 1.1564E-01 1.4031E-01 1.2887E-01 1.2424E-01 1.1913E-01
3.3915E-02 3.5196E-02 3.6086E-02 3.5680E-02 4.0137E-02 4.1421E-02 4.2108E-02 4.3835E-02 4.6508E-02 4.4825E-02 4.5387E-02 4.8539E-02 5.2127E-02 5.5936E-02 5.9766E-02 6.2834E-02 6.5959E-02 6.2060E-02 6.7379E-02 7.0295E-02 7.3777E-02 8.2904E-02 8.7950E-02 9.4254E-02 1.0334E-01 1.0729E-01 1.1028E-01 1.1582E-01 1.1590E-01 1.2194E-01 1.2526E-01 1.3690E-01 1.4102E-01 1.4091E-01 1.3740E-01 1.3281E-01 1.3589E-01 1.3506E-01 1.3822E-01 1.3368E-01 1.3277E-01 1.2734E-01 1.2579E-01 1.2471E-01 1.2591E-01 1.1259E-01 9.7127E-02 1.0360E-01 9.8773E-02 9.8918E-02 1.0344E-01 1.0101E-01 1.0082E-01 1.0607E-01 1.2962E-01 1.2335E-01 1.0697E-01
3.3235E-02 3.4128E-02 3.5080E-02 3.8806E-02 3.8371E-02 3.9175E-02 4.1511E-02 4.0542E-02 4.2464E-02 4.3626E-02 4.5300E-02 5.0176E-02 5.5021E-02 5.8394E-02 5.9588E-02 6.1871E-02 6.1872E-02 6.7188E-02 6.8730E-02 7.2903E-02 8.0666E-02 8.3332E-02 8.7782E-02 9.3874E-02 1.0267E-01 1.0457E-01 1.0697E-01 1.0954E-01 1.1506E-01 1.2056E-01 1.2675E-01 1.3132E-01 1.3565E-01 1.3068E-01 1.2838E-01 1.2611E-01 1.2581E-01 1.2273E-01 1.2594E-01 1.2627E-01 1.2817E-01 1.2221E-01 1.2001E-01 1.1776E-01 1.1810E-01 1.1344E-01 9.3757E-02 9.2071E-02 9.3963E-02 9.3092E-02 9.4096E-02 9.7728E-02 9.5654E-02 9.7322E-02 1.0373E-01 1.2336E-01 1.0448E-01
3.3145E-02 3.5522E-02 3.5343E-02 3.5682E-02 3.6249E-02 3.8922E-02 4.0306E-02 3.9336E-02 4.1611E-02 4.3830E-02 4.7871E-02 5.2107E-02 5.6684E-02 5.7326E-02 6.0426E-02 6.1268E-02 6.1693E-02 6.5448E-02 6.9130E-02 7.8364E-02 7.8459E-02 8.4863E-02 8.7209E-02 9.4242E-02 9.7352E-02 1.0016E-01 1.0868E-01 1.0885E-01 1.1599E-01 1.1924E-01 1.2931E-01 1.2908E-01 1.2957E-01 1.2669E-01 1.2189E-01 1.2031E-01 1.1921E-01 1.1591E-01 1.1966E-01 1.1896E-01 1.2203E-01 1.2183E-01 1.1269E-01 1.1145E-01 1.1519E-01 1.0822E-01 9.9366E-02 8.8961E-02 9.0031E-02 8.4205E-02 8.5594E-02 1.0022E-01 9.3915E-02 8.8333E-02 9.3048E-02 1.0095E-01 1.1158E-01
3.3054E-02 3.4098E-02 3.3449E-02 3.6822E-02 3.6161E-02 3.6585E-02 3.8980E-02 4.0967E-02 4.2530E-02 4.6651E-02 4.7821E-02 5.0842E-02 5.5085E-02 5.7494E-02 5.5435E-02 6.1776E-02 6.2436E-02 6.5984E-02 7.4375E-02 8.2646E-02 8.1046E-02 8.3830E-02 8.8571E-02 9.0292E-02 9.3731E-02 9.8203E-02 1.0316E-01 1.1029E-01 1.1712E-01 1.2152E-01 1.2030E-01 1.2560E-01 1.1792E-01 1.1873E-01 1.1858E-01 1.1700E-01 1.1436E-01 1.0977E-01 1.1209E-01 1.1630E-01 1.1591E-01 1.1514E-01 1.0743E-01 1.0445E-01 1.1645E-01 1.0766E-01 9.8164E-02 8.9481E-02 8.7923E-02 8.2695E-02 7.8968E-02 8.6948E-02 9.4021E-02 9.0162E-02 8.1154E-02 9.1429E-02 9.2096E-02
3.2952E-02 3.4667E-02 3.4955E-02 3.4756E-02 3.6119E-02 3.7487E-02 3.7382E-02 4.1745E-02 4.4198E-02 4.7060E-02 4.8597E-02 5.0778E-02 5.3301E-02 5.3060E-02 6.0352E-02 6.1729E-02 6.5363E-02 7.1693E-02 7.7413E-02 7.5775E-02 8.0875E-02 8.5133E-02 8.7141E-02 8.8863E-02 8.9810E-02 9.9663E-02 1.0326E-01 1.0881E-01 1.1435E-01 1.1559E-01 1.1601E-01 1.2020E-01 1.1594E-01 1.1447E-01 1.1187E-01 1.1356E-01 1.0941E-01 1.0504E-01 1.0919E-01 1.1252E-01 1.1270E-01 1.1006E-01 1.0361E-01 1.0095E-01 1.0974E-01 1.0680E-01 9.6205E-02 8.7512E-02 8.7171E-02 8.0774E-02 7.6202E-02 7.5424E-02 9.8224E-02 8.9809E-02 8.0817E-02 7.2678E-02 9.0266E-02
3.2840E-02 3.2016E-02 3.3344E-02 3.3797E-02 3.3614E-02 3.7394E-02 4.0998E-02 4.1662E-02 4.3483E-02 4.3423E-02 4.6296E-02 4.8898E-02 5.2693E-02 5.9099E-02 6.0375E-02 6.1384E-02 6.9775E-02 7.3420E-02 7.2818E-02 7.8309E-02 8.1700E-02 8.4984E-02 8.6828E-02 8.6138E-02 9.3150E-02 9.3452E-02 1.0417E-01 1.0561E-01 1.0916E-01 1.0933E-01 1.1232E-01 1.1318E-01 1.1233E-01 1.1011E-01 1.0781E-01 1.0883E-01 1.0417E-01 1.0352E-01 1.0634E-01 1.0586E-01 1.0567E-01 1.0789E-01 1.0096E-01 9.6302E-02 1.0611E-01 1.0667E-01 9.6236E-02 8.6406E-02 8.5474E-02 8.2926E-02 7.9170E-02 7.3346E-02 7.9242E-02 9.2206E-02 8.0958E-02 7.0128E-02 7.7308E-02
3.1957E-02 3.0396E-02 3.0540E-02 3.4303E-02 3.6355E-02 3.8123E-02 3.9740E-02 4.1537E-02 4.1298E-02 4.5533E-02 4.9979E-02 5.0552E-02 5.6157E-02 5.9054E-02 6.0356E-02 6.5372E-02 6.8830E-02 7.0197E-02 7.6222E-02 7.7306E-02 8.3994E-02 8.5803E-02 8.6608E-02 8.9196E-02 9.1052E-02 9.7424E-02 1.0154E-01 1.0553E-01 1.0427E-01 1.0654E-01 1.0942E-01 1.0560E-01 1.0533E-01 1.0500E-01 1.0232E-01 1.0395E-01 1.0106E-01 1.0197E-01 1.0390E-01 1.0534E-01 1.0658E-01 1.0288E-01 9.9308E-02 9.3081E-02 9.7650E-02 1.0322E-01 9.4651E-02 9.0004E-02 8.4188E-02 8.4442E-02 7.5505E-02 7.1973E-02 7.0516E-02 8.0867E-02 8.6588E-02 6.9048E-02 7.0287E-02
2.8280E-02 3.1470E-02 3.4682E-02 3.5206E-02 3.6511E-02 3.7881E-02 3.8384E-02 3.9913E-02 4.5023E-02 4.9949E-02 4.8472E-02 5.6386E-02 5.6963E-02 5.7072E-02 6.0962E-02 6.3575E-02 6.6465E-02 7.2876E-02 7.5095E-02 8.1072E-02 8.2872E-02 8.6835E-02 8.7183E-02 9.0919E-02 9.4238E-02 9.8454E-02 1.0011E-01 1.0150E-01 1.0128E-01 1.0073E-01 1.0411E-01 1.0144E-01 1.0247E-01 1.0291E-01 1.0142E-01 9.9313E-02 9.6945E-02 9.8136E-02 9.9088E-02 1.0054E-01 1.0407E-01 1.0043E-01 9.5756E-02 9.0257E-02 9.2113E-02 1.0032E-01 9.3966E-02 8.5951E-02 8.6003E-02 7.9604E-02 7.4509E-02 7.1537E-02 6.3509E-02 7.1227E-02 8.2357E-02 7.4195E-02 6.3137E-02
3.0289E-02 3.3219E-02 3.3454E-02 3.4243E-02 3.5773E-02 3.6957E-02 3.8345E-02 4.5026E-02 4.2765E-02 4.7772E-02 5.4540E-02 5.4269E-02 5.3788E-02 5.9601E-02 6.0219E-02 6.3830E-02 6.7902E-02 7.1737E-02 7.5685E-02 8.0074E-02 8.4748E-02 8.5549E-02 8.7377E-02 9.4463E-02 9.5094E-02 9.7402E-02 9.8975E-02 9.8594E-02 9.9256E-02 9.9973E-02 1.0084E-01 1.0083E-01 9.9896E-02 9.8169E-02 9.6966E-02 9.5169E-02 9.5459E-02 9.3496E-02 9.4943E-02 9.6773E-02 1.0161E-01 9.6672E-02 9.4220E-02 8.8995E-02 8.9870E-02 9.6620E-02 9.1452E-02 9.0308E-02 8.5266E-02 8.3299E-02 7.4124E-02 7.0436E-02 6.6925E-02 6.6912E-02 7.4939E-02 7.7482E-02 6.3773E-02
3.0601E-02 3.1181E-02 3.2495E-02 3.3947E-02 3.5415E-02 3.7238E-02 4.2147E-02 4.1383E-02 4.4536E-02 4.8730E-02 5.1779E-02 5.2276E-02 5.7044E-02 5.7611E-02 6.0557E-02 6.2878E-02 6.7242E-02 6.9762E-02 7.5788E-02 7.6999E-02 8.2919E-02 8.3558E-02 8.9506E-02 9.7843E-02 9.8594E-02 9.6872E-02 9.7977E-02 9.6382E-02 9.6795E-02 9.9117E-02 9.7557E-02 9.9814E-02 9.8152E-02 9.6073E-02 9.2646E-02 9.1422E-02 9.2364E-02 9.2052E-02 9.2513E-02 9.3446E-02 9.6614E-02 9.2814E-02 9.4110E-02 8.5642E-02 8.8713E-02 9.0924E-02 9.1683E-02 8.7935E-02 7.9815E-02 8.3873E-02 7.6581E-02 6.8425E-02 6.2280E-02 5.8566E-02 7.0365E-02 7.2930E-02 6.9132E-02
2.9761E-02 3.1031E-02 3.2242E-02 3.3219E-02 3.7303E-02 3.9838E-02 4.0461E-02 4.1996E-02 4.4420E-02 4.9605E-02 4.9029E-02 5.3469E-02 5.5333E-02 5.7832E-02 5.8456E-02 6.3992E-02 6.5768E-02 7.0967E-02 7.3515E-02 7.9545E-02 7.9866E-02 8.5167E-02 9.0517E-02 9.5489E-02 9.6704E-02 9.7094E-02 9.7623E-02 9.6450E-02 9.3900E-02 1.0005E-01 9.9324E-02 9.8762E-02 9.6699E-02 9.3165E-02 8.8933E-02 8.7733E-02 9.0034E-02 9.0183E-02 8.9502E-02 9.3135E-02 9.3978E-02 9.3534E-02 9.2138E-02 8.5540E-02 8.5340E-02 8.0515E-02 8.7345E-02 8.5175E-02 8.3706E-02 8.0315E-02 7.7553E-02 6.8934E-02 6.4672E-02 6.1839E-02 6.4836E-02 7.4607E-02 6.5210E-02
2.8651E-02 3.0994E-02 3.2183E-02 3.5895E-02 3.8711E-02 3.9708E-02 4.1809E-02 4.3099E-02 4.5615E-02 4.6702E-02 4.9513E-02 5.1118E-02 5.4447E-02 5.5010E-02 6.1981E-02 6.2533E-02 6.5851E-02 6.9954E-02 7.4658E-02 7.5616E-02 7.9534E-02 8.6975E-02 9.1178E-02 9.4662E-02 9.4688E-02 9.5766E-02 9.4134E-02 9.5696E-02 9.6103E-02 9.5840E-02 9.8638E-02 9.6648E-02 9.5034E-02 9.1079E-02 8.7248E-02 8.6885E-02 8.8518E-02 8.8177E-02 8.7624E-02 8.9975E-02 9.2049E-02 9.2626E-02 9.1500E-02 8.6782E-02 8.8958E-02 7.8595E-02 8.4894E-02 8.3664E-02 8.5314E-02 7.8919E-02 7.9456E-02 7.1512E-02 5.8846E-02 5.8027E-02 5.9364E-02 6.2513E-02 6.4580E-02
2.9483E-02 3.0931E-02 3.2039E-02 3.7433E-02 3.7690E-02 3.8403E-02 4.0039E-02 4.2038E-02 4.4679E-02 4.6918E-02 4.8182E-02 5.3334E-02 5.2490E-02 5.8879E-02 6.0284E-02 6.2953E-02 6.6604E-02 7.0342E-02 7.2536E-02 7.4462E-02 8.1115E-02 8.5238E-02 9.0378E-02 9.0062E-02 9.3762E-02 9.4159E-02 9.2706E-02 9.2373E-02 9.6214E-02 9.6825E-02 9.5788E-02 9.4966E-02 9.4897E-02 8.7963E-02 8.5712E-02 8.4797E-02 8.6402E-02 8.4246E-02 8.5457E-02 8.7821E-02 8.9942E-02 9.0327E-02 8.9769E-02 8.6548E-02 8.8232E-02 8.1977E-02 7.9152E-02 8.0204E-02 8.1404E-02 7.8339E-02 7.9222E-02 7.1790E-02 6.0724E-02 5.7794E-02 5.2788E-02 6.4566E-02 6.4371E-02
3.0081E-02 3.0912E-02 3.4527E-02 3.3911E-02 3.8575E-02 3.9157E-02 4.0637E-02 4.3143E-02 4.3798E-02 4.6761E-02 4.8292E-02 5.1353E-02 5.6199E-02 5.6769E-02 5.9718E-02 6.4900E-02 6.6034E-02 7.0201E-02 7.1312E-02 7.6474E-02 8.2539E-02 8.5783E-02 8.5906E-02 8.9145E-02 8.9710E-02 8.9090E-02 9.1975E-02 9.2388E-02 9.3991E-02 9.4573E-02 9.4877E-02 9.3482E-02 9.1079E-02 8.6516E-02 8.4333E-02 8.4662E-02 8.3991E-02 8.3520E-02 8.5592E-02 8.7510E-02 8.7478E-02 8.8061E-02 8.9674E-02 8.5683E-02 8.4991E-02 8.1975E-02 7.4822E-02 7.8455E-02 8.0077E-02 8.0130E-02 7.3241E-02 7.5345E-02 6.4164E-02 5.4139E-02 5.1878E-02 5.4850E-02 5.7886E-02
2.9827E-02 3.2661E-02 3.2761E-02 3.5025E-02 3.8324E-02 3.9501E-02 4.1659E-02 4.2192E-02 4.5046E-02 4.5562E-02 4.8071E-02 5.3396E-02 5.3774E-02 5.7465E-02 6.2926E-02 6.4193E-02 6.8389E-02 6.8359E-02 7.1588E-02 7.8960E-02 8.4102E-02 8.2985E-02 8.5645E-02 8.7888E-02 8.7836E-02 8.7600E-02 9.2026E-02 8.9904E-02 9.2978E-02 9.2785E-02 9.1676E-02 9.0754E-02 8.8818E-02 8.5184E-02 8.3450E-02 8.2891E-02 8.1743E-02 8.3395E-02 8.3809E-02 8.4344E-02 8.6361E-02 8.7311E-02 8.8830E-02 8.4985E-02 8.5992E-02 8.2013E-02 7.7118E-02 7.7771E-02 7.5938E-02 7.6278E-02 7.0035E-02 7.4462E-02 6.6780E-02 5.4824E-02 5.2789E-02 4.7224E-02 5.6429E-02
3.0929E-02 3.1237E-02 3.6143E-02 3.7482E-02 3.8857E-02 3.9906E-02 4.0079E-02 4.1907E-02 4.1854E-02 4.5043E-02 4.9151E-02 5.1658E-02 5.5025E-02 6.0487E-02 6.3212E-02 6.4952E-02 6.7007E-02 6.8051E-02 7.4742E-02 8.0422E-02 8.2364E-02 8.1505E-02 8.4310E-02 8.6479E-02 8.4756E-02 8.6333E-02 8.8952E-02 8.9245E-02 8.9835E-02 8.8435E-02 8.8988E-02 8.7897E-02 8.4584E-02 8.1778E-02 8.1605E-02 8.1046E-02 7.9972E-02 8.1333E-02 8.2209E-02 8.1587E-02 8.3591E-02 8.6915E-02 8.5192E-02 8.3087E-02 8.5407E-02 8.2215E-02 7.4702E-02 7.5311E-02 7.5838E-02 7.3263E-02 7.0719E-02 6.9913E-02 6.8712E-02 5.7146E-02 5.0104E-02 5.1542E-02 5.4463E-02
