20220914_progetto_murano/data_input/run_no_deposition/rank(30)_cd_24hr_conc_cd.grd
DSAA
          81          81
     760.250     764.250
    5036.750    5040.750
  0.1421E-02  0.3582E+00
[rows 0 to 24 of 81, columns 0 to 56 of 81]
8.7625E-03 9.2336E-03 1.0055E-02 1.0762E-02 1.1626E-02 1.1142E-02 1.1778E-02 1.2974E-02 1.2769E-02 1.3115E-02 1.2920E-02 1.3723E-02 1.4811E-02 1.5200E-02 1.6060E-02 1.6609E-02 1.7043E-02 1.7838E-02 1.8835E-02 1.9185E-02 2.1659E-02 2.3073E-02 2.2935E-02 2.4778E-02 2.7055E-02 2.8060E-02 3.0601E-02 3.0911E-02 3.2246E-02 3.2785E-02 3.3713E-02 3.5117E-02 3.4883E-02 3.6139E-02 3.6298E-02 3.6339E-02 3.7093E-02 3.7210E-02 3.8586E-02 3.9482E-02 3.9455E-02 3.7907E-02 3.5807E-02 3.6048E-02 3.3197E-02 3.1482E-02 3.2199E-02 3.0390E-02 2.9355E-02 2.9537E-02 2.9184E-02 2.7778E-02 2.5272E-02 2.4544E-02 2.3341E-02 2.3282E-02 2.1302E-02
9.6139E-03 9.0754E-03 9.3827E-03 1.0617E-02 1.1269E-02 1.2163E-02 1.1592E-02 1.2341E-02 1.3279E-02 1.3465E-02 1.3562E-02 1.3393E-02 1.4239E-02 1.5102E-02 1.5595E-02 1.6722E-02 1.7084E-02 1.8039E-02 1.8765E-02 1.9778E-02 2.1038E-02 2.3303E-02 2.3467E-02 2.4896E-02 2.7601E-02 2.9148E-02 3.1291E-02 3.2808E-02 3.4117E-02 3.3630E-02 3.5382E-02 3.6383E-02 3.6872E-02 3.7676E-02 3.7397E-02 3.7215E-02 3.7996E-02 3.8983E-02 3.9871E-02 4.0348E-02 4.0357E-02 3.8853E-02 3.7426E-02 3.7379E-02 3.4888E-02 3.3068E-02 3.3264E-02 3.1314E-02 3.1057E-02 3.0744E-02 3.0192E-02 2.8387E-02 2.5924E-02 2.4792E-02 2.3671E-02 2.3529E-02 2.1593E-02
9.2944E-03 9.8023E-03 9.3845E-03 9.7375E-03 1.1138E-02 1.1777E-02 1.2749E-02 1.2167E-02 1.3116E-02 1.3335E-02 1.3739E-02 1.3730E-02 1.4102E-02 1.4486E-02 1.5616E-02 1.6451E-02 1.7069E-02 1.7927E-02 1.8245E-02 1.9990E-02 2.0663E-02 2.3041E-02 2.4724E-02 2.4811E-02 2.6838E-02 2.9447E-02 3.1143E-02 3.2898E-02 3.4408E-02 3.4600E-02 3.7225E-02 3.8560E-02 3.8337E-02 3.9251E-02 3.8893E-02 3.8469E-02 3.8736E-02 4.0899E-02 4.1904E-02 4.2040E-02 4.1382E-02 4.0612E-02 3.8600E-02 3.8853E-02 3.7037E-02 3.5477E-02 3.4386E-02 3.2800E-02 3.2532E-02 3.2030E-02 3.1163E-02 2.8679E-02 2.6759E-02 2.5976E-02 2.4903E-02 2.3418E-02 2.1665E-02
9.4204E-03 9.4852E-03 9.9957E-03 9.7275E-03 1.0133E-02 1.1690E-02 1.2367E-02 1.3366E-02 1.2775E-02 1.3754E-02 1.3634E-02 1.3994E-02 1.3945E-02 1.4587E-02 1.5891E-02 1.6596E-02 1.7293E-02 1.7608E-02 1.8372E-02 1.9956E-02 2.1324E-02 2.2076E-02 2.5141E-02 2.5726E-02 2.7305E-02 2.9380E-02 3.2258E-02 3.4565E-02 3.6240E-02 3.6832E-02 3.7776E-02 4.0147E-02 4.0163E-02 4.0753E-02 4.1094E-02 4.0236E-02 3.9757E-02 4.1681E-02 4.3752E-02 4.4140E-02 4.3335E-02 4.2586E-02 4.0322E-02 3.9841E-02 3.8789E-02 3.6355E-02 3.5553E-02 3.4042E-02 3.3402E-02 3.2994E-02 3.1729E-02 3.0021E-02 2.7025E-02 2.6407E-02 2.6751E-02 2.3141E-02 2.1398E-02
9.5952E-03 9.7977E-03 9.7215E-03 1.0212E-02 1.0118E-02 1.0447E-02 1.2241E-02 1.2991E-02 1.3640E-02 1.3429E-02 1.4266E-02 1.4144E-02 1.4439E-02 1.4359E-02 1.5204E-02 1.6350E-02 1.6942E-02 1.7929E-02 1.8231E-02 1.9268E-02 2.1215E-02 2.2895E-02 2.4681E-02 2.7116E-02 2.6856E-02 2.9555E-02 3.1908E-02 3.5693E-02 3.7110E-02 3.9280E-02 3.9168E-02 4.1807E-02 4.2256E-02 4.2329E-02 4.2723E-02 4.2072E-02 4.1745E-02 4.2576E-02 4.6024E-02 4.6378E-02 4.5485E-02 4.4697E-02 4.2462E-02 4.2115E-02 3.9772E-02 3.8070E-02 3.6779E-02 3.4305E-02 3.3731E-02 3.4308E-02 3.2045E-02 3.1381E-02 2.7891E-02 2.6863E-02 2.7305E-02 2.2896E-02 2.1792E-02
9.4628E-03 9.7985E-03 1.0088E-02 1.0130E-02 1.0409E-02 1.0513E-02 1.0870E-02 1.2730E-02 1.3654E-02 1.3949E-02 1.4118E-02 1.4790E-02 1.4451E-02 1.5138E-02 1.5216E-02 1.5977E-02 1.7078E-02 1.7930E-02 1.8656E-02 1.9221E-02 2.1243E-02 2.2688E-02 2.4772E-02 2.7672E-02 2.8058E-02 3.0053E-02 3.2283E-02 3.6311E-02 3.9522E-02 3.9623E-02 4.1032E-02 4.4156E-02 4.3154E-02 4.4342E-02 4.5931E-02 4.3906E-02 4.4357E-02 4.3624E-02 4.9019E-02 4.9779E-02 4.7640E-02 4.6344E-02 4.5294E-02 4.3404E-02 4.0692E-02 4.0033E-02 3.8631E-02 3.5379E-02 3.5138E-02 3.5657E-02 3.3258E-02 3.1309E-02 2.9074E-02 2.8226E-02 2.6203E-02 2.3134E-02 2.1819E-02
9.2339E-03 9.6578E-03 9.9792E-03 1.0663E-02 1.0468E-02 1.0641E-02 1.0776E-02 1.1355E-02 1.2977E-02 1.4372E-02 1.4675E-02 1.4868E-02 1.5262E-02 1.5279E-02 1.5400E-02 1.6146E-02 1.7258E-02 1.8213E-02 1.9153E-02 1.9465E-02 2.1251E-02 2.2750E-02 2.5380E-02 2.6946E-02 2.9749E-02 3.0480E-02 3.3042E-02 3.5362E-02 4.0612E-02 4.2349E-02 4.2954E-02 4.5684E-02 4.7491E-02 4.6705E-02 4.9083E-02 4.7261E-02 4.7259E-02 4.6450E-02 5.2215E-02 5.2080E-02 5.0775E-02 4.8115E-02 4.7810E-02 4.4429E-02 4.2720E-02 4.1911E-02 4.0456E-02 3.6495E-02 3.6765E-02 3.6006E-02 3.4734E-02 3.1491E-02 3.0468E-02 2.9349E-02 2.5327E-02 2.3670E-02 2.2099E-02
9.2030E-03 9.3795E-03 9.8303E-03 1.0190E-02 1.1158E-02 1.0771E-02 1.0968E-02 1.1006E-02 1.1782E-02 1.3142E-02 1.5131E-02 1.5429E-02 1.5653E-02 1.5889E-02 1.6062E-02 1.6059E-02 1.7188E-02 1.8398E-02 1.8942E-02 2.0563E-02 2.0969E-02 2.2559E-02 2.4145E-02 2.7227E-02 3.0166E-02 3.1275E-02 3.3613E-02 3.5530E-02 4.0186E-02 4.4547E-02 4.5721E-02 4.7383E-02 4.9477E-02 4.8428E-02 5.1668E-02 5.0144E-02 5.0197E-02 4.9679E-02 5.4821E-02 5.4576E-02 5.3950E-02 5.1414E-02 5.1070E-02 4.7205E-02 4.5678E-02 4.4177E-02 4.0828E-02 3.7820E-02 3.7555E-02 3.6505E-02 3.5769E-02 3.1962E-02 3.1018E-02 2.9878E-02 2.5726E-02 2.4102E-02 2.3000E-02
8.5806E-03 9.5805E-03 9.5626E-03 1.0037E-02 1.0399E-02 1.1489E-02 1.1363E-02 1.1472E-02 1.1272E-02 1.2375E-02 1.3721E-02 1.5965E-02 1.5997E-02 1.6424E-02 1.6478E-02 1.6909E-02 1.7118E-02 1.8376E-02 1.9463E-02 2.0324E-02 2.1555E-02 2.2873E-02 2.4230E-02 2.7493E-02 3.0756E-02 3.2911E-02 3.4400E-02 3.6637E-02 4.0048E-02 4.5616E-02 4.6744E-02 4.8462E-02 5.1437E-02 5.0039E-02 5.3188E-02 5.3250E-02 5.3440E-02 5.2774E-02 5.7175E-02 5.6176E-02 5.8101E-02 5.3778E-02 5.3632E-02 5.0638E-02 4.8863E-02 4.6967E-02 4.3377E-02 4.0963E-02 3.8823E-02 3.8321E-02 3.6813E-02 3.2689E-02 3.1708E-02 2.8330E-02 2.6145E-02 2.3389E-02 2.3089E-02
8.8437E-03 8.7748E-03 9.7766E-03 9.7341E-03 1.0313E-02 1.0622E-02 1.1836E-02 1.2002E-02 1.1954E-02 1.1682E-02 1.2959E-02 1.4498E-02 1.6607E-02 1.5953E-02 1.7283E-02 1.7522E-02 1.7901E-02 1.8268E-02 1.9721E-02 2.1080E-02 2.2019E-02 2.2716E-02 2.4761E-02 2.6429E-02 3.0694E-02 3.3230E-02 3.4504E-02 3.7653E-02 4.0031E-02 4.6518E-02 4.9623E-02 5.0610E-02 5.3300E-02 5.3003E-02 5.5723E-02 5.6054E-02 5.5498E-02 5.5198E-02 5.8660E-02 5.9880E-02 6.1520E-02 5.6397E-02 5.6093E-02 5.4528E-02 5.1322E-02 4.8761E-02 4.5293E-02 4.2298E-02 4.0911E-02 3.9276E-02 3.7640E-02 3.3652E-02 3.2346E-02 2.8457E-02 2.6609E-02 2.4767E-02 2.3545E-02
8.6066E-03 9.0046E-03 9.0149E-03 9.9296E-03 1.0092E-02 1.0691E-02 1.0872E-02 1.2205E-02 1.2691E-02 1.2253E-02 1.1882E-02 1.3771E-02 1.5384E-02 1.7051E-02 1.7490E-02 1.8328E-02 1.8651E-02 1.8614E-02 1.9527E-02 2.1248E-02 2.2681E-02 2.3826E-02 2.4705E-02 2.6452E-02 3.0127E-02 3.3662E-02 3.6923E-02 3.9159E-02 4.1511E-02 4.6495E-02 5.2297E-02 5.3179E-02 5.6001E-02 5.5740E-02 5.8329E-02 5.8721E-02 5.7528E-02 5.8480E-02 6.0340E-02 6.3079E-02 6.5666E-02 6.1032E-02 5.8547E-02 5.6093E-02 5.4456E-02 5.1441E-02 4.6594E-02 4.4783E-02 4.2358E-02 4.1081E-02 3.8797E-02 3.5307E-02 3.2298E-02 2.8894E-02 2.5663E-02 2.5573E-02 2.4055E-02
7.7935E-03 8.5811E-03 9.3718E-03 9.4760E-03 1.0084E-02 1.0530E-02 1.1188E-02 1.1147E-02 1.2608E-02 1.3289E-02 1.2972E-02 1.2280E-02 1.4730E-02 1.6332E-02 1.7143E-02 1.8484E-02 1.9643E-02 1.9378E-02 1.9099E-02 2.1154E-02 2.2904E-02 2.4394E-02 2.5679E-02 2.7470E-02 2.9416E-02 3.3438E-02 3.7728E-02 3.9406E-02 4.3779E-02 4.7734E-02 5.1365E-02 5.5157E-02 5.9189E-02 5.8877E-02 6.0552E-02 6.1958E-02 6.1429E-02 6.1657E-02 6.2989E-02 6.6727E-02 7.0847E-02 6.4438E-02 6.1297E-02 5.9115E-02 5.6976E-02 5.2037E-02 4.7816E-02 4.5873E-02 4.4908E-02 4.2456E-02 3.9518E-02 3.6611E-02 3.2182E-02 3.0039E-02 2.7437E-02 2.6006E-02 2.5335E-02
7.5514E-03 8.1210E-03 8.8246E-03 9.7378E-03 9.9798E-03 1.0151E-02 1.0768E-02 1.1764E-02 1.1467E-02 1.3074E-02 1.4020E-02 1.3694E-02 1.2814E-02 1.5466E-02 1.7373E-02 1.7479E-02 1.9777E-02 2.0970E-02 1.9940E-02 2.0606E-02 2.3109E-02 2.5174E-02 2.6427E-02 2.7598E-02 3.0091E-02 3.3155E-02 3.8054E-02 4.0677E-02 4.3404E-02 4.8438E-02 5.5877E-02 5.7495E-02 6.1465E-02 6.2605E-02 6.3254E-02 6.5958E-02 6.4859E-02 6.4403E-02 6.6263E-02 6.9789E-02 7.5534E-02 6.8496E-02 6.4649E-02 6.4115E-02 5.9535E-02 5.4100E-02 4.8965E-02 4.8662E-02 4.7647E-02 4.4171E-02 3.9087E-02 3.7049E-02 3.2387E-02 2.9121E-02 2.8561E-02 2.6757E-02 2.7259E-02
7.7009E-03 7.7331E-03 8.5501E-03 9.1518E-03 1.0022E-02 1.0254E-02 1.0315E-02 1.1074E-02 1.2035E-02 1.1869E-02 1.3740E-02 1.4948E-02 1.4478E-02 1.3534E-02 1.6469E-02 1.8135E-02 1.9052E-02 2.1341E-02 2.1464E-02 2.1430E-02 2.3448E-02 2.5458E-02 2.7499E-02 2.8697E-02 3.1768E-02 3.3416E-02 3.7939E-02 4.2109E-02 4.4962E-02 5.0789E-02 5.6702E-02 5.9997E-02 6.3759E-02 6.6268E-02 6.5189E-02 7.0101E-02 6.8478E-02 6.8945E-02 6.9040E-02 7.3824E-02 7.7838E-02 7.2372E-02 6.7813E-02 6.7216E-02 6.2062E-02 5.6161E-02 5.1134E-02 5.1742E-02 5.0572E-02 4.5901E-02 3.9619E-02 3.7359E-02 3.4035E-02 3.0910E-02 2.9978E-02 2.7526E-02 2.7673E-02
7.7843E-03 7.8062E-03 7.9391E-03 8.4816E-03 9.4440E-03 1.0181E-02 1.0857E-02 1.0939E-02 1.1433E-02 1.2299E-02 1.2606E-02 1.4644E-02 1.6334E-02 1.5490E-02 1.4459E-02 1.7692E-02 1.9010E-02 2.0226E-02 2.1977E-02 2.3876E-02 2.2909E-02 2.5611E-02 2.7930E-02 3.0336E-02 3.1378E-02 3.5475E-02 3.7436E-02 4.3295E-02 4.4913E-02 5.0037E-02 5.7033E-02 6.2500E-02 6.5958E-02 7.0716E-02 6.8372E-02 7.4301E-02 7.1752E-02 7.2538E-02 7.2349E-02 7.8116E-02 7.9698E-02 7.6228E-02 7.1426E-02 7.0223E-02 6.4872E-02 5.8099E-02 5.5502E-02 5.5329E-02 5.2175E-02 4.7022E-02 4.1783E-02 3.7603E-02 3.4250E-02 3.2042E-02 3.0557E-02 3.0630E-02 2.8269E-02
7.7788E-03 8.0519E-03 8.0613E-03 8.1128E-03 8.4271E-03 1.0160E-02 1.0510E-02 1.1212E-02 1.1480E-02 1.1829E-02 1.3172E-02 1.3365E-02 1.5828E-02 1.7373E-02 1.6607E-02 1.5674E-02 1.9128E-02 2.0493E-02 2.1839E-02 2.3277E-02 2.4895E-02 2.4769E-02 2.8363E-02 3.1535E-02 3.3550E-02 3.5409E-02 3.8419E-02 4.4232E-02 4.7721E-02 5.0424E-02 5.8182E-02 6.4843E-02 7.0028E-02 7.2669E-02 7.2628E-02 7.8160E-02 7.3972E-02 7.4962E-02 7.6077E-02 8.0544E-02 8.4888E-02 8.0586E-02 7.5474E-02 7.3365E-02 6.8270E-02 6.0124E-02 6.0929E-02 5.7132E-02 5.1934E-02 4.7793E-02 4.2227E-02 3.8240E-02 3.5084E-02 3.3805E-02 3.0877E-02 3.0188E-02 2.8829E-02
8.1937E-03 8.1458E-03 8.3157E-03 8.6749E-03 8.6889E-03 8.7169E-03 9.8708E-03 1.1033E-02 1.1958E-02 1.1987E-02 1.2726E-02 1.3496E-02 1.4185E-02 1.7291E-02 1.8564E-02 1.8161E-02 1.7357E-02 2.0003E-02 2.2096E-02 2.3388E-02 2.5342E-02 2.6216E-02 2.8236E-02 3.1568E-02 3.5245E-02 3.6735E-02 4.0348E-02 4.3562E-02 4.8339E-02 5.0947E-02 5.9917E-02 6.7449E-02 7.0821E-02 7.8424E-02 7.4801E-02 8.1008E-02 7.8567E-02 7.7177E-02 8.1304E-02 8.4805E-02 9.0672E-02 8.4834E-02 8.0710E-02 7.6664E-02 7.1757E-02 6.2151E-02 6.4131E-02 5.9042E-02 5.4647E-02 4.6607E-02 4.2518E-02 3.8524E-02 3.6398E-02 3.4606E-02 3.2873E-02 3.1521E-02 2.8110E-02
8.0621E-03 8.5723E-03 8.5402E-03 8.7125E-03 8.6015E-03 9.0418E-03 9.0520E-03 1.0028E-02 1.1900E-02 1.2283E-02 1.2773E-02 1.3390E-02 1.4530E-02 1.5731E-02 1.9024E-02 1.9560E-02 1.9634E-02 1.8877E-02 2.1945E-02 2.4002E-02 2.4892E-02 2.7544E-02 2.7991E-02 3.2116E-02 3.5538E-02 3.8693E-02 4.0421E-02 4.3433E-02 4.9080E-02 5.2388E-02 6.0172E-02 6.6099E-02 7.2481E-02 8.1441E-02 8.0234E-02 8.2478E-02 8.3606E-02 8.0487E-02 8.5548E-02 8.8357E-02 9.4692E-02 8.9724E-02 8.5180E-02 7.8891E-02 7.2429E-02 6.4185E-02 6.7477E-02 6.1340E-02 5.3983E-02 4.5471E-02 4.2282E-02 3.9031E-02 3.7956E-02 3.4480E-02 3.3151E-02 3.1494E-02 2.6831E-02
8.4867E-03 8.4952E-03 8.8860E-03 8.9741E-03 9.6777E-03 9.4213E-03 9.6274E-03 9.4095E-03 1.0398E-02 1.1845E-02 1.3597E-02 1.3374E-02 1.4653E-02 1.6566E-02 1.7870E-02 1.9855E-02 2.0796E-02 2.0963E-02 2.0632E-02 2.3038E-02 2.6117E-02 2.7330E-02 3.0044E-02 3.2128E-02 3.6084E-02 3.8927E-02 4.2626E-02 4.5094E-02 4.8285E-02 5.4252E-02 5.7858E-02 6.7473E-02 7.3963E-02 8.3598E-02 8.4505E-02 8.4840E-02 8.9366E-02 8.2865E-02 8.8428E-02 9.2845E-02 9.6106E-02 9.4967E-02 9.0289E-02 8.0904E-02 7.5282E-02 6.6319E-02 6.9027E-02 6.2155E-02 5.4488E-02 4.6866E-02 4.3615E-02 4.0746E-02 3.8760E-02 3.5638E-02 3.4864E-02 2.9445E-02 2.9107E-02
8.6219E-03 9.0286E-03 9.3261E-03 9.4253E-03 9.8024E-03 1.0119E-02 1.0433E-02 9.4894E-03 1.0238E-02 1.0693E-02 1.2176E-02 1.4094E-02 1.4091E-02 1.5382E-02 1.8359E-02 1.9020E-02 2.0403E-02 2.2207E-02 2.2309E-02 2.3073E-02 2.5237E-02 2.7542E-02 2.9872E-02 3.2083E-02 3.5499E-02 3.9646E-02 4.1883E-02 4.5946E-02 4.7893E-02 5.5590E-02 5.9379E-02 6.7703E-02 7.6541E-02 8.5789E-02 9.0837E-02 9.0834E-02 9.6060E-02 8.7699E-02 9.2622E-02 9.5634E-02 9.8760E-02 9.9832E-02 9.5789E-02 8.5039E-02 7.8105E-02 7.1435E-02 7.0922E-02 6.1695E-02 5.5215E-02 4.8159E-02 4.4589E-02 4.2844E-02 4.0554E-02 3.7280E-02 3.5884E-02 2.8648E-02 2.9540E-02
8.7006E-03 9.2743E-03 9.6159E-03 1.0015E-02 1.0226E-02 1.0340E-02 1.1365E-02 1.2096E-02 1.0766E-02 1.0948E-02 1.1447E-02 1.2632E-02 1.4840E-02 1.5052E-02 1.6980E-02 1.9394E-02 2.1334E-02 2.3443E-02 2.4212E-02 2.3454E-02 2.5013E-02 2.6849E-02 2.9035E-02 3.2190E-02 3.4975E-02 3.9188E-02 4.2827E-02 4.6192E-02 4.9324E-02 5.3844E-02 6.1208E-02 6.5890E-02 7.7504E-02 8.7080E-02 9.5413E-02 9.5579E-02 1.0212E-01 9.3370E-02 9.6938E-02 1.0282E-01 1.0672E-01 1.0566E-01 9.8677E-02 8.9412E-02 8.0833E-02 7.8991E-02 7.2696E-02 6.2957E-02 5.5742E-02 5.0295E-02 4.6693E-02 4.4290E-02 4.1290E-02 3.8821E-02 3.2115E-02 3.0882E-02 3.1492E-02
8.7426E-03 9.1988E-03 9.6051E-03 1.0193E-02 1.0811E-02 1.1584E-02 1.2047E-02 1.2027E-02 1.3059E-02 1.2713E-02 1.2178E-02 1.2257E-02 1.3910E-02 1.5656E-02 1.7067E-02 1.8876E-02 2.1738E-02 2.4284E-02 2.4742E-02 2.6277E-02 2.5216E-02 2.7743E-02 2.9140E-02 3.0442E-02 3.4430E-02 3.8700E-02 4.3501E-02 4.6443E-02 5.0896E-02 5.5532E-02 6.2916E-02 6.7052E-02 7.7326E-02 8.8120E-02 9.9222E-02 1.0041E-01 1.0695E-01 1.0001E-01 1.0185E-01 1.0794E-01 1.1072E-01 1.1273E-01 9.9492E-02 9.4508E-02 8.3351E-02 8.8330E-02 7.7015E-02 6.5676E-02 5.5744E-02 5.1955E-02 4.8902E-02 4.5093E-02 4.2037E-02 3.9435E-02 3.2450E-02 3.4400E-02 3.2582E-02
8.2459E-03 9.1427E-03 9.6798E-03 1.0029E-02 1.0522E-02 1.1360E-02 1.2116E-02 1.3159E-02 1.3812E-02 1.3900E-02 1.4857E-02 1.3936E-02 1.3284E-02 1.5335E-02 1.6959E-02 1.9226E-02 2.0798E-02 2.3614E-02 2.6447E-02 2.7511E-02 2.7733E-02 2.7531E-02 3.0243E-02 3.1962E-02 3.2974E-02 3.8590E-02 4.3340E-02 4.7922E-02 5.2310E-02 5.6571E-02 6.2963E-02 6.8780E-02 7.5644E-02 9.1269E-02 1.0158E-01 1.0581E-01 1.1336E-01 1.0970E-01 1.0860E-01 1.1213E-01 1.1780E-01 1.2093E-01 1.0272E-01 9.5760E-02 8.6451E-02 8.8585E-02 8.0138E-02 6.6674E-02 5.8089E-02 5.3522E-02 5.0998E-02 4.6115E-02 4.0465E-02 3.6072E-02 3.4071E-02 3.4737E-02 3.6707E-02
8.0602E-03 8.6575E-03 9.1725E-03 9.8655E-03 1.0548E-02 1.1013E-02 1.1751E-02 1.2551E-02 1.2982E-02 1.4386E-02 1.5672E-02 1.6181E-02 1.6008E-02 1.5187E-02 1.6704E-02 1.8769E-02 2.1350E-02 2.3035E-02 2.5903E-02 2.8412E-02 3.0472E-02 2.8975E-02 3.0090E-02 3.2518E-02 3.4520E-02 3.6821E-02 4.2433E-02 4.8226E-02 5.3205E-02 5.7668E-02 6.2725E-02 7.1311E-02 7.5498E-02 9.0957E-02 1.0571E-01 1.1328E-01 1.2442E-01 1.2209E-01 1.1674E-01 1.1899E-01 1.2511E-01 1.2884E-01 1.0688E-01 9.4232E-02 9.1815E-02 9.2039E-02 7.9304E-02 6.6252E-02 6.0993E-02 5.6579E-02 5.1952E-02 4.7143E-02 4.1670E-02 3.7336E-02 3.6452E-02 3.7798E-02 3.9271E-02
8.4689E-03 8.6794E-03 8.9966E-03 9.5365E-03 1.0183E-02 1.0756E-02 1.1676E-02 1.2361E-02 1.3128E-02 1.3655E-02 1.4243E-02 1.6262E-02 1.8220E-02 1.8702E-02 1.7475E-02 1.8826E-02 2.0498E-02 2.3271E-02 2.4846E-02 2.8073E-02 2.8373E-02 3.1862E-02 3.2076E-02 3.2935E-02 3.4376E-02 3.6719E-02 4.1886E-02 4.6001E-02 5.3290E-02 5.8590E-02 6.2416E-02 7.0985E-02 7.9914E-02 9.3369E-02 1.0663E-01 1.2216E-01 1.2626E-01 1.2789E-01 1.2451E-01 1.2763E-01 1.3046E-01 1.3258E-01 1.1443E-01 9.4138E-02 9.2207E-02 9.6184E-02 7.8951E-02 6.6286E-02 6.2079E-02 5.9004E-02 5.2473E-02 4.3424E-02 4.1672E-02 3.7837E-02 3.8969E-02 4.2823E-02 4.4087E-02
