20220914_progetto_murano/data_input/run_no_deposition/rank(30)_cd_24hr_conc_cd.grd
DSAA
          81          81
     760.250     764.250
    5036.750    5040.750
  0.1421E-02  0.3582E+00
[rows 50 to 74 of 81, columns 0 to 56 of 81]
3.6372E-03 3.7163E-03 3.8520E-03 3.9909E-03 4.1405E-03 4.3191E-03 4.5259E-03 4.7582E-03 5.0466E-03 5.3180E-03 5.3524E-03 5.6104E-03 5.9273E-03 6.0845E-03 5.9287E-03 6.0685E-03 6.2530E-03 6.4059E-03 6.5942E-03 6.8175E-03 7.2537E-03 7.6921E-03 8.2822E-03 8.9827E-03 1.0061E-02 1.0998E-02 1.1388E-02 1.2461E-02 1.6214E-02 1.7345E-02 1.9003E-02 2.4519E-02 2.4882E-02 2.9798E-02 3.0434E-02 3.5785E-02 4.3709E-02 5.3190E-02 6.3964E-02 5.6882E-02 5.3220E-02 4.0193E-02 2.7473E-02 2.2714E-02 1.7446E-02 1.3468E-02 1.0743E-02 1.0448E-02 9.5017E-03 9.4236E-03 1.0018E-02 1.0205E-02 7.9807E-03 8.0092E-03 5.7387E-03 6.4496E-03 5.3915E-03
3.5533E-03 3.7110E-03 3.8897E-03 4.0188E-03 4.2740E-03 4.5581E-03 4.8019E-03 4.9527E-03 4.7321E-03 4.9689E-03 5.2040E-03 5.4350E-03 5.3151E-03 5.4112E-03 5.6598E-03 5.8264E-03 5.8215E-03 5.9402E-03 6.0860E-03 6.4997E-03 7.7247E-03 8.3098E-03 9.0967E-03 1.0146E-02 1.0656E-02 1.1045E-02 1.1869E-02 1.4475E-02 1.4480E-02 1.6831E-02 2.0579E-02 1.9458E-02 2.3735E-02 2.5072E-02 2.5813E-02 3.4384E-02 3.8665E-02 4.7102E-02 4.8885E-02 4.6019E-02 4.2294E-02 3.2790E-02 2.4265E-02 1.7516E-02 1.6751E-02 1.2438E-02 1.0462E-02 1.0690E-02 9.8026E-03 9.6578E-03 8.6355E-03 9.3289E-03 9.0153E-03 7.7830E-03 7.5358E-03 6.9767E-03 4.9096E-03
3.7537E-03 3.9490E-03 4.0250E-03 3.9860E-03 3.9928E-03 4.1542E-03 4.3285E-03 4.5147E-03 4.7137E-03 4.6385E-03 4.7940E-03 4.7969E-03 5.0712E-03 5.1585E-03 5.2472E-03 5.2506E-03 5.8025E-03 6.5566E-03 7.2024E-03 7.7041E-03 8.2789E-03 9.1088E-03 9.6007E-03 1.0073E-02 1.0153E-02 1.1183E-02 1.3394E-02 1.3475E-02 1.4923E-02 1.7525E-02 1.8257E-02 1.9328E-02 2.0350E-02 2.0884E-02 2.8025E-02 3.1253E-02 3.4124E-02 4.1452E-02 4.0134E-02 3.7579E-02 3.3008E-02 2.7109E-02 2.1266E-02 1.5731E-02 1.4262E-02 1.2946E-02 1.0941E-02 1.0445E-02 1.0456E-02 1.0263E-02 9.6464E-03 9.3461E-03 7.8044E-03 8.0663E-03 7.1265E-03 6.3800E-03 7.2588E-03
3.5959E-03 3.5353E-03 3.6685E-03 3.8130E-03 3.9686E-03 3.8526E-03 3.9896E-03 3.8832E-03 4.2240E-03 4.3485E-03 4.5563E-03 4.6813E-03 4.7440E-03 4.6897E-03 5.3431E-03 6.1609E-03 6.8625E-03 7.5507E-03 7.7379E-03 8.3144E-03 8.6925E-03 9.0905E-03 9.4634E-03 9.4166E-03 1.0770E-02 1.2638E-02 1.1025E-02 1.2063E-02 1.4965E-02 1.5685E-02 1.6822E-02 1.7356E-02 1.7272E-02 2.0239E-02 2.5238E-02 2.6394E-02 3.0221E-02 3.3366E-02 3.1197E-02 3.1125E-02 2.7434E-02 2.2651E-02 1.8263E-02 1.4111E-02 1.2725E-02 1.1697E-02 1.0402E-02 1.0174E-02 1.0735E-02 1.1358E-02 1.1070E-02 9.5010E-03 9.1460E-03 8.1598E-03 6.9367E-03 6.2155E-03 4.9949E-03
3.3801E-03 3.2196E-03 3.2572E-03 3.0999E-03 3.3017E-03 3.5948E-03 3.6674E-03 3.9176E-03 4.0509E-03 4.1761E-03 4.2560E-03 4.3995E-03 4.8881E-03 5.5921E-03 6.4791E-03 6.8444E-03 7.3250E-03 7.7166E-03 8.0503E-03 8.3675E-03 8.6336E-03 8.6827E-03 9.4702E-03 1.0185E-02 1.0526E-02 9.7359E-03 1.0821E-02 1.3034E-02 1.3544E-02 1.4841E-02 1.5551E-02 1.5485E-02 1.6660E-02 2.0982E-02 2.1569E-02 2.2838E-02 2.7561E-02 2.8067E-02 2.7856E-02 2.6040E-02 2.4166E-02 1.9115E-02 1.5795E-02 1.3245E-02 1.1197E-02 1.0998E-02 1.0557E-02 1.0602E-02 1.0350E-02 1.0946E-02 1.4044E-02 1.1237E-02 1.0092E-02 8.8964E-03 8.4873E-03 6.5551E-03 5.9611E-03
2.7592E-03 2.8818E-03 3.0496E-03 3.1887E-03 3.3551E-03 3.4605E-03 3.5728E-03 3.6887E-03 3.8072E-03 3.9604E-03 4.7314E-03 5.3097E-03 5.8748E-03 6.4478E-03 6.8807E-03 7.4538E-03 7.9652E-03 8.7099E-03 8.8715E-03 8.8024E-03 8.5416E-03 8.6457E-03 9.3219E-03 8.8928E-03 8.9407E-03 9.6815E-03 1.1542E-02 1.2068E-02 1.2307E-02 1.3712E-02 1.5089E-02 1.5668E-02 1.7116E-02 1.8100E-02 1.8743E-02 2.0282E-02 2.4657E-02 2.4171E-02 2.3297E-02 2.1961E-02 1.9521E-02 1.7020E-02 1.3867E-02 1.3305E-02 1.1260E-02 1.0516E-02 1.0296E-02 1.0028E-02 9.5996E-03 1.0782E-02 1.0874E-02 1.2802E-02 1.2578E-02 9.3529E-03 8.6044E-03 8.1723E-03 6.1610E-03
2.7813E-03 2.8787E-03 2.9807E-03 3.0735E-03 3.1565E-03 3.2911E-03 3.3472E-03 3.8014E-03 4.1914E-03 4.7313E-03 5.3251E-03 5.5625E-03 6.4276E-03 6.8628E-03 7.4145E-03 7.9863E-03 8.3816E-03 8.7052E-03 7.9267E-03 8.1762E-03 7.8434E-03 8.5396E-03 9.6701E-03 8.8551E-03 8.8992E-03 9.7265E-03 1.0352E-02 1.0443E-02 1.2061E-02 1.3122E-02 1.4798E-02 1.5208E-02 1.6357E-02 1.6285E-02 1.6732E-02 1.9102E-02 2.0703E-02 2.1696E-02 1.8780E-02 1.8918E-02 1.8431E-02 1.6386E-02 1.3504E-02 1.2409E-02 9.9071E-03 9.7835E-03 1.0027E-02 9.0938E-03 1.0246E-02 1.0335E-02 1.1183E-02 1.1099E-02 1.3706E-02 1.0716E-02 9.1496E-03 7.7657E-03 7.5682E-03
2.6049E-03 2.6977E-03 2.8576E-03 2.9309E-03 2.9789E-03 3.6286E-03 3.7470E-03 4.2465E-03 4.8403E-03 5.0266E-03 5.6222E-03 6.3556E-03 6.4127E-03 6.6444E-03 7.2238E-03 7.6558E-03 7.2476E-03 6.7727E-03 6.6959E-03 6.7788E-03 7.7784E-03 8.8523E-03 8.5015E-03 8.2261E-03 9.2861E-03 9.3912E-03 9.5481E-03 1.0556E-02 1.2366E-02 1.3749E-02 1.3329E-02 1.4039E-02 1.5985E-02 1.4921E-02 1.6549E-02 1.8536E-02 1.8140E-02 1.8984E-02 1.6234E-02 1.6589E-02 1.6006E-02 1.5950E-02 1.3881E-02 1.2508E-02 1.0855E-02 9.8954E-03 9.7432E-03 9.9166E-03 9.2170E-03 1.0669E-02 9.7804E-03 1.1325E-02 1.1644E-02 1.2764E-02 1.0511E-02 8.7536E-03 6.9694E-03
2.6505E-03 2.6306E-03 2.7138E-03 3.2476E-03 3.3871E-03 3.8320E-03 4.3611E-03 4.5903E-03 4.8507E-03 5.5677E-03 5.5316E-03 5.8462E-03 6.2856E-03 6.8011E-03 6.7368E-03 5.9488E-03 5.7892E-03 5.5614E-03 6.2957E-03 7.2417E-03 7.3289E-03 7.5160E-03 7.5878E-03 8.4200E-03 9.7128E-03 1.0303E-02 9.8833E-03 1.1467E-02 1.3017E-02 1.2053E-02 1.2609E-02 1.3820E-02 1.3529E-02 1.4030E-02 1.5413E-02 1.6830E-02 1.7437E-02 1.5588E-02 1.4889E-02 1.4972E-02 1.3986E-02 1.4152E-02 1.3999E-02 1.2758E-02 1.2076E-02 1.0391E-02 9.3357E-03 9.4102E-03 8.8008E-03 9.3454E-03 1.0659E-02 8.9018E-03 1.1608E-02 1.1926E-02 1.0947E-02 9.8638E-03 7.4610E-03
2.8323E-03 2.9064E-03 3.0667E-03 3.4533E-03 3.9155E-03 4.1964E-03 4.4013E-03 4.8952E-03 4.9711E-03 5.1546E-03 5.4689E-03 5.9669E-03 6.2452E-03 5.6045E-03 4.9184E-03 4.5817E-03 5.1710E-03 5.8989E-03 6.5603E-03 6.5232E-03 6.6785E-03 7.1420E-03 7.7773E-03 9.1646E-03 1.0728E-02 9.8482E-03 1.1412E-02 1.2094E-02 1.1800E-02 1.1953E-02 1.1035E-02 1.3293E-02 1.2211E-02 1.3442E-02 1.4843E-02 1.4820E-02 1.5239E-02 1.4036E-02 1.3620E-02 1.3583E-02 1.2341E-02 1.2675E-02 1.4222E-02 1.2442E-02 1.2687E-02 1.0852E-02 9.0521E-03 8.8127E-03 8.3424E-03 8.4340E-03 9.4811E-03 9.4578E-03 8.9195E-03 1.2371E-02 1.0486E-02 9.7114E-03 9.0322E-03
2.8082E-03 3.1350E-03 3.4482E-03 3.8384E-03 4.0222E-03 4.2739E-03 4.4340E-03 4.4738E-03 4.8219E-03 5.2581E-03 5.7032E-03 5.0133E-03 4.6030E-03 4.0969E-03 4.3358E-03 4.8866E-03 5.6147E-03 5.8357E-03 5.8788E-03 6.2619E-03 6.4663E-03 7.4232E-03 8.3419E-03 9.5753E-03 9.6669E-03 1.0533E-02 1.0358E-02 1.1159E-02 1.0494E-02 1.0206E-02 1.2586E-02 1.1549E-02 1.1780E-02 1.2875E-02 1.3248E-02 1.4613E-02 1.3916E-02 1.3625E-02 1.2048E-02 1.2199E-02 1.1809E-02 1.2753E-02 1.3023E-02 1.3032E-02 1.2170E-02 1.0911E-02 9.1147E-03 8.5956E-03 8.0584E-03 8.4421E-03 8.7387E-03 9.5762E-03 9.2079E-03 8.8465E-03 1.1764E-02 1.1207E-02 1.0208E-02
3.1066E-03 3.5185E-03 3.6834E-03 3.8576E-03 3.7234E-03 3.9515E-03 4.2926E-03 4.7170E-03 5.0678E-03 4.4557E-03 4.2440E-03 3.7786E-03 3.9921E-03 4.2221E-03 4.6119E-03 4.8041E-03 5.2364E-03 5.7763E-03 6.0355E-03 6.0054E-03 7.0987E-03 7.7090E-03 8.6298E-03 9.0844E-03 9.8384E-03 1.0161E-02 1.0262E-02 9.6555E-03 1.0060E-02 1.0624E-02 1.2045E-02 1.2440E-02 1.1377E-02 1.2773E-02 1.2508E-02 1.3527E-02 1.2114E-02 1.2286E-02 1.1131E-02 1.1320E-02 1.0689E-02 1.1461E-02 1.2357E-02 1.2053E-02 1.1387E-02 1.1126E-02 9.1957E-03 8.5977E-03 7.4290E-03 7.6028E-03 7.4068E-03 9.6493E-03 9.2614E-03 8.4133E-03 9.3280E-03 1.0665E-02 1.0518E-02
3.3809E-03 3.3162E-03 3.3342E-03 3.5063E-03 3.8090E-03 4.0712E-03 4.4837E-03 3.9498E-03 3.7214E-03 3.5207E-03 3.4976E-03 3.8911E-03 4.1114E-03 4.3572E-03 4.6691E-03 4.9951E-03 5.3738E-03 5.8289E-03 5.6198E-03 6.8245E-03 7.3948E-03 7.8058E-03 8.6340E-03 9.1234E-03 9.1639E-03 9.5076E-03 8.9137E-03 9.7655E-03 8.3248E-03 1.1101E-02 1.2677E-02 1.2617E-02 1.1624E-02 1.1990E-02 1.2235E-02 1.2091E-02 1.2490E-02 1.1306E-02 1.0399E-02 1.0446E-02 9.7799E-03 1.0437E-02 1.1600E-02 1.1941E-02 1.0921E-02 1.0728E-02 9.4732E-03 8.4885E-03 7.2793E-03 7.1567E-03 7.1645E-03 7.7655E-03 9.4060E-03 8.2075E-03 7.7246E-03 8.5317E-03 9.0502E-03
3.0302E-03 3.1639E-03 3.3419E-03 3.7029E-03 3.9742E-03 3.4699E-03 3.3593E-03 3.2926E-03 3.2158E-03 3.3870E-03 3.7980E-03 4.0078E-03 4.1509E-03 4.3183E-03 4.8464E-03 5.1947E-03 4.9633E-03 5.4109E-03 6.5022E-03 7.1041E-03 7.0997E-03 8.2874E-03 8.3469E-03 8.0198E-03 8.5034E-03 8.5093E-03 8.6844E-03 8.2034E-03 9.3792E-03 1.0032E-02 1.1772E-02 1.1735E-02 1.1530E-02 1.1147E-02 1.1830E-02 1.0895E-02 1.1648E-02 1.0391E-02 9.6790E-03 9.6004E-03 9.0787E-03 9.6499E-03 1.0962E-02 1.1215E-02 1.1160E-02 1.0656E-02 9.9029E-03 8.3623E-03 7.3324E-03 6.7673E-03 6.4877E-03 6.8025E-03 8.3078E-03 8.2910E-03 7.3044E-03 7.5348E-03 8.1724E-03
2.9306E-03 3.2098E-03 3.5532E-03 3.1358E-03 3.0957E-03 3.1476E-03 2.9923E-03 3.0484E-03 3.2620E-03 3.7107E-03 3.4709E-03 3.9472E-03 3.9464E-03 4.5339E-03 5.0350E-03 4.7292E-03 5.1303E-03 5.6965E-03 6.8144E-03 6.6350E-03 7.6589E-03 7.2763E-03 7.3179E-03 7.9960E-03 8.2457E-03 8.4405E-03 8.4155E-03 7.3026E-03 9.3908E-03 1.0501E-02 1.0970E-02 1.0986E-02 1.0998E-02 1.0943E-02 1.1138E-02 1.0700E-02 1.0961E-02 9.8230E-03 9.0814E-03 9.1399E-03 8.4629E-03 9.2357E-03 1.0202E-02 1.0356E-02 1.1097E-02 1.0519E-02 9.7651E-03 8.7260E-03 7.2985E-03 7.1280E-03 6.6103E-03 6.5448E-03 6.6183E-03 8.8327E-03 7.1987E-03 6.2113E-03 7.6938E-03
3.0601E-03 2.8559E-03 2.8515E-03 3.0166E-03 3.0331E-03 2.8086E-03 2.9392E-03 3.1288E-03 3.2007E-03 3.3434E-03 3.6824E-03 3.6732E-03 4.0656E-03 4.8006E-03 4.5169E-03 4.8029E-03 5.2724E-03 6.5220E-03 6.1913E-03 6.4720E-03 6.4332E-03 6.7418E-03 7.5058E-03 7.4858E-03 7.4356E-03 8.1428E-03 7.9295E-03 8.0421E-03 8.3443E-03 1.0279E-02 1.0439E-02 1.0340E-02 1.0415E-02 1.0948E-02 1.0103E-02 1.0264E-02 1.0322E-02 8.9698E-03 8.5701E-03 8.3182E-03 8.0963E-03 8.4262E-03 9.5426E-03 9.4112E-03 1.0156E-02 1.0582E-02 9.7301E-03 8.6008E-03 7.5662E-03 7.4267E-03 5.9751E-03 6.2481E-03 6.4937E-03 7.0480E-03 7.5691E-03 6.8840E-03 6.3244E-03
2.7791E-03 2.8631E-03 2.8431E-03 2.5967E-03 2.7080E-03 2.8373E-03 2.9764E-03 3.0948E-03 3.2616E-03 3.4305E-03 3.6261E-03 3.8539E-03 4.5065E-03 4.3444E-03 4.5184E-03 4.9898E-03 5.6665E-03 5.5588E-03 5.6971E-03 6.1237E-03 6.2542E-03 7.1090E-03 6.6351E-03 7.3777E-03 7.6010E-03 8.0584E-03 7.5608E-03 8.3522E-03 8.7116E-03 9.6746E-03 9.9191E-03 9.8000E-03 1.0242E-02 1.0530E-02 9.4301E-03 9.8572E-03 9.7003E-03 8.3356E-03 8.1418E-03 7.8501E-03 7.5685E-03 7.9233E-03 8.9916E-03 8.6996E-03 9.5235E-03 1.0119E-02 9.4169E-03 8.4307E-03 7.7647E-03 6.8635E-03 6.6801E-03 5.8829E-03 5.7300E-03 6.4601E-03 7.2886E-03 6.7690E-03 6.6152E-03
2.6638E-03 2.6606E-03 2.4950E-03 2.6101E-03 2.7295E-03 2.8529E-03 2.9869E-03 3.2122E-03 3.4445E-03 3.6336E-03 3.8086E-03 4.0302E-03 4.2207E-03 4.2787E-03 4.6954E-03 5.1257E-03 5.0849E-03 5.4391E-03 5.8307E-03 5.8857E-03 6.5337E-03 6.2350E-03 7.0294E-03 6.7897E-03 6.9493E-03 8.0968E-03 7.1449E-03 7.6168E-03 9.1067E-03 9.4038E-03 9.4628E-03 9.6412E-03 1.0325E-02 9.4962E-03 9.3102E-03 9.5464E-03 8.8350E-03 7.6514E-03 7.8013E-03 7.4764E-03 7.1617E-03 7.4535E-03 8.4115E-03 8.1630E-03 8.8688E-03 9.5195E-03 9.2209E-03 8.3499E-03 7.9035E-03 7.4174E-03 7.0166E-03 5.4258E-03 5.4850E-03 5.5321E-03 6.5037E-03 6.9812E-03 7.3004E-03
2.3228E-03 2.4112E-03 2.5177E-03 2.5224E-03 2.7479E-03 2.9107E-03 3.0541E-03 3.3640E-03 3.3048E-03 3.6219E-03 3.7821E-03 3.8505E-03 4.0205E-03 4.3047E-03 4.5683E-03 4.8673E-03 5.1943E-03 5.5598E-03 5.5260E-03 5.4273E-03 5.8708E-03 6.2226E-03 6.7768E-03 6.8376E-03 7.2825E-03 7.5743E-03 7.5732E-03 7.4142E-03 8.8099E-03 9.2736E-03 9.1218E-03 9.8662E-03 9.4968E-03 9.0753E-03 8.9949E-03 9.2158E-03 8.0716E-03 7.3943E-03 7.5500E-03 7.1424E-03 6.8603E-03 7.1264E-03 7.8835E-03 7.8283E-03 8.3463E-03 9.1709E-03 9.0807E-03 8.3072E-03 7.9577E-03 7.9081E-03 6.6689E-03 5.7035E-03 4.9480E-03 5.2741E-03 5.6374E-03 6.6951E-03 7.2517E-03
2.3504E-03 2.4188E-03 2.4946E-03 2.6586E-03 2.8263E-03 2.8989E-03 3.0494E-03 2.9920E-03 3.3528E-03 3.5258E-03 3.7144E-03 3.8193E-03 4.1405E-03 4.3870E-03 4.5254E-03 4.6703E-03 5.3009E-03 5.2135E-03 4.9702E-03 5.5470E-03 5.4992E-03 6.6587E-03 6.1194E-03 6.1769E-03 7.6842E-03 7.0238E-03 7.2241E-03 7.7936E-03 8.6659E-03 9.0406E-03 9.2599E-03 9.6082E-03 9.0817E-03 8.9289E-03 8.6855E-03 8.6356E-03 7.5372E-03 7.1133E-03 7.3136E-03 6.7747E-03 6.5850E-03 6.8644E-03 7.2352E-03 7.5860E-03 7.9731E-03 8.6449E-03 8.7114E-03 8.3102E-03 7.9779E-03 7.8944E-03 6.5871E-03 5.9662E-03 4.7047E-03 5.1031E-03 4.9597E-03 5.9582E-03 6.6970E-03
2.2872E-03 2.4493E-03 2.5690E-03 2.6925E-03 2.7709E-03 2.9290E-03 2.8965E-03 3.2264E-03 3.4017E-03 3.5835E-03 3.6321E-03 3.9879E-03 4.2201E-03 4.2030E-03 4.1497E-03 5.0676E-03 4.9166E-03 4.7218E-03 5.2583E-03 4.9983E-03 5.8952E-03 6.0133E-03 5.8995E-03 6.5200E-03 7.1846E-03 6.8028E-03 7.2050E-03 8.1567E-03 8.7267E-03 9.0013E-03 9.3818E-03 8.9864E-03 8.2440E-03 8.8013E-03 8.2648E-03 8.0536E-03 7.1137E-03 7.1006E-03 6.7451E-03 6.5174E-03 6.3836E-03 6.6502E-03 7.0042E-03 7.4324E-03 7.4882E-03 8.1850E-03 8.1775E-03 8.3422E-03 8.0078E-03 7.8498E-03 6.8990E-03 6.1974E-03 4.8848E-03 4.4492E-03 4.6927E-03 4.7451E-03 6.5383E-03
2.3783E-03 2.4878E-03 2.5978E-03 2.6751E-03 2.7606E-03 2.8591E-03 2.9638E-03 3.2879E-03 3.4413E-03 3.4705E-03 3.8480E-03 4.0679E-03 3.9236E-03 3.9581E-03 4.7785E-03 4.5996E-03 4.5536E-03 4.7884E-03 5.0358E-03 5.2933E-03 5.8901E-03 5.8738E-03 6.1946E-03 6.8265E-03 6.8898E-03 7.2835E-03 7.7286E-03 8.2184E-03 8.8426E-03 8.8384E-03 9.1702E-03 8.4904E-03 7.9539E-03 8.1164E-03 8.1229E-03 7.5210E-03 6.7552E-03 7.0281E-03 6.4078E-03 6.2880E-03 6.1865E-03 6.5193E-03 6.6805E-03 7.3629E-03 7.1463E-03 7.4814E-03 8.0996E-03 8.3351E-03 8.0266E-03 7.8923E-03 6.8971E-03 5.5604E-03 5.0879E-03 4.2656E-03 4.5467E-03 4.1214E-03 5.1477E-03
2.4026E-03 2.5384E-03 2.6264E-03 2.7208E-03 2.8198E-03 2.9267E-03 3.1738E-03 3.2870E-03 3.3182E-03 3.7161E-03 3.9236E-03 3.7017E-03 3.9514E-03 4.1815E-03 4.3486E-03 4.5671E-03 4.7242E-03 5.0529E-03 5.3180E-03 5.6015E-03 5.8304E-03 5.8961E-03 6.6017E-03 7.0041E-03 7.2143E-03 7.3866E-03 7.6745E-03 8.6090E-03 9.1311E-03 8.8172E-03 8.7135E-03 8.0486E-03 7.8769E-03 7.2835E-03 7.9251E-03 6.9947E-03 6.5039E-03 6.9709E-03 6.1976E-03 6.1746E-03 6.0904E-03 6.4460E-03 6.6290E-03 7.3025E-03 7.2189E-03 7.3476E-03 7.4197E-03 7.9080E-03 8.0321E-03 7.9136E-03 6.8619E-03 5.5586E-03 5.2920E-03 4.2119E-03 4.3208E-03 3.9980E-03 4.1265E-03
2.4322E-03 2.5350E-03 2.6529E-03 2.7803E-03 2.8915E-03 3.0590E-03 3.1546E-03 3.2700E-03 3.4869E-03 3.7778E-03 3.4813E-03 3.9294E-03 4.1285E-03 4.3392E-03 4.5686E-03 4.4781E-03 4.3925E-03 5.3543E-03 5.6401E-03 5.7845E-03 4.9678E-03 6.6480E-03 6.3916E-03 7.1722E-03 6.7844E-03 7.2423E-03 7.7203E-03 8.4913E-03 8.4395E-03 8.8016E-03 8.2002E-03 7.6402E-03 7.3408E-03 7.2204E-03 7.3154E-03 6.7198E-03 6.1948E-03 6.6769E-03 6.0158E-03 6.1141E-03 6.0458E-03 6.4190E-03 6.5985E-03 6.9311E-03 7.1694E-03 7.2020E-03 7.3345E-03 7.6899E-03 8.0125E-03 7.9984E-03 6.8667E-03 5.4874E-03 4.7686E-03 4.3796E-03 3.8550E-03 3.8819E-03 3.5740E-03
2.4701E-03 2.5643E-03 2.6781E-03 2.7917E-03 2.9570E-03 3.0959E-03 3.2352E-03 3.3829E-03 3.6332E-03 3.2669E-03 3.5863E-03 3.9968E-03 4.3170E-03 4.5494E-03 4.2521E-03 4.0011E-03 5.1123E-03 5.6213E-03 5.2288E-03 4.9611E-03 5.6298E-03 6.2033E-03 6.1796E-03 6.8057E-03 6.8636E-03 7.2104E-03 7.8619E-03 8.2823E-03 8.2277E-03 8.2288E-03 7.6731E-03 7.3256E-03 6.9896E-03 7.2253E-03 6.7536E-03 6.4496E-03 6.0174E-03 6.2082E-03 5.8176E-03 5.8855E-03 5.9070E-03 6.2783E-03 6.4356E-03 6.6458E-03 6.8599E-03 6.8633E-03 7.0251E-03 7.5292E-03 7.5678E-03 8.0743E-03 6.9887E-03 5.3893E-03 4.3111E-03 4.5384E-03 3.6680E-03 3.7568E-03 3.4423E-03
