20220914_progetto_murano/data_input/run_no_deposition/rank(1)_cd_24hr_conc_cd.grd
DSAA
          81          81
     760.250     764.250
    5036.750    5040.750
  0.1746E-01  0.2721E+01
[rows 25 to 49 of 81, columns 0 to 56 of 81]
3.6781E-02 3.8411E-02 4.0088E-02 4.1747E-02 4.3386E-02 4.4853E-02 4.6079E-02 4.7419E-02 4.8734E-02 4.9929E-02 5.1037E-02 5.2049E-02 5.2953E-02 5.3942E-02 5.4739E-02 5.5529E-02 5.7549E-02 6.3939E-02 7.0315E-02 7.7127E-02 8.3383E-02 8.7680E-02 8.8566E-02 9.5650E-02 1.1422E-01 1.2998E-01 1.3598E-01 1.6700E-01 1.9950E-01 2.2202E-01 2.4698E-01 2.8476E-01 2.8725E-01 2.5172E-01 2.5407E-01 3.1491E-01 3.8026E-01 4.2805E-01 4.5618E-01 4.5314E-01 4.0251E-01 3.6777E-01 3.7981E-01 3.7355E-01 3.5243E-01 3.2244E-01 2.8988E-01 2.5833E-01 2.2988E-01 2.0387E-01 1.8097E-01 1.6979E-01 1.6892E-01 1.5650E-01 1.3876E-01 1.2898E-01 1.3698E-01
3.7493E-02 3.9329E-02 4.1211E-02 4.3079E-02 4.4899E-02 4.6542E-02 4.8153E-02 4.9797E-02 5.1404E-02 5.2968E-02 5.4466E-02 5.5862E-02 5.7194E-02 5.8306E-02 5.9382E-02 6.0387E-02 6.1295E-02 6.2102E-02 6.6680E-02 7.4187E-02 8.2093E-02 8.9474E-02 9.4835E-02 9.6327E-02 1.0189E-01 1.2058E-01 1.3530E-01 1.5553E-01 1.9242E-01 2.2568E-01 2.4309E-01 2.7891E-01 3.0254E-01 2.8112E-01 2.5660E-01 3.1996E-01 3.9359E-01 4.5236E-01 4.8859E-01 4.9173E-01 4.4062E-01 3.9252E-01 4.0449E-01 3.9568E-01 3.7039E-01 3.3569E-01 2.9894E-01 2.6485E-01 2.3337E-01 2.0644E-01 1.8235E-01 1.8249E-01 1.6804E-01 1.5432E-01 1.3360E-01 1.4432E-01 1.4803E-01
3.7831E-02 3.9862E-02 4.1956E-02 4.4034E-02 4.6070E-02 4.7863E-02 4.9845E-02 5.1775E-02 5.3772E-02 5.5772E-02 5.7747E-02 5.9652E-02 6.1425E-02 6.2941E-02 6.4252E-02 6.5648E-02 6.6391E-02 6.7274E-02 6.8319E-02 7.0666E-02 7.9128E-02 8.8227E-02 9.6911E-02 1.0326E-01 1.0491E-01 1.1034E-01 1.2766E-01 1.4017E-01 1.7634E-01 2.1698E-01 2.4643E-01 2.5813E-01 3.0405E-01 3.0870E-01 2.6909E-01 3.2680E-01 4.0687E-01 4.7907E-01 5.2595E-01 5.3654E-01 4.8455E-01 4.2103E-01 4.2918E-01 4.1651E-01 3.8539E-01 3.4578E-01 3.0519E-01 2.6891E-01 2.3510E-01 2.0646E-01 1.8805E-01 1.8180E-01 1.6842E-01 1.4393E-01 1.5206E-01 1.5749E-01 1.5785E-01
3.7689E-02 3.9905E-02 4.2179E-02 4.4485E-02 4.6642E-02 4.8818E-02 5.1043E-02 5.3292E-02 5.5650E-02 5.8092E-02 6.0615E-02 6.3095E-02 6.5392E-02 6.7472E-02 6.9307E-02 7.0766E-02 7.1659E-02 7.2895E-02 7.4191E-02 7.5697E-02 7.7561E-02 8.4902E-02 9.5307E-02 1.0504E-01 1.1188E-01 1.1315E-01 1.1950E-01 1.3413E-01 1.5705E-01 1.9726E-01 2.3680E-01 2.5998E-01 2.9300E-01 3.2782E-01 3.0829E-01 3.2879E-01 4.1787E-01 5.0691E-01 5.6769E-01 5.8758E-01 5.3522E-01 4.6424E-01 4.5257E-01 4.3463E-01 3.9664E-01 3.5072E-01 3.0655E-01 2.6773E-01 2.3335E-01 2.0424E-01 1.9631E-01 1.7747E-01 1.5763E-01 1.5887E-01 1.6747E-01 1.6873E-01 1.6519E-01
3.6981E-02 3.9339E-02 4.1776E-02 4.4246E-02 4.6546E-02 4.9028E-02 5.1523E-02 5.4154E-02 5.6943E-02 5.9833E-02 6.2834E-02 6.5801E-02 6.8803E-02 7.1529E-02 7.3780E-02 7.5348E-02 7.6904E-02 7.8662E-02 8.0601E-02 8.2655E-02 8.5013E-02 8.7738E-02 9.1127E-02 1.0227E-01 1.1265E-01 1.1964E-01 1.2003E-01 1.2666E-01 1.3824E-01 1.7348E-01 2.1738E-01 2.5436E-01 2.7536E-01 3.3318E-01 3.4537E-01 3.2884E-01 4.2573E-01 5.3413E-01 6.1372E-01 6.4454E-01 5.9263E-01 5.1445E-01 4.7241E-01 4.4780E-01 4.1302E-01 3.6205E-01 3.0210E-01 2.6188E-01 2.2742E-01 2.0748E-01 1.9254E-01 1.6946E-01 1.6550E-01 1.7725E-01 1.8082E-01 1.7710E-01 1.6603E-01
3.5670E-02 3.8117E-02 4.0667E-02 4.3235E-02 4.5708E-02 4.8435E-02 5.1179E-02 5.4169E-02 5.7346E-02 6.0718E-02 6.4222E-02 6.7771E-02 7.1238E-02 7.4385E-02 7.7273E-02 7.9334E-02 8.1718E-02 8.4284E-02 8.7027E-02 9.0066E-02 9.3209E-02 9.6597E-02 1.0039E-01 1.0433E-01 1.0836E-01 1.1884E-01 1.2432E-01 1.2456E-01 1.3333E-01 1.4437E-01 1.8800E-01 2.3516E-01 2.7569E-01 3.1997E-01 3.7211E-01 3.4667E-01 4.2727E-01 5.5665E-01 6.6069E-01 7.0531E-01 6.5570E-01 5.6914E-01 5.0173E-01 4.9861E-01 4.5563E-01 3.8821E-01 3.1404E-01 2.5119E-01 2.1791E-01 2.1135E-01 1.8031E-01 1.7292E-01 1.8928E-01 1.9382E-01 1.8883E-01 1.7685E-01 1.5898E-01
3.3708E-02 3.6196E-02 3.8806E-02 4.1351E-02 4.4065E-02 4.6927E-02 4.9893E-02 5.3176E-02 5.6692E-02 6.0477E-02 6.4461E-02 6.8549E-02 7.2500E-02 7.6160E-02 7.9209E-02 8.2249E-02 8.5555E-02 8.9196E-02 9.3063E-02 9.7100E-02 1.0128E-01 1.0604E-01 1.1043E-01 1.1449E-01 1.1872E-01 1.2242E-01 1.2529E-01 1.2849E-01 1.3260E-01 1.3739E-01 1.5418E-01 2.0385E-01 2.5882E-01 3.0749E-01 3.7871E-01 3.9304E-01 4.2049E-01 5.6881E-01 7.0286E-01 7.6555E-01 7.2060E-01 6.2541E-01 5.6580E-01 5.5418E-01 4.9424E-01 4.0884E-01 3.1922E-01 2.4840E-01 2.2351E-01 1.9654E-01 1.7813E-01 2.0056E-01 2.0740E-01 2.0231E-01 1.8838E-01 1.6831E-01 1.4723E-01
3.1159E-02 3.3621E-02 3.6225E-02 3.8731E-02 4.1535E-02 4.4451E-02 4.7643E-02 5.1127E-02 5.4909E-02 5.9008E-02 6.3354E-02 6.7829E-02 7.2198E-02 7.6213E-02 7.9776E-02 8.3525E-02 8.7943E-02 9.2756E-02 9.7872E-02 1.0321E-01 1.0890E-01 1.1430E-01 1.1993E-01 1.2447E-01 1.2891E-01 1.3221E-01 1.3481E-01 1.3626E-01 1.3743E-01 1.3878E-01 1.3988E-01 1.6420E-01 2.2406E-01 2.9347E-01 3.5653E-01 4.2488E-01 4.0541E-01 5.6473E-01 7.3142E-01 8.1629E-01 7.7888E-01 6.7573E-01 6.2074E-01 5.9718E-01 5.1929E-01 4.1656E-01 3.1399E-01 2.5648E-01 2.2213E-01 1.8151E-01 2.1119E-01 2.2177E-01 2.1718E-01 2.0141E-01 1.7894E-01 1.5818E-01 1.8102E-01
2.8120E-02 3.0492E-02 3.2942E-02 3.5460E-02 3.8226E-02 4.1163E-02 4.4423E-02 4.8015E-02 5.1940E-02 5.6208E-02 6.0821E-02 6.5507E-02 7.0174E-02 7.4380E-02 7.8719E-02 8.3182E-02 8.8422E-02 9.4278E-02 1.0055E-01 1.0733E-01 1.1429E-01 1.2102E-01 1.2724E-01 1.3252E-01 1.3678E-01 1.4030E-01 1.4323E-01 1.4499E-01 1.4496E-01 1.4414E-01 1.4722E-01 1.5225E-01 1.8338E-01 2.5419E-01 3.4340E-01 4.2544E-01 4.3519E-01 5.4086E-01 7.3400E-01 8.4536E-01 8.1867E-01 7.0912E-01 6.5133E-01 6.1363E-01 5.1931E-01 4.0403E-01 2.9621E-01 2.5341E-01 2.0881E-01 2.2103E-01 2.3689E-01 2.3264E-01 2.1470E-01 1.8962E-01 1.8282E-01 2.0793E-01 2.3103E-01
2.4642E-02 2.6858E-02 2.9157E-02 3.1612E-02 3.4272E-02 3.7137E-02 4.0362E-02 4.3910E-02 4.7850E-02 5.2168E-02 5.6742E-02 6.1547E-02 6.6384E-02 7.0760E-02 7.5465E-02 8.0697E-02 8.6727E-02 9.3442E-02 1.0067E-01 1.0842E-01 1.1670E-01 1.2438E-01 1.3089E-01 1.3687E-01 1.4105E-01 1.4526E-01 1.4878E-01 1.5088E-01 1.5103E-01 1.4882E-01 1.5725E-01 1.6475E-01 1.6328E-01 2.0989E-01 2.9869E-01 4.0494E-01 4.6067E-01 5.0024E-01 7.0658E-01 8.4652E-01 8.3592E-01 7.1963E-01 6.4313E-01 5.9126E-01 4.8720E-01 3.6877E-01 2.6679E-01 2.2984E-01 2.2516E-01 2.5045E-01 2.4890E-01 2.2896E-01 2.1548E-01 2.1418E-01 2.3863E-01 2.5846E-01 2.6695E-01
2.6761E-02 2.7214E-02 2.7630E-02 2.8075E-02 2.9757E-02 3.2499E-02 3.5586E-02 3.8999E-02 4.2801E-02 4.6944E-02 5.1371E-02 5.6012E-02 6.0686E-02 6.5362E-02 7.0235E-02 7.5964E-02 8.2500E-02 8.9779E-02 9.7749E-02 1.0625E-01 1.1493E-01 1.2317E-01 1.3046E-01 1.3595E-01 1.4087E-01 1.4596E-01 1.4990E-01 1.5232E-01 1.5262E-01 1.5056E-01 1.5647E-01 1.7944E-01 1.9339E-01 1.9114E-01 2.4674E-01 3.6319E-01 4.5784E-01 5.2171E-01 6.5506E-01 8.2135E-01 8.2672E-01 7.0284E-01 6.0363E-01 5.3691E-01 4.2764E-01 3.1898E-01 2.3268E-01 2.5009E-01 2.5435E-01 2.6043E-01 2.5426E-01 2.5282E-01 2.5357E-01 2.7835E-01 2.9250E-01 2.8832E-01 2.6655E-01
2.9896E-02 3.0502E-02 3.1053E-02 3.1659E-02 3.2267E-02 3.2938E-02 3.3682E-02 3.4474E-02 3.6896E-02 4.0689E-02 4.4942E-02 4.9302E-02 5.3542E-02 5.8339E-02 6.3308E-02 6.9151E-02 7.5781E-02 8.3263E-02 9.1437E-02 1.0030E-01 1.0913E-01 1.1762E-01 1.2457E-01 1.3027E-01 1.3598E-01 1.4131E-01 1.4564E-01 1.4825E-01 1.4871E-01 1.4717E-01 1.4660E-01 1.7910E-01 2.1290E-01 2.3564E-01 2.3858E-01 3.0193E-01 4.4172E-01 5.4134E-01 5.7924E-01 7.6671E-01 7.8853E-01 6.5685E-01 5.3321E-01 4.5419E-01 3.5122E-01 2.6254E-01 2.6210E-01 2.5353E-01 2.5784E-01 2.8179E-01 2.8745E-01 3.0119E-01 3.2527E-01 3.2913E-01 3.0956E-01 2.7375E-01 2.3289E-01
3.2659E-02 3.3402E-02 3.4136E-02 3.4929E-02 3.5731E-02 3.6643E-02 3.7669E-02 3.8790E-02 3.9971E-02 4.1167E-02 4.2370E-02 4.3522E-02 4.5681E-02 4.9966E-02 5.4773E-02 6.0574E-02 6.6996E-02 7.4139E-02 8.2137E-02 9.0629E-02 9.9226E-02 1.0716E-01 1.1379E-01 1.1975E-01 1.2578E-01 1.3130E-01 1.3550E-01 1.3809E-01 1.3913E-01 1.3862E-01 1.3763E-01 1.6495E-01 2.0981E-01 2.6019E-01 2.9760E-01 3.1169E-01 3.8769E-01 5.4029E-01 6.2151E-01 6.8397E-01 7.2369E-01 5.8432E-01 4.3862E-01 3.5523E-01 2.7036E-01 2.5506E-01 2.6367E-01 2.4961E-01 2.8685E-01 3.0348E-01 3.4827E-01 3.7128E-01 3.6039E-01 3.2422E-01 2.7850E-01 2.3662E-01 2.0324E-01
3.4779E-02 3.5637E-02 3.6559E-02 3.7538E-02 3.8533E-02 3.9683E-02 4.0988E-02 4.2432E-02 4.3972E-02 4.5556E-02 4.7194E-02 4.8698E-02 5.0288E-02 5.2030E-02 5.4069E-02 5.6401E-02 5.9006E-02 6.3122E-02 7.0432E-02 7.8070E-02 8.5944E-02 9.3421E-02 9.9549E-02 1.0535E-01 1.1108E-01 1.1606E-01 1.1996E-01 1.2277E-01 1.2410E-01 1.2486E-01 1.2657E-01 1.4209E-01 1.8766E-01 2.5077E-01 3.2920E-01 3.9289E-01 4.2359E-01 5.1854E-01 7.0567E-01 6.1816E-01 6.4059E-01 5.3201E-01 3.6532E-01 2.7774E-01 2.8937E-01 2.7929E-01 2.3539E-01 2.6088E-01 3.1592E-01 3.7516E-01 3.9454E-01 3.7333E-01 3.3005E-01 2.8511E-01 2.4925E-01 2.2241E-01 2.0296E-01
3.6013E-02 3.6986E-02 3.8045E-02 3.9167E-02 4.0306E-02 4.1652E-02 4.3180E-02 4.4884E-02 4.6718E-02 4.8658E-02 5.0641E-02 5.2485E-02 5.4558E-02 5.6803E-02 5.9513E-02 6.2702E-02 6.6343E-02 7.0254E-02 7.4187E-02 7.7336E-02 7.9202E-02 7.9112E-02 8.2603E-02 8.8038E-02 9.3131E-02 9.7425E-02 1.0072E-01 1.0296E-01 1.0457E-01 1.0696E-01 1.1071E-01 1.2691E-01 1.5420E-01 2.1515E-01 3.0569E-01 4.3151E-01 5.4885E-01 6.0618E-01 7.2287E-01 8.0182E-01 5.7492E-01 6.2594E-01 4.1242E-01 3.5934E-01 3.3538E-01 2.7356E-01 2.3317E-01 3.0814E-01 3.6214E-01 3.7919E-01 3.6323E-01 3.3526E-01 3.0430E-01 2.7832E-01 2.5597E-01 2.3789E-01 2.2195E-01
3.6204E-02 3.7235E-02 3.8363E-02 3.9567E-02 4.0799E-02 4.2264E-02 4.3930E-02 4.5792E-02 4.7820E-02 4.9955E-02 5.2172E-02 5.4282E-02 5.6686E-02 5.9285E-02 6.2506E-02 6.6344E-02 7.0794E-02 7.5676E-02 8.0706E-02 8.4962E-02 8.7847E-02 8.8411E-02 8.7104E-02 8.4011E-02 8.4433E-02 8.6853E-02 9.1447E-02 9.7455E-02 1.0215E-01 1.0447E-01 1.0416E-01 1.1122E-01 1.3981E-01 1.7943E-01 2.4399E-01 3.7620E-01 5.8901E-01 8.2668E-01 9.1681E-01 1.0465E+00 8.0512E-01 6.8365E-01 4.7400E-01 4.7203E-01 3.3231E-01 2.3700E-01 3.0122E-01 3.3672E-01 3.4921E-01 3.5053E-01 3.4508E-01 3.3464E-01 3.1791E-01 2.9819E-01 2.7653E-01 2.5382E-01 2.3186E-01
3.5333E-02 3.6368E-02 3.7499E-02 3.8706E-02 3.9951E-02 4.1426E-02 4.3105E-02 4.4986E-02 4.7433E-02 5.0493E-02 5.3441E-02 5.6058E-02 5.8134E-02 6.0815E-02 6.4059E-02 6.7770E-02 7.1761E-02 7.6787E-02 8.2336E-02 8.7228E-02 9.0738E-02 9.1839E-02 9.0844E-02 8.8140E-02 8.4297E-02 8.4745E-02 8.5925E-02 8.5970E-02 9.3784E-02 1.0490E-01 1.1741E-01 1.3248E-01 1.4715E-01 1.6896E-01 2.0980E-01 2.6150E-01 4.5267E-01 8.2622E-01 1.3691E+00 1.3290E+00 1.2217E+00 6.4085E-01 7.0160E-01 4.4688E-01 2.7818E-01 3.2349E-01 3.3869E-01 3.4247E-01 3.4648E-01 3.5169E-01 3.5069E-01 3.3675E-01 3.1195E-01 2.8397E-01 2.5609E-01 2.2989E-01 2.0631E-01
3.3495E-02 3.4473E-02 3.5533E-02 3.6656E-02 3.8078E-02 4.0134E-02 4.2590E-02 4.5384E-02 4.8430E-02 5.1576E-02 5.4664E-02 5.7529E-02 5.9589E-02 6.2470E-02 6.6038E-02 7.0242E-02 7.4936E-02 7.9698E-02 8.4157E-02 8.7245E-02 8.8146E-02 8.8096E-02 8.7215E-02 8.4835E-02 8.1181E-02 7.9524E-02 8.0401E-02 8.0162E-02 7.9641E-02 8.2357E-02 9.5927E-02 1.1407E-01 1.3787E-01 1.6858E-01 2.0694E-01 2.5254E-01 3.4334E-01 4.6065E-01 1.0606E+00 2.7206E+00 2.5711E+00 1.2168E+00 5.3905E-01 3.5313E-01 3.8532E-01 3.8406E-01 3.7981E-01 3.7352E-01 3.6243E-01 3.4346E-01 3.1902E-01 2.9244E-01 2.6513E-01 2.3905E-01 2.1526E-01 1.9410E-01 1.7537E-01
3.2355E-02 3.3367E-02 3.3961E-02 3.4918E-02 3.6239E-02 3.7926E-02 3.9951E-02 4.2265E-02 4.4797E-02 4.7415E-02 4.9979E-02 5.2384E-02 5.3914E-02 5.6189E-02 5.9030E-02 6.2423E-02 6.6188E-02 7.0085E-02 7.3871E-02 7.6669E-02 7.7883E-02 7.7910E-02 7.6972E-02 7.5105E-02 7.1653E-02 7.1934E-02 7.2368E-02 7.2812E-02 7.9133E-02 8.7329E-02 9.7981E-02 1.1167E-01 1.3188E-01 1.6509E-01 2.1124E-01 2.7760E-01 3.7595E-01 5.1797E-01 6.7049E-01 1.0381E+00 5.0738E-01 5.8981E-01 4.3510E-01 3.0157E-01 3.5642E-01 3.8828E-01 3.9027E-01 3.7244E-01 3.4519E-01 3.1423E-01 2.7950E-01 2.5207E-01 2.2729E-01 2.0560E-01 1.8648E-01 1.6880E-01 1.5364E-01
3.0085E-02 3.0845E-02 3.1142E-02 3.1777E-02 3.2685E-02 3.3882E-02 3.5338E-02 3.7006E-02 3.8827E-02 4.0688E-02 4.2480E-02 4.4086E-02 4.4864E-02 4.6157E-02 4.7827E-02 4.9855E-02 5.2101E-02 5.4416E-02 5.9832E-02 6.6356E-02 7.2343E-02 7.6877E-02 7.8879E-02 7.8428E-02 7.5086E-02 6.8567E-02 6.5916E-02 6.8465E-02 7.3016E-02 8.5405E-02 1.0175E-01 1.2368E-01 1.5326E-01 1.9474E-01 2.5275E-01 3.3534E-01 4.5307E-01 6.0268E-01 6.7851E-01 1.5745E+00 1.8002E+00 2.0583E+00 1.2857E+00 5.8886E-01 4.4244E-01 3.0090E-01 2.4701E-01 2.0609E-01 2.0240E-01 1.9886E-01 1.8120E-01 1.7506E-01 1.6558E-01 1.5436E-01 1.4258E-01 1.3227E-01 1.2252E-01
2.7286E-02 2.7811E-02 2.7853E-02 2.8170E-02 2.8708E-02 2.9477E-02 3.0444E-02 3.1566E-02 3.2791E-02 3.4018E-02 3.5156E-02 3.6269E-02 3.9389E-02 4.2879E-02 4.6856E-02 5.1327E-02 5.6368E-02 6.1836E-02 6.7245E-02 7.1717E-02 7.4441E-02 7.8397E-02 8.0526E-02 7.9780E-02 7.5913E-02 6.9204E-02 6.3036E-02 7.0299E-02 7.9979E-02 9.2560E-02 1.0884E-01 1.2987E-01 1.5646E-01 1.9095E-01 2.3297E-01 2.7910E-01 3.1590E-01 3.9024E-01 6.1838E-01 8.6648E-01 6.3579E-01 5.0077E-01 1.0347E+00 7.6877E-01 4.2837E-01 2.7921E-01 2.4226E-01 2.2024E-01 1.9901E-01 1.9034E-01 1.7041E-01 1.5233E-01 1.3253E-01 1.1372E-01 9.8663E-02 9.3283E-02 8.8267E-02
2.4508E-02 2.4851E-02 2.4703E-02 2.4766E-02 2.5399E-02 2.7306E-02 2.9348E-02 3.1688E-02 3.4343E-02 3.7264E-02 4.0422E-02 4.3637E-02 4.7210E-02 5.1142E-02 5.5367E-02 6.0125E-02 6.5373E-02 7.0873E-02 7.5941E-02 7.9893E-02 8.1458E-02 7.9826E-02 7.9717E-02 7.8412E-02 7.4575E-02 6.7608E-02 6.5612E-02 7.1643E-02 7.9665E-02 8.9836E-02 1.0228E-01 1.1705E-01 1.3343E-01 1.6024E-01 1.8281E-01 1.8711E-01 2.7025E-01 3.5003E-01 4.6981E-01 5.0447E-01 4.4486E-01 4.1256E-01 3.9611E-01 6.2416E-01 5.0872E-01 3.4034E-01 2.2137E-01 1.4944E-01 1.3283E-01 1.4437E-01 1.4728E-01 1.4460E-01 1.3604E-01 1.2440E-01 1.1198E-01 1.0458E-01 9.6495E-02
2.2045E-02 2.3363E-02 2.4816E-02 2.6363E-02 2.8139E-02 3.0153E-02 3.2258E-02 3.4649E-02 3.7313E-02 4.0191E-02 4.3182E-02 4.6102E-02 4.9189E-02 5.2562E-02 5.5970E-02 5.9674E-02 6.3549E-02 6.7398E-02 7.0599E-02 7.2645E-02 7.2825E-02 7.5499E-02 7.6602E-02 7.4684E-02 7.0394E-02 6.3216E-02 6.3320E-02 6.9884E-02 8.2667E-02 9.6607E-02 1.1001E-01 1.2061E-01 1.2724E-01 1.2554E-01 1.4713E-01 1.9306E-01 2.3816E-01 3.0972E-01 3.6221E-01 3.8223E-01 3.2780E-01 3.0141E-01 2.8026E-01 3.3563E-01 4.3476E-01 3.8619E-01 2.8939E-01 2.0436E-01 1.5373E-01 1.4515E-01 1.3051E-01 1.1384E-01 1.0035E-01 9.8828E-02 9.5702E-02 9.1593E-02 8.9326E-02
2.3187E-02 2.4419E-02 2.5757E-02 2.7207E-02 2.8812E-02 3.0602E-02 3.2425E-02 3.4445E-02 3.6634E-02 3.8918E-02 4.1198E-02 4.3361E-02 4.5386E-02 4.7598E-02 4.9740E-02 5.1966E-02 5.4132E-02 5.6169E-02 5.7776E-02 6.3119E-02 6.7582E-02 7.0444E-02 7.0479E-02 6.8016E-02 6.4338E-02 7.5017E-02 8.6471E-02 9.7164E-02 1.0569E-01 1.0957E-01 1.0687E-01 9.7619E-02 1.0047E-01 1.2278E-01 1.4739E-01 1.7894E-01 2.2504E-01 2.5582E-01 2.6647E-01 2.8880E-01 2.4050E-01 2.1797E-01 2.2307E-01 2.0667E-01 2.7517E-01 3.4841E-01 3.3284E-01 2.6692E-01 2.0510E-01 1.9097E-01 1.7081E-01 1.4665E-01 1.2198E-01 1.0939E-01 1.0091E-01 9.1962E-02 8.3450E-02
2.2914E-02 2.3960E-02 2.5017E-02 2.6142E-02 2.7357E-02 2.8695E-02 3.0057E-02 3.1612E-02 3.3853E-02 3.6087E-02 3.8165E-02 3.9923E-02 4.0738E-02 4.1557E-02 4.2812E-02 4.4419E-02 4.6303E-02 4.9106E-02 5.4159E-02 5.8245E-02 6.1948E-02 6.4039E-02 7.0322E-02 8.1743E-02 9.2478E-02 1.0115E-01 1.0649E-01 1.0702E-01 1.0168E-01 9.0730E-02 8.1746E-02 8.5723E-02 1.0549E-01 1.2069E-01 1.4437E-01 1.7575E-01 1.9936E-01 2.0331E-01 2.1928E-01 2.1829E-01 1.9315E-01 1.6492E-01 1.7398E-01 1.8258E-01 1.6777E-01 2.3893E-01 3.1691E-01 3.2109E-01 2.6560E-01 2.2028E-01 2.0419E-01 1.7852E-01 1.4977E-01 1.2275E-01 1.1032E-01 1.0088E-01 9.1508E-02
