20220914_presentazione_dati_murano/data_input/run_no_deposition/rank(30)_cd_1hr_conc_cd.grd
DSAA
          81          81
     760.250     764.250
    5036.750    5040.750
  0.5516E-01  0.5673E+01
[rows 0 to 24 of 81, columns 0 to 56 of 81]
1.1945E-01 1.2878E-01 1.3863E-01 1.4369E-01 1.5103E-01 1.5243E-01 1.5464E-01 1.6356E-01 1.6604E-01 1.6136E-01 1.6182E-01 1.6478E-01 1.7089E-01 1.8111E-01 1.8775E-01 1.9858E-01 1.9196E-01 2.0214E-01 2.0614E-01 2.0215E-01 2.1182E-01 2.1673E-01 2.1557E-01 2.2237E-01 2.3352E-01 2.4548E-01 2.5692E-01 2.7385E-01 2.7102E-01 2.6554E-01 2.6644E-01 2.7677E-01 2.9012E-01 2.8140E-01 2.7988E-01 2.9796E-01 2.9563E-01 2.9369E-01 3.0136E-01 3.1346E-01 3.1474E-01 3.1103E-01 2.9752E-01 2.8799E-01 2.8463E-01 2.6775E-01 2.7720E-01 2.7347E-01 2.6977E-01 2.6004E-01 2.5769E-01 2.4633E-01 2.3509E-01 2.2906E-01 2.2704E-01 2.3334E-01 2.2558E-01
1.1706E-01 1.2414E-01 1.3309E-01 1.4278E-01 1.4871E-01 1.5382E-01 1.5662E-01 1.6229E-01 1.6900E-01 1.7066E-01 1.6803E-01 1.6940E-01 1.7387E-01 1.8074E-01 1.9182E-01 1.9279E-01 1.9869E-01 1.9485E-01 2.0998E-01 2.1770E-01 2.1878E-01 2.2867E-01 2.2628E-01 2.2951E-01 2.3931E-01 2.5461E-01 2.6400E-01 2.8240E-01 2.8338E-01 2.7043E-01 2.6958E-01 2.8640E-01 3.0019E-01 2.9363E-01 2.9131E-01 3.0319E-01 3.0704E-01 3.0425E-01 3.0867E-01 3.2446E-01 3.2451E-01 3.2316E-01 3.0990E-01 2.9848E-01 2.9239E-01 2.7696E-01 2.8414E-01 2.8080E-01 2.7390E-01 2.7442E-01 2.5937E-01 2.4880E-01 2.4038E-01 2.3957E-01 2.3576E-01 2.3738E-01 2.2993E-01
1.1700E-01 1.2191E-01 1.2499E-01 1.3458E-01 1.4766E-01 1.5460E-01 1.5925E-01 1.6292E-01 1.6847E-01 1.7827E-01 1.7499E-01 1.7500E-01 1.7794E-01 1.8443E-01 1.8900E-01 1.9623E-01 1.9907E-01 2.0036E-01 2.1156E-01 2.1839E-01 2.1429E-01 2.2626E-01 2.2770E-01 2.3307E-01 2.4398E-01 2.5967E-01 2.7092E-01 2.8854E-01 3.0159E-01 2.8938E-01 2.8253E-01 2.9771E-01 3.0480E-01 3.0513E-01 2.9914E-01 3.0884E-01 3.1771E-01 3.1605E-01 3.1569E-01 3.3181E-01 3.3429E-01 3.3070E-01 3.2331E-01 3.0611E-01 3.0075E-01 2.9084E-01 2.9291E-01 2.8924E-01 2.8559E-01 2.8474E-01 2.6674E-01 2.5173E-01 2.4929E-01 2.5331E-01 2.4580E-01 2.4663E-01 2.2907E-01
1.1595E-01 1.2165E-01 1.2412E-01 1.2963E-01 1.3944E-01 1.5172E-01 1.5990E-01 1.6395E-01 1.6976E-01 1.7512E-01 1.8081E-01 1.7958E-01 1.7501E-01 1.8228E-01 1.8896E-01 1.9663E-01 2.0240E-01 2.1117E-01 2.0791E-01 2.1756E-01 2.3246E-01 2.2920E-01 2.3834E-01 2.3871E-01 2.5128E-01 2.6332E-01 2.8365E-01 3.0040E-01 3.1509E-01 3.0962E-01 3.0240E-01 3.0020E-01 3.1379E-01 3.1687E-01 3.1565E-01 3.2446E-01 3.3410E-01 3.3418E-01 3.2568E-01 3.4342E-01 3.4674E-01 3.3964E-01 3.3671E-01 3.1654E-01 3.0852E-01 3.0473E-01 3.0400E-01 2.9964E-01 2.9245E-01 2.8854E-01 2.7506E-01 2.6497E-01 2.6710E-01 2.6433E-01 2.5509E-01 2.5323E-01 2.3330E-01
1.1285E-01 1.1888E-01 1.2527E-01 1.2965E-01 1.3503E-01 1.4294E-01 1.5662E-01 1.6315E-01 1.6689E-01 1.7395E-01 1.8193E-01 1.8512E-01 1.8163E-01 1.8389E-01 1.9055E-01 1.9856E-01 2.1170E-01 2.0803E-01 2.1481E-01 2.2115E-01 2.3560E-01 2.3159E-01 2.4831E-01 2.4618E-01 2.4935E-01 2.7597E-01 2.9288E-01 3.1100E-01 3.3497E-01 3.2282E-01 3.1562E-01 3.0811E-01 3.2449E-01 3.3041E-01 3.2792E-01 3.3497E-01 3.4535E-01 3.4925E-01 3.4421E-01 3.5508E-01 3.5749E-01 3.4890E-01 3.4355E-01 3.2505E-01 3.1735E-01 3.2349E-01 3.1810E-01 3.1123E-01 3.0281E-01 2.9591E-01 2.8887E-01 2.7661E-01 2.7893E-01 2.7363E-01 2.6536E-01 2.5673E-01 2.3342E-01
1.1689E-01 1.1788E-01 1.2302E-01 1.2758E-01 1.3533E-01 1.3755E-01 1.4766E-01 1.6126E-01 1.6940E-01 1.7191E-01 1.8174E-01 1.8993E-01 1.8940E-01 1.8492E-01 1.9095E-01 2.0300E-01 2.0934E-01 2.1779E-01 2.1957E-01 2.1682E-01 2.3110E-01 2.5102E-01 2.5313E-01 2.6113E-01 2.6174E-01 2.7607E-01 3.0435E-01 3.1560E-01 3.4231E-01 3.3866E-01 3.3220E-01 3.2899E-01 3.4193E-01 3.4758E-01 3.4439E-01 3.4435E-01 3.6033E-01 3.6446E-01 3.6311E-01 3.6348E-01 3.6967E-01 3.6893E-01 3.5399E-01 3.3268E-01 3.3356E-01 3.3275E-01 3.3416E-01 3.2732E-01 3.1873E-01 3.0589E-01 2.9975E-01 2.8714E-01 2.8337E-01 2.8925E-01 2.7754E-01 2.5430E-01 2.5193E-01
1.1409E-01 1.1703E-01 1.1865E-01 1.2838E-01 1.3150E-01 1.3769E-01 1.4348E-01 1.5444E-01 1.6751E-01 1.7484E-01 1.7909E-01 1.8506E-01 1.9517E-01 1.9669E-01 1.9472E-01 2.0259E-01 2.0664E-01 2.1939E-01 2.2467E-01 2.3141E-01 2.3700E-01 2.5160E-01 2.5401E-01 2.6613E-01 2.6618E-01 2.8789E-01 3.0525E-01 3.3440E-01 3.4194E-01 3.4741E-01 3.4546E-01 3.4349E-01 3.5060E-01 3.5045E-01 3.6560E-01 3.6305E-01 3.7564E-01 3.8147E-01 3.8193E-01 3.7259E-01 3.8814E-01 3.9083E-01 3.6850E-01 3.4529E-01 3.4452E-01 3.5302E-01 3.4470E-01 3.3848E-01 3.3800E-01 3.0680E-01 3.0366E-01 3.0373E-01 3.0573E-01 2.9351E-01 2.7966E-01 2.5589E-01 2.5370E-01
1.1512E-01 1.1776E-01 1.2451E-01 1.2322E-01 1.3383E-01 1.3643E-01 1.4244E-01 1.4985E-01 1.6023E-01 1.7178E-01 1.7973E-01 1.8549E-01 1.9275E-01 2.0330E-01 2.0352E-01 1.9692E-01 2.1324E-01 2.1942E-01 2.3441E-01 2.2628E-01 2.3863E-01 2.4957E-01 2.6862E-01 2.7689E-01 2.8191E-01 2.8225E-01 3.0044E-01 3.4162E-01 3.4696E-01 3.6893E-01 3.6239E-01 3.5912E-01 3.5326E-01 3.6628E-01 3.7968E-01 3.8473E-01 3.9630E-01 4.0000E-01 3.9679E-01 3.8762E-01 4.0567E-01 4.0867E-01 3.8840E-01 3.5659E-01 3.5461E-01 3.6124E-01 3.6054E-01 3.5097E-01 3.4449E-01 3.2570E-01 3.0952E-01 3.1674E-01 3.0716E-01 3.0083E-01 2.7993E-01 2.6905E-01 2.5936E-01
1.1532E-01 1.1823E-01 1.2187E-01 1.3247E-01 1.2666E-01 1.3837E-01 1.3899E-01 1.4844E-01 1.5428E-01 1.6726E-01 1.7742E-01 1.8743E-01 1.9330E-01 2.0126E-01 2.0937E-01 2.0959E-01 2.1217E-01 2.2342E-01 2.3226E-01 2.3748E-01 2.4112E-01 2.4836E-01 2.6941E-01 2.7393E-01 2.9035E-01 2.9924E-01 3.0820E-01 3.3912E-01 3.5464E-01 3.8310E-01 3.8355E-01 3.6956E-01 3.7088E-01 3.7626E-01 3.9546E-01 4.0578E-01 4.1184E-01 4.1717E-01 4.1517E-01 4.0859E-01 4.2504E-01 4.2724E-01 4.1011E-01 3.7969E-01 3.7062E-01 3.7743E-01 3.7261E-01 3.6156E-01 3.5922E-01 3.3647E-01 3.3018E-01 3.2472E-01 3.2287E-01 3.0526E-01 2.8394E-01 2.7253E-01 2.6610E-01
1.1155E-01 1.1991E-01 1.2438E-01 1.2533E-01 1.3598E-01 1.3060E-01 1.4381E-01 1.4464E-01 1.5124E-01 1.6006E-01 1.7131E-01 1.8442E-01 1.9586E-01 1.9797E-01 2.1024E-01 2.1877E-01 2.1635E-01 2.2656E-01 2.3199E-01 2.4987E-01 2.4588E-01 2.4798E-01 2.6673E-01 2.8918E-01 2.9949E-01 3.1134E-01 3.1792E-01 3.3512E-01 3.6668E-01 3.8762E-01 4.0228E-01 3.8607E-01 3.9193E-01 3.9800E-01 4.1188E-01 4.2243E-01 4.2608E-01 4.3159E-01 4.3694E-01 4.3083E-01 4.5441E-01 4.4813E-01 4.2755E-01 3.9484E-01 3.8407E-01 3.8834E-01 3.8019E-01 3.8204E-01 3.7750E-01 3.5810E-01 3.4639E-01 3.2859E-01 3.2731E-01 3.1246E-01 2.8460E-01 2.8360E-01 2.7261E-01
1.0691E-01 1.1249E-01 1.2387E-01 1.2838E-01 1.2805E-01 1.3592E-01 1.3897E-01 1.4899E-01 1.5115E-01 1.5822E-01 1.6588E-01 1.7808E-01 1.9235E-01 2.0470E-01 2.1168E-01 2.2290E-01 2.2724E-01 2.2397E-01 2.4247E-01 2.4346E-01 2.6059E-01 2.5935E-01 2.6948E-01 2.8837E-01 3.0124E-01 3.2600E-01 3.3626E-01 3.4314E-01 3.7738E-01 3.9314E-01 4.0569E-01 4.1568E-01 4.1862E-01 4.1642E-01 4.3300E-01 4.3997E-01 4.5272E-01 4.5344E-01 4.6549E-01 4.5242E-01 4.8446E-01 4.7314E-01 4.4238E-01 4.0961E-01 3.9731E-01 4.1045E-01 3.9859E-01 3.9872E-01 3.8652E-01 3.7380E-01 3.5594E-01 3.4059E-01 3.3857E-01 3.2149E-01 3.0097E-01 2.9245E-01 2.8133E-01
1.0729E-01 1.0726E-01 1.1944E-01 1.2930E-01 1.3270E-01 1.3479E-01 1.4212E-01 1.4269E-01 1.5490E-01 1.5745E-01 1.6515E-01 1.7152E-01 1.8553E-01 1.9871E-01 2.0896E-01 2.1999E-01 2.3229E-01 2.3689E-01 2.4418E-01 2.5522E-01 2.6579E-01 2.7081E-01 2.6784E-01 2.8679E-01 3.1927E-01 3.3911E-01 3.5244E-01 3.5797E-01 3.7435E-01 4.0843E-01 4.2677E-01 4.4115E-01 4.3714E-01 4.3534E-01 4.5591E-01 4.6034E-01 4.7047E-01 4.7560E-01 4.9456E-01 4.7822E-01 4.9905E-01 4.9813E-01 4.6416E-01 4.2794E-01 4.1093E-01 4.3119E-01 4.1553E-01 4.2259E-01 3.9421E-01 3.8027E-01 3.7001E-01 3.6506E-01 3.5317E-01 3.2093E-01 3.1104E-01 3.0733E-01 2.9057E-01
1.1053E-01 1.0998E-01 1.0797E-01 1.1601E-01 1.3464E-01 1.3686E-01 1.3409E-01 1.4788E-01 1.4777E-01 1.6088E-01 1.6588E-01 1.6724E-01 1.7939E-01 1.9482E-01 2.0966E-01 2.2079E-01 2.3153E-01 2.4500E-01 2.4883E-01 2.6099E-01 2.7059E-01 2.8398E-01 2.8870E-01 2.9118E-01 3.2176E-01 3.4245E-01 3.7124E-01 3.7692E-01 3.8830E-01 4.1690E-01 4.4387E-01 4.5632E-01 4.4743E-01 4.5780E-01 4.6435E-01 4.7805E-01 4.8150E-01 5.0076E-01 5.1996E-01 5.0635E-01 5.1631E-01 5.1852E-01 4.8396E-01 4.4921E-01 4.2863E-01 4.4767E-01 4.4025E-01 4.4636E-01 4.1828E-01 3.9214E-01 3.7811E-01 3.8391E-01 3.6015E-01 3.3542E-01 3.2492E-01 3.1758E-01 3.0209E-01
1.1225E-01 1.1214E-01 1.1024E-01 1.1220E-01 1.1853E-01 1.3024E-01 1.3856E-01 1.3921E-01 1.5478E-01 1.5356E-01 1.6748E-01 1.6862E-01 1.7311E-01 1.8433E-01 2.0476E-01 2.1634E-01 2.2647E-01 2.4934E-01 2.5752E-01 2.6241E-01 2.8468E-01 2.9126E-01 3.0613E-01 3.0050E-01 3.1661E-01 3.6317E-01 3.7483E-01 3.9241E-01 3.9354E-01 4.2318E-01 4.4717E-01 4.5700E-01 4.8972E-01 4.7367E-01 4.8213E-01 4.9250E-01 4.9719E-01 5.3603E-01 5.3510E-01 5.3375E-01 5.4170E-01 5.3815E-01 4.9967E-01 4.6129E-01 4.5990E-01 4.7428E-01 4.7558E-01 4.6818E-01 4.3849E-01 4.1258E-01 3.9469E-01 3.9294E-01 3.7162E-01 3.6148E-01 3.4889E-01 3.1832E-01 3.1790E-01
1.1333E-01 1.1088E-01 1.1949E-01 1.1334E-01 1.1468E-01 1.2133E-01 1.3293E-01 1.4233E-01 1.4770E-01 1.6150E-01 1.6009E-01 1.7259E-01 1.7333E-01 1.8376E-01 1.9598E-01 2.1823E-01 2.2869E-01 2.4297E-01 2.5924E-01 2.7828E-01 2.8876E-01 3.0967E-01 3.2462E-01 3.2588E-01 3.2232E-01 3.6634E-01 3.9159E-01 4.0102E-01 4.0993E-01 4.2052E-01 4.4078E-01 4.7587E-01 5.1331E-01 5.1417E-01 5.0153E-01 5.1221E-01 5.3138E-01 5.5568E-01 5.6117E-01 5.4933E-01 5.5178E-01 5.5039E-01 5.2296E-01 4.8819E-01 4.7992E-01 4.8303E-01 4.8724E-01 4.6444E-01 4.5213E-01 4.3256E-01 4.1626E-01 4.1191E-01 3.7851E-01 3.7349E-01 3.5951E-01 3.3519E-01 3.2321E-01
1.1344E-01 1.2299E-01 1.1088E-01 1.2038E-01 1.1946E-01 1.2165E-01 1.2688E-01 1.3290E-01 1.5011E-01 1.4658E-01 1.6601E-01 1.6908E-01 1.7977E-01 1.8561E-01 1.9240E-01 2.0709E-01 2.3663E-01 2.4316E-01 2.6252E-01 2.8166E-01 2.9874E-01 3.1103E-01 3.2945E-01 3.3969E-01 3.4218E-01 3.5702E-01 4.0323E-01 4.1640E-01 4.2368E-01 4.2109E-01 4.5084E-01 4.7707E-01 5.1281E-01 5.3451E-01 5.2168E-01 5.3816E-01 5.5540E-01 5.7014E-01 5.8576E-01 5.6834E-01 5.7284E-01 5.7140E-01 5.4479E-01 5.1382E-01 5.0742E-01 5.1086E-01 4.9286E-01 4.7796E-01 4.6442E-01 4.5210E-01 4.3330E-01 4.1066E-01 3.9542E-01 3.8602E-01 3.6399E-01 3.4869E-01 3.3661E-01
1.0633E-01 1.1160E-01 1.2656E-01 1.2255E-01 1.2424E-01 1.2427E-01 1.2624E-01 1.3142E-01 1.3510E-01 1.5306E-01 1.5611E-01 1.7186E-01 1.7982E-01 1.9541E-01 2.0033E-01 2.0782E-01 2.2278E-01 2.5359E-01 2.6540E-01 2.8389E-01 3.1465E-01 3.1482E-01 3.3694E-01 3.6491E-01 3.6817E-01 3.5611E-01 3.9899E-01 4.3538E-01 4.4479E-01 4.3305E-01 4.5444E-01 4.7153E-01 5.1660E-01 5.5089E-01 5.4765E-01 5.5973E-01 5.8400E-01 5.9011E-01 6.0893E-01 6.0061E-01 6.0493E-01 5.9828E-01 5.7263E-01 5.3213E-01 5.3111E-01 5.3610E-01 5.3044E-01 5.0473E-01 4.8117E-01 4.5894E-01 4.3312E-01 4.3396E-01 4.2413E-01 4.0525E-01 3.7306E-01 3.6100E-01 3.4942E-01
1.0128E-01 1.0803E-01 1.1364E-01 1.2670E-01 1.2851E-01 1.2657E-01 1.2894E-01 1.3023E-01 1.3431E-01 1.4031E-01 1.5029E-01 1.6592E-01 1.7869E-01 1.8592E-01 2.0730E-01 2.1564E-01 2.2296E-01 2.4434E-01 2.6505E-01 2.9257E-01 3.1752E-01 3.3235E-01 3.4410E-01 3.7287E-01 3.8792E-01 3.8531E-01 3.9607E-01 4.3939E-01 4.6040E-01 4.6250E-01 4.6214E-01 4.9632E-01 5.1626E-01 5.7352E-01 5.7256E-01 5.7299E-01 5.9432E-01 6.2431E-01 6.3362E-01 6.3587E-01 6.3794E-01 6.2419E-01 6.0103E-01 5.5929E-01 5.5544E-01 5.4117E-01 5.5015E-01 5.2021E-01 5.0222E-01 4.7544E-01 4.6787E-01 4.5036E-01 4.3334E-01 4.0329E-01 3.9373E-01 3.7558E-01 3.5703E-01
1.0139E-01 1.0344E-01 1.1146E-01 1.1820E-01 1.2428E-01 1.3096E-01 1.3083E-01 1.3497E-01 1.4069E-01 1.3739E-01 1.4797E-01 1.6242E-01 1.7662E-01 1.8769E-01 1.9452E-01 2.2122E-01 2.2564E-01 2.3973E-01 2.6532E-01 2.8888E-01 3.1169E-01 3.4416E-01 3.6209E-01 3.6517E-01 3.9674E-01 4.0364E-01 4.0257E-01 4.3237E-01 4.7595E-01 4.9222E-01 4.7426E-01 5.0268E-01 5.1468E-01 5.8759E-01 6.0951E-01 6.1191E-01 6.2821E-01 6.5675E-01 6.5766E-01 6.6462E-01 6.6348E-01 6.5100E-01 6.3230E-01 5.9313E-01 5.8002E-01 5.7215E-01 5.6056E-01 5.5520E-01 5.1346E-01 4.9351E-01 4.8308E-01 4.6278E-01 4.5235E-01 4.1006E-01 4.0785E-01 3.8326E-01 3.7556E-01
1.0082E-01 1.0449E-01 1.0519E-01 1.0869E-01 1.1944E-01 1.3049E-01 1.3876E-01 1.3890E-01 1.4265E-01 1.4968E-01 1.5381E-01 1.5598E-01 1.7446E-01 1.8738E-01 1.9879E-01 2.1111E-01 2.2384E-01 2.4089E-01 2.5588E-01 2.9523E-01 3.1048E-01 3.4043E-01 3.6644E-01 3.7438E-01 3.8079E-01 4.1192E-01 4.2557E-01 4.4727E-01 4.6783E-01 5.0637E-01 5.0429E-01 5.1446E-01 5.3674E-01 6.0469E-01 6.5399E-01 6.5045E-01 6.5752E-01 6.8175E-01 7.0165E-01 7.0057E-01 7.0094E-01 6.9910E-01 6.6122E-01 6.3177E-01 6.1975E-01 6.1491E-01 5.9381E-01 5.8098E-01 5.4027E-01 5.2536E-01 5.1035E-01 4.8785E-01 4.4517E-01 4.2384E-01 4.1164E-01 3.8747E-01 3.9634E-01
1.0855E-01 1.0914E-01 1.0953E-01 1.1489E-01 1.1506E-01 1.1875E-01 1.3019E-01 1.3906E-01 1.4795E-01 1.5145E-01 1.5645E-01 1.6364E-01 1.6766E-01 1.8687E-01 1.9975E-01 2.1735E-01 2.2755E-01 2.4671E-01 2.6482E-01 2.7327E-01 3.2267E-01 3.3963E-01 3.6231E-01 3.8278E-01 3.8786E-01 4.1494E-01 4.3622E-01 4.6336E-01 4.8029E-01 5.2276E-01 5.3839E-01 5.3438E-01 5.6090E-01 6.1245E-01 6.8449E-01 6.9391E-01 6.9299E-01 7.3554E-01 7.6513E-01 7.4705E-01 7.3631E-01 7.4483E-01 7.1181E-01 6.7272E-01 6.6744E-01 6.5923E-01 6.4311E-01 6.1760E-01 5.7471E-01 5.6681E-01 5.3668E-01 5.1673E-01 4.4791E-01 4.5389E-01 4.3048E-01 4.1684E-01 4.0984E-01
1.0071E-01 1.0483E-01 1.1076E-01 1.1449E-01 1.1891E-01 1.2223E-01 1.2407E-01 1.3017E-01 1.4105E-01 1.5220E-01 1.5842E-01 1.6526E-01 1.7267E-01 1.8913E-01 2.0068E-01 2.0833E-01 2.3484E-01 2.5377E-01 2.5860E-01 2.6584E-01 2.9051E-01 3.3014E-01 3.5395E-01 3.6819E-01 3.9189E-01 4.0107E-01 4.3608E-01 4.7394E-01 5.0804E-01 5.3035E-01 5.6576E-01 5.6608E-01 5.9183E-01 6.3257E-01 7.1434E-01 7.3703E-01 7.0935E-01 7.7652E-01 8.1387E-01 7.9702E-01 7.7821E-01 7.9050E-01 7.7430E-01 7.2146E-01 7.1478E-01 6.9954E-01 6.8375E-01 6.4192E-01 6.2645E-01 6.0888E-01 5.6787E-01 5.1171E-01 4.6628E-01 4.6903E-01 4.4914E-01 4.2701E-01 4.1072E-01
9.4778E-02 9.6197E-02 1.0972E-01 1.1905E-01 1.2190E-01 1.2482E-01 1.2580E-01 1.2660E-01 1.3348E-01 1.4335E-01 1.5660E-01 1.7335E-01 1.7338E-01 1.8949E-01 2.0328E-01 2.1626E-01 2.2514E-01 2.4969E-01 2.6651E-01 2.7702E-01 2.8960E-01 2.9197E-01 3.4391E-01 3.7081E-01 3.8458E-01 4.2899E-01 4.5213E-01 4.9643E-01 5.2805E-01 5.5975E-01 5.9057E-01 6.1954E-01 6.2195E-01 6.7346E-01 7.4192E-01 7.8060E-01 7.5800E-01 8.2669E-01 8.5489E-01 8.3679E-01 8.0495E-01 8.4236E-01 8.3278E-01 7.7241E-01 7.6188E-01 7.5071E-01 7.3071E-01 6.8328E-01 6.7471E-01 6.4959E-01 6.0229E-01 5.1687E-01 4.9345E-01 4.9426E-01 4.6345E-01 4.5325E-01 4.3809E-01
8.9164E-02 9.5786E-02 1.0255E-01 1.1106E-01 1.2086E-01 1.2702E-01 1.2909E-01 1.3259E-01 1.3506E-01 1.3790E-01 1.4945E-01 1.7282E-01 1.8112E-01 1.8535E-01 2.0567E-01 2.2914E-01 2.2916E-01 2.4213E-01 2.6729E-01 2.8418E-01 2.9378E-01 3.0481E-01 3.1682E-01 3.5779E-01 4.1013E-01 4.2211E-01 4.5505E-01 4.8705E-01 5.5194E-01 5.8094E-01 6.1668E-01 6.5479E-01 6.6780E-01 6.8953E-01 7.6416E-01 8.2837E-01 8.1543E-01 8.6949E-01 8.9987E-01 8.7883E-01 8.4967E-01 8.8998E-01 8.7633E-01 8.2842E-01 8.2208E-01 7.9436E-01 7.7098E-01 7.2590E-01 7.2405E-01 6.9358E-01 6.2257E-01 5.3188E-01 5.4733E-01 5.2675E-01 5.0054E-01 4.6535E-01 4.6215E-01
9.7032E-02 1.0079E-01 1.0528E-01 1.1321E-01 1.2016E-01 1.2477E-01 1.3131E-01 1.3761E-01 1.5125E-01 1.5138E-01 1.5029E-01 1.7052E-01 1.7581E-01 1.9706E-01 2.1039E-01 2.2323E-01 2.4642E-01 2.5097E-01 2.5938E-01 2.8482E-01 2.9881E-01 3.1303E-01 3.2810E-01 3.6301E-01 3.9521E-01 4.3674E-01 4.5189E-01 4.8439E-01 5.4550E-01 5.9819E-01 6.5614E-01 6.7057E-01 7.0576E-01 7.3160E-01 7.9892E-01 8.5658E-01 8.6817E-01 9.0452E-01 9.2509E-01 9.0097E-01 8.9419E-01 9.2323E-01 9.0369E-01 8.6853E-01 8.6480E-01 8.5320E-01 7.9724E-01 7.7008E-01 7.7702E-01 7.2310E-01 6.2267E-01 5.8699E-01 5.8209E-01 5.2532E-01 5.1222E-01 5.0379E-01 5.1053E-01
