20220914_presentazione_dati_murano/data_input/run_no_deposition/rank(148)_cd_1hr_conc_cd.grd
DSAA
          81          81
     760.250     764.250
    5036.750    5040.750
  0.2948E-02  0.2071E+01
[rows 50 to 74 of 81, columns 0 to 56 of 81]
6.7172E-03 7.0623E-03 7.0579E-03 7.4945E-03 7.7747E-03 8.3681E-03 8.9085E-03 8.9431E-03 9.2246E-03 9.1598E-03 9.7524E-03 9.9616E-03 1.0155E-02 1.0920E-02 1.1161E-02 1.2525E-02 1.3021E-02 1.3436E-02 1.5359E-02 1.5773E-02 1.7660E-02 1.8446E-02 2.0031E-02 2.3172E-02 2.4339E-02 2.6575E-02 3.3001E-02 3.9740E-02 4.8682E-02 5.9211E-02 6.7363E-02 8.2944E-02 9.3015E-02 1.1011E-01 1.4832E-01 1.8159E-01 2.3754E-01 2.7333E-01 2.8220E-01 2.4829E-01 1.5940E-01 8.5322E-02 5.1388E-02 4.2640E-02 3.8434E-02 3.4674E-02 2.8710E-02 2.8867E-02 2.2840E-02 2.0922E-02 1.8192E-02 1.4036E-02 1.5099E-02 1.4547E-02 1.1748E-02 1.0253E-02 9.9788E-03
6.4822E-03 7.0810E-03 7.3222E-03 7.4704E-03 7.6891E-03 8.0212E-03 8.3903E-03 8.8618E-03 9.1702E-03 9.3262E-03 9.5111E-03 9.9861E-03 1.0365E-02 1.0766E-02 1.1632E-02 1.2130E-02 1.2507E-02 1.3365E-02 1.5057E-02 1.5943E-02 1.8052E-02 1.8559E-02 2.2626E-02 2.3457E-02 2.6586E-02 3.0524E-02 3.7315E-02 4.3167E-02 5.2987E-02 6.2605E-02 7.3136E-02 8.1745E-02 8.7609E-02 1.1823E-01 1.4190E-01 1.7479E-01 2.1282E-01 2.0031E-01 2.4392E-01 1.7990E-01 1.1957E-01 7.7693E-02 5.0762E-02 4.1206E-02 3.4879E-02 3.1454E-02 3.0343E-02 2.8607E-02 2.5595E-02 2.0957E-02 2.0077E-02 1.7406E-02 1.5304E-02 1.3963E-02 1.2735E-02 1.1433E-02 1.0190E-02
6.6935E-03 6.7867E-03 6.7452E-03 6.9649E-03 7.2422E-03 7.9009E-03 8.4632E-03 8.3844E-03 8.5478E-03 8.8804E-03 9.2100E-03 9.3956E-03 1.0124E-02 1.0715E-02 1.1525E-02 1.2373E-02 1.2700E-02 1.3636E-02 1.4529E-02 1.4672E-02 1.6968E-02 1.9419E-02 2.2802E-02 2.4127E-02 2.8979E-02 3.3479E-02 3.9195E-02 4.7179E-02 5.4063E-02 6.3436E-02 7.0728E-02 7.8260E-02 9.3388E-02 1.1447E-01 1.3134E-01 1.5727E-01 1.7450E-01 1.6460E-01 1.8722E-01 1.2914E-01 1.0772E-01 7.2796E-02 4.5266E-02 3.8684E-02 3.4973E-02 3.0693E-02 2.9491E-02 2.8090E-02 2.6416E-02 2.2552E-02 2.0555E-02 1.9660E-02 1.6985E-02 1.4590E-02 1.2934E-02 1.1127E-02 1.1374E-02
6.2299E-03 6.3754E-03 6.7560E-03 7.2992E-03 7.3461E-03 7.3834E-03 7.8538E-03 8.2867E-03 8.7737E-03 8.8960E-03 9.0248E-03 9.8747E-03 1.0847E-02 1.1294E-02 1.1672E-02 1.2247E-02 1.2422E-02 1.2390E-02 1.3936E-02 1.5154E-02 1.6587E-02 2.0397E-02 2.2667E-02 2.6269E-02 3.0103E-02 3.5441E-02 4.3194E-02 4.7703E-02 5.5675E-02 6.2012E-02 7.0358E-02 7.8530E-02 9.3335E-02 9.9797E-02 1.2418E-01 1.3130E-01 1.3448E-01 1.4309E-01 1.4451E-01 1.0536E-01 9.2174E-02 6.2260E-02 4.3939E-02 3.8274E-02 3.4349E-02 3.0091E-02 2.5795E-02 2.4873E-02 2.3326E-02 2.3100E-02 2.0996E-02 2.0726E-02 1.7634E-02 1.5487E-02 1.4670E-02 1.2131E-02 1.0798E-02
6.0117E-03 6.2587E-03 6.3718E-03 6.4121E-03 6.5200E-03 7.3169E-03 8.2184E-03 8.4003E-03 8.5631E-03 8.7861E-03 9.7748E-03 1.0209E-02 1.0382E-02 1.0675E-02 1.0760E-02 1.1491E-02 1.1604E-02 1.2216E-02 1.5209E-02 1.5990E-02 1.8659E-02 2.0874E-02 2.3291E-02 2.7930E-02 3.2475E-02 3.7633E-02 4.2291E-02 4.9343E-02 5.4130E-02 5.9755E-02 6.7561E-02 7.9272E-02 8.2103E-02 9.9376E-02 1.1455E-01 1.1523E-01 1.1208E-01 1.2727E-01 1.1279E-01 9.7103E-02 7.8288E-02 5.8051E-02 4.0060E-02 3.7110E-02 3.3625E-02 3.0850E-02 2.5725E-02 2.4949E-02 2.2917E-02 2.2849E-02 2.0763E-02 1.8258E-02 1.9491E-02 1.7887E-02 1.4240E-02 1.3561E-02 1.1478E-02
5.6183E-03 5.4683E-03 5.7429E-03 6.5866E-03 7.2083E-03 7.2640E-03 7.8025E-03 8.1810E-03 8.4811E-03 8.6375E-03 9.2682E-03 1.0077E-02 1.0525E-02 1.0879E-02 1.1049E-02 1.1492E-02 1.2691E-02 1.4196E-02 1.6148E-02 1.7238E-02 1.9800E-02 2.2643E-02 2.5883E-02 2.9667E-02 3.3891E-02 3.7586E-02 4.3316E-02 4.9884E-02 5.4899E-02 6.1503E-02 6.4361E-02 7.3918E-02 8.0736E-02 9.1666E-02 1.0338E-01 1.0445E-01 1.0124E-01 1.1192E-01 9.7215E-02 8.5167E-02 6.9888E-02 5.2631E-02 3.8597E-02 3.6657E-02 3.2672E-02 2.9450E-02 2.6923E-02 2.5829E-02 2.2041E-02 2.1446E-02 2.0762E-02 1.7799E-02 1.7219E-02 1.9701E-02 1.6600E-02 1.3485E-02 1.1979E-02
5.6431E-03 6.0989E-03 6.1752E-03 6.3393E-03 6.1122E-03 6.8186E-03 7.8546E-03 8.4142E-03 8.5156E-03 8.5771E-03 8.8604E-03 9.4025E-03 9.8381E-03 9.9064E-03 1.0890E-02 1.2301E-02 1.3948E-02 1.5117E-02 1.6395E-02 1.8543E-02 2.1336E-02 2.3990E-02 2.7018E-02 3.0931E-02 3.3610E-02 3.8080E-02 4.5007E-02 5.2524E-02 5.4675E-02 5.7755E-02 6.4298E-02 7.2351E-02 7.8307E-02 8.8675E-02 9.0266E-02 8.5884E-02 9.3993E-02 9.7118E-02 8.4277E-02 7.4657E-02 5.9876E-02 4.6782E-02 3.8208E-02 3.6843E-02 3.1922E-02 2.8806E-02 2.6774E-02 2.2328E-02 2.2900E-02 2.0388E-02 2.1967E-02 1.8537E-02 1.7415E-02 1.7283E-02 1.8104E-02 1.5721E-02 1.2743E-02
5.7537E-03 5.5981E-03 6.1444E-03 6.4221E-03 6.6255E-03 7.9276E-03 8.0641E-03 8.1245E-03 8.3854E-03 8.4580E-03 8.5502E-03 8.8272E-03 9.1337E-03 1.0752E-02 1.2221E-02 1.3635E-02 1.4318E-02 1.5773E-02 1.7141E-02 1.9669E-02 2.2985E-02 2.5806E-02 2.8003E-02 3.1985E-02 3.5087E-02 3.9210E-02 4.5274E-02 5.3450E-02 5.7559E-02 5.9198E-02 6.4187E-02 7.2875E-02 7.4432E-02 8.1930E-02 7.9466E-02 8.0740E-02 8.3468E-02 8.1697E-02 7.5957E-02 6.6406E-02 5.3876E-02 4.7594E-02 4.0185E-02 3.5934E-02 3.1063E-02 3.0023E-02 2.6029E-02 2.3658E-02 2.0331E-02 1.9692E-02 1.9776E-02 1.9343E-02 1.6037E-02 1.5016E-02 1.5442E-02 1.4834E-02 1.2580E-02
5.8412E-03 5.9379E-03 6.1193E-03 6.6842E-03 6.8152E-03 7.0298E-03 7.4819E-03 7.7975E-03 8.2480E-03 8.3713E-03 8.4292E-03 9.1905E-03 1.0091E-02 1.1235E-02 1.2526E-02 1.2946E-02 1.3436E-02 1.5602E-02 1.8335E-02 2.0920E-02 2.4214E-02 2.5871E-02 2.9454E-02 3.1515E-02 3.4870E-02 4.1108E-02 4.9513E-02 5.1685E-02 5.4473E-02 6.0923E-02 6.2981E-02 6.9967E-02 7.2253E-02 7.6234E-02 7.3402E-02 7.4996E-02 7.7437E-02 7.8074E-02 6.8081E-02 5.7703E-02 5.3428E-02 4.4218E-02 3.7820E-02 3.5489E-02 3.1094E-02 2.7758E-02 2.3501E-02 2.3781E-02 1.9812E-02 1.8645E-02 1.6422E-02 1.8695E-02 1.7137E-02 1.5178E-02 1.3356E-02 1.3865E-02 1.3152E-02
5.2148E-03 5.7447E-03 6.2601E-03 6.8957E-03 6.7258E-03 7.1529E-03 7.8250E-03 8.2151E-03 8.2473E-03 8.2847E-03 8.5848E-03 9.9366E-03 1.0427E-02 1.0740E-02 1.1201E-02 1.2171E-02 1.4930E-02 1.7454E-02 1.9673E-02 2.1985E-02 2.4498E-02 2.7601E-02 2.9590E-02 3.3094E-02 3.7513E-02 4.5003E-02 4.9377E-02 5.3322E-02 5.5045E-02 6.0877E-02 6.2055E-02 6.6253E-02 6.9397E-02 7.4370E-02 7.4198E-02 7.2423E-02 7.2791E-02 7.3208E-02 6.3887E-02 5.3339E-02 4.9288E-02 4.3737E-02 3.7660E-02 3.4552E-02 3.0408E-02 2.7175E-02 2.3440E-02 2.3160E-02 2.1465E-02 1.7126E-02 1.6229E-02 1.5635E-02 1.6275E-02 1.4656E-02 1.3403E-02 1.2302E-02 1.1968E-02
5.4803E-03 6.3667E-03 6.5753E-03 6.7559E-03 7.1505E-03 7.6288E-03 7.8641E-03 8.0907E-03 8.1303E-03 8.6729E-03 9.2924E-03 9.3647E-03 9.8923E-03 1.1033E-02 1.2190E-02 1.3806E-02 1.5976E-02 1.7328E-02 2.1164E-02 2.3078E-02 2.4779E-02 2.7247E-02 3.0461E-02 3.4047E-02 4.0066E-02 4.5629E-02 4.9186E-02 5.1084E-02 5.8152E-02 6.3088E-02 6.2320E-02 6.4728E-02 6.7675E-02 7.3015E-02 6.8684E-02 6.8281E-02 6.7157E-02 6.6767E-02 5.7619E-02 4.8280E-02 4.6697E-02 4.1666E-02 3.5908E-02 3.4125E-02 3.1656E-02 2.6868E-02 2.3987E-02 2.1072E-02 1.9940E-02 1.8044E-02 1.4769E-02 1.3817E-02 1.5520E-02 1.4217E-02 1.3442E-02 1.1801E-02 1.0683E-02
6.1631E-03 6.3840E-03 6.4979E-03 6.8214E-03 7.2946E-03 7.5963E-03 7.9336E-03 7.9655E-03 8.1327E-03 8.6303E-03 8.8779E-03 9.5162E-03 9.9335E-03 1.2222E-02 1.2976E-02 1.4606E-02 1.5989E-02 1.8998E-02 2.0947E-02 2.2995E-02 2.6112E-02 2.7494E-02 3.0260E-02 3.7381E-02 4.1064E-02 4.5955E-02 4.8175E-02 5.3117E-02 5.4843E-02 6.0192E-02 6.0263E-02 6.3293E-02 6.6941E-02 7.0916E-02 6.6031E-02 6.2296E-02 6.5340E-02 6.1750E-02 5.4330E-02 4.5965E-02 4.1365E-02 3.8163E-02 3.5223E-02 3.5449E-02 3.0114E-02 2.6619E-02 2.1861E-02 2.0631E-02 1.8751E-02 1.7568E-02 1.4529E-02 1.2068E-02 1.2761E-02 1.2921E-02 1.2337E-02 1.1810E-02 1.0917E-02
6.1277E-03 6.2589E-03 6.6804E-03 7.1044E-03 7.3381E-03 7.7133E-03 7.4883E-03 7.5288E-03 8.1209E-03 8.1319E-03 8.7422E-03 9.5181E-03 1.0818E-02 1.1450E-02 1.3211E-02 1.5675E-02 1.7864E-02 1.9720E-02 2.1306E-02 2.4298E-02 2.5406E-02 2.7737E-02 3.3269E-02 3.7452E-02 4.1765E-02 4.4672E-02 4.6287E-02 4.9904E-02 5.8161E-02 5.4280E-02 5.8934E-02 6.6002E-02 6.5964E-02 6.6903E-02 6.3347E-02 5.9209E-02 5.9701E-02 5.7542E-02 4.8812E-02 4.6412E-02 4.1740E-02 3.6825E-02 3.5768E-02 3.5160E-02 3.2661E-02 2.7255E-02 2.1809E-02 2.0294E-02 1.9116E-02 1.5989E-02 1.5234E-02 1.2223E-02 1.1457E-02 1.1980E-02 1.1387E-02 1.1330E-02 1.0554E-02
6.4306E-03 6.5588E-03 6.5024E-03 6.7072E-03 6.6733E-03 7.2322E-03 7.5155E-03 7.9631E-03 7.8325E-03 8.1882E-03 9.0681E-03 9.3791E-03 1.0867E-02 1.2659E-02 1.4971E-02 1.6793E-02 1.8071E-02 1.9414E-02 2.2217E-02 2.4139E-02 2.5649E-02 2.8907E-02 3.3168E-02 3.7184E-02 3.8681E-02 4.4581E-02 4.6875E-02 5.2625E-02 5.1308E-02 5.3826E-02 5.7284E-02 6.0337E-02 6.4221E-02 6.2154E-02 6.0239E-02 5.5675E-02 5.6666E-02 5.4732E-02 4.7623E-02 4.2957E-02 3.8759E-02 3.4454E-02 3.5747E-02 3.1470E-02 3.0583E-02 2.5852E-02 2.2616E-02 1.9758E-02 1.8471E-02 1.5433E-02 1.4414E-02 1.2768E-02 1.0657E-02 1.0438E-02 1.1303E-02 1.0880E-02 1.0898E-02
6.1433E-03 6.1501E-03 6.6515E-03 6.9653E-03 6.9500E-03 7.3446E-03 7.7071E-03 7.6474E-03 8.0224E-03 8.6341E-03 8.4120E-03 9.5472E-03 1.1673E-02 1.4324E-02 1.5760E-02 1.7152E-02 1.8230E-02 1.9819E-02 2.2269E-02 2.3891E-02 2.6181E-02 3.0512E-02 3.5420E-02 3.7515E-02 4.0514E-02 4.3661E-02 4.8176E-02 5.1566E-02 4.8371E-02 5.2525E-02 5.6798E-02 5.8021E-02 6.0055E-02 5.9106E-02 5.5877E-02 5.3667E-02 5.3890E-02 4.9062E-02 4.6320E-02 4.1719E-02 3.5733E-02 3.0822E-02 3.3285E-02 3.0172E-02 2.9571E-02 2.5220E-02 2.1355E-02 1.8351E-02 1.7253E-02 1.5337E-02 1.4167E-02 1.2190E-02 1.0802E-02 1.0180E-02 1.0007E-02 1.0351E-02 1.0433E-02
5.8099E-03 6.2716E-03 6.2067E-03 6.5074E-03 7.0252E-03 7.4593E-03 7.4579E-03 7.9415E-03 7.8511E-03 8.1656E-03 9.2382E-03 1.0665E-02 1.3384E-02 1.4785E-02 1.5726E-02 1.6042E-02 1.8166E-02 2.0899E-02 2.2627E-02 2.3825E-02 2.6762E-02 3.1264E-02 3.4094E-02 3.5864E-02 3.9422E-02 4.4020E-02 4.8407E-02 4.5619E-02 4.8163E-02 5.2870E-02 5.5973E-02 5.7869E-02 5.8932E-02 5.4550E-02 5.5322E-02 5.1921E-02 5.2860E-02 4.8437E-02 4.4178E-02 3.9623E-02 3.4421E-02 3.1059E-02 3.3757E-02 3.0335E-02 2.8368E-02 2.4941E-02 2.1009E-02 1.8275E-02 1.7243E-02 1.5164E-02 1.4134E-02 1.2300E-02 1.0977E-02 9.8712E-03 9.2102E-03 9.4036E-03 9.6021E-03
5.5666E-03 5.4957E-03 6.2779E-03 6.8357E-03 6.9355E-03 7.0377E-03 7.2360E-03 7.5393E-03 7.8725E-03 8.5253E-03 1.0537E-02 1.2336E-02 1.3484E-02 1.4919E-02 1.5637E-02 1.6457E-02 1.9140E-02 2.1026E-02 2.2390E-02 2.5217E-02 2.6919E-02 3.0878E-02 3.2772E-02 3.5136E-02 4.0547E-02 4.5365E-02 4.6109E-02 4.2660E-02 4.7009E-02 5.1682E-02 5.6082E-02 5.5955E-02 5.5820E-02 5.2659E-02 5.3050E-02 4.9268E-02 4.8385E-02 4.7433E-02 4.2203E-02 3.8423E-02 3.1899E-02 2.9861E-02 3.3102E-02 2.9757E-02 2.7811E-02 2.4580E-02 1.9710E-02 1.8073E-02 1.6319E-02 1.4873E-02 1.3252E-02 1.2592E-02 1.0394E-02 9.6351E-03 8.8733E-03 8.6898E-03 8.8494E-03
5.2154E-03 6.2127E-03 6.4424E-03 6.5495E-03 6.5553E-03 6.9395E-03 7.0378E-03 7.3237E-03 7.9574E-03 9.3667E-03 1.1002E-02 1.2769E-02 1.3899E-02 1.4677E-02 1.5410E-02 1.8232E-02 1.9884E-02 2.0846E-02 2.2955E-02 2.6123E-02 2.8668E-02 3.1287E-02 3.3299E-02 3.5910E-02 3.9032E-02 4.2062E-02 3.9815E-02 4.2963E-02 4.7631E-02 5.1381E-02 5.2874E-02 5.4848E-02 5.0408E-02 4.9081E-02 4.8900E-02 4.7080E-02 4.7651E-02 4.5018E-02 4.1606E-02 3.6046E-02 3.3066E-02 2.8800E-02 2.9372E-02 2.9033E-02 2.6751E-02 2.3457E-02 2.0344E-02 1.7741E-02 1.5340E-02 1.5038E-02 1.3064E-02 1.2766E-02 1.1123E-02 1.0272E-02 9.0219E-03 7.5842E-03 7.5577E-03
5.7766E-03 6.1439E-03 6.2876E-03 6.3173E-03 6.3442E-03 6.6503E-03 7.0263E-03 7.4506E-03 8.5356E-03 9.8678E-03 1.1575E-02 1.2438E-02 1.3685E-02 1.5532E-02 1.7084E-02 1.8759E-02 1.9524E-02 2.1330E-02 2.4043E-02 2.6288E-02 2.9918E-02 3.1630E-02 3.4844E-02 3.8112E-02 4.0095E-02 3.8921E-02 3.8688E-02 4.3244E-02 4.6759E-02 5.2287E-02 4.9391E-02 5.1123E-02 4.8861E-02 4.7444E-02 4.5074E-02 4.5071E-02 4.3178E-02 4.0945E-02 3.9714E-02 3.4667E-02 3.1478E-02 2.9451E-02 2.9147E-02 2.7988E-02 2.5975E-02 2.2531E-02 1.9305E-02 1.7149E-02 1.5113E-02 1.4939E-02 1.2548E-02 1.2075E-02 1.0417E-02 1.0170E-02 9.0809E-03 7.8641E-03 7.2645E-03
5.7641E-03 6.1943E-03 5.7404E-03 5.8728E-03 6.4267E-03 6.7385E-03 7.3233E-03 8.0388E-03 8.9135E-03 1.0567E-02 1.1048E-02 1.3120E-02 1.4473E-02 1.6557E-02 1.7776E-02 1.8313E-02 1.9531E-02 2.2252E-02 2.4258E-02 2.7120E-02 2.9485E-02 3.2289E-02 3.5373E-02 3.7982E-02 3.8447E-02 3.9027E-02 3.9855E-02 4.2486E-02 4.8027E-02 5.1125E-02 5.1588E-02 4.7986E-02 4.5838E-02 4.4041E-02 4.3640E-02 4.3401E-02 4.0705E-02 3.7803E-02 3.6884E-02 3.3551E-02 2.9309E-02 2.8396E-02 2.7642E-02 2.6782E-02 2.4400E-02 2.0867E-02 1.9466E-02 1.6651E-02 1.4651E-02 1.4340E-02 1.2397E-02 1.1965E-02 1.0001E-02 9.7527E-03 8.5132E-03 7.9090E-03 7.1902E-03
5.5832E-03 5.1170E-03 5.7934E-03 6.2953E-03 6.4609E-03 6.6637E-03 7.6132E-03 8.7605E-03 9.6295E-03 1.0337E-02 1.2478E-02 1.3690E-02 1.4884E-02 1.7079E-02 1.7721E-02 1.8063E-02 2.0452E-02 2.3439E-02 2.3903E-02 2.8540E-02 2.9936E-02 3.2016E-02 3.4187E-02 3.6406E-02 3.6786E-02 3.7871E-02 3.9740E-02 4.3406E-02 4.6692E-02 4.9960E-02 4.8799E-02 4.5317E-02 4.3768E-02 4.2264E-02 4.2196E-02 4.2207E-02 3.8951E-02 3.6524E-02 3.5553E-02 3.1925E-02 2.8378E-02 2.7027E-02 2.6882E-02 2.6212E-02 2.3955E-02 2.0081E-02 1.8211E-02 1.6677E-02 1.4439E-02 1.3303E-02 1.2317E-02 1.1658E-02 9.9434E-03 9.5117E-03 8.8939E-03 7.6303E-03 7.0451E-03
4.7313E-03 5.4264E-03 5.7976E-03 6.1932E-03 6.3086E-03 7.3348E-03 8.2892E-03 9.2792E-03 1.0034E-02 1.1196E-02 1.2463E-02 1.3821E-02 1.5245E-02 1.6856E-02 1.7732E-02 1.8186E-02 2.1258E-02 2.2328E-02 2.5846E-02 2.6364E-02 2.9293E-02 3.2253E-02 3.3706E-02 3.4091E-02 3.7354E-02 3.7213E-02 3.9318E-02 4.3369E-02 4.5763E-02 4.9963E-02 4.5937E-02 4.3634E-02 4.0333E-02 4.0742E-02 4.0011E-02 3.9851E-02 3.8004E-02 3.4512E-02 3.3892E-02 3.2305E-02 2.6645E-02 2.7008E-02 2.6894E-02 2.5173E-02 2.2884E-02 1.9405E-02 1.7766E-02 1.6352E-02 1.3966E-02 1.3420E-02 1.2180E-02 1.0706E-02 9.8188E-03 9.1220E-03 8.5359E-03 8.1826E-03 7.0300E-03
5.1749E-03 5.8146E-03 5.8511E-03 6.0623E-03 6.8598E-03 7.7817E-03 8.6963E-03 9.8716E-03 1.0282E-02 1.1545E-02 1.3094E-02 1.4233E-02 1.5281E-02 1.6493E-02 1.7930E-02 1.9552E-02 2.1508E-02 2.3001E-02 2.4974E-02 2.7081E-02 3.0145E-02 3.2701E-02 3.1502E-02 3.3764E-02 3.5730E-02 3.8683E-02 4.0640E-02 4.3622E-02 4.6586E-02 4.6651E-02 4.3039E-02 4.1502E-02 3.9089E-02 3.9261E-02 3.9780E-02 3.8109E-02 3.5906E-02 3.3583E-02 3.4492E-02 2.9422E-02 2.7130E-02 2.5886E-02 2.6881E-02 2.4205E-02 2.1852E-02 1.8858E-02 1.6389E-02 1.5767E-02 1.3969E-02 1.3232E-02 1.1986E-02 1.0867E-02 9.6682E-03 8.6010E-03 7.9040E-03 8.6243E-03 7.1249E-03
5.3114E-03 5.5992E-03 5.6348E-03 6.5867E-03 7.2831E-03 8.1766E-03 9.4950E-03 9.9399E-03 1.0468E-02 1.2053E-02 1.3912E-02 1.4098E-02 1.5614E-02 1.7102E-02 1.8136E-02 2.0064E-02 2.1490E-02 2.3349E-02 2.5480E-02 2.7161E-02 3.0354E-02 3.0415E-02 3.1003E-02 3.4917E-02 3.4308E-02 3.6660E-02 3.8384E-02 4.3036E-02 4.5080E-02 4.1665E-02 4.1901E-02 3.9013E-02 3.5726E-02 3.6564E-02 3.7779E-02 3.7098E-02 3.4469E-02 3.2803E-02 3.3504E-02 2.8287E-02 2.6705E-02 2.4602E-02 2.4132E-02 2.2944E-02 2.1165E-02 1.8460E-02 1.6042E-02 1.4958E-02 1.3768E-02 1.2820E-02 1.1787E-02 9.3722E-03 9.1428E-03 8.4774E-03 7.5121E-03 7.2004E-03 7.4673E-03
5.0769E-03 5.4286E-03 6.0860E-03 7.0912E-03 7.8355E-03 8.6479E-03 9.7585E-03 9.9907E-03 1.0976E-02 1.2998E-02 1.3227E-02 1.3983E-02 1.5782E-02 1.7032E-02 1.7940E-02 1.9360E-02 2.1528E-02 2.3583E-02 2.5593E-02 2.8327E-02 2.9733E-02 2.8756E-02 3.1945E-02 3.3450E-02 3.5265E-02 3.7212E-02 3.8916E-02 4.2389E-02 4.3726E-02 4.0430E-02 3.9961E-02 3.6281E-02 3.5685E-02 3.5986E-02 3.6200E-02 3.5578E-02 3.2152E-02 3.1878E-02 3.1179E-02 2.7145E-02 2.5254E-02 2.3343E-02 2.3885E-02 2.1893E-02 2.0273E-02 1.7820E-02 1.5464E-02 1.4853E-02 1.3620E-02 1.2516E-02 1.1490E-02 9.3934E-03 9.0789E-03 8.6103E-03 7.8072E-03 6.9558E-03 7.3772E-03
