20220914_presentazione_dati_murano/data_input/run_no_deposition/rank(30)_cd_1hr_conc_cd.grd
DSAA
          81          81
     760.250     764.250
    5036.750    5040.750
  0.5516E-01  0.5673E+01
[rows 50 to 74 of 81, columns 0 to 56 of 81]
8.2795E-02 8.3983E-02 8.4983E-02 8.9590E-02 8.7385E-02 9.2830E-02 9.8441E-02 1.0700E-01 1.1322E-01 1.1585E-01 1.2709E-01 1.3621E-01 1.3520E-01 1.4474E-01 1.5636E-01 1.5794E-01 1.6908E-01 1.8438E-01 1.8723E-01 1.9354E-01 2.0181E-01 1.9862E-01 2.1101E-01 2.0322E-01 2.0834E-01 2.1293E-01 2.0911E-01 2.1112E-01 2.1904E-01 2.5159E-01 2.7978E-01 3.2056E-01 3.6342E-01 4.1488E-01 4.8346E-01 5.2073E-01 6.0977E-01 6.8408E-01 6.9375E-01 7.4716E-01 7.5516E-01 6.8516E-01 6.1214E-01 5.6039E-01 4.7320E-01 4.2249E-01 4.5730E-01 5.5368E-01 5.0386E-01 4.9996E-01 4.9717E-01 4.2677E-01 3.8821E-01 3.0857E-01 2.7923E-01 2.4060E-01 2.3598E-01
7.5938E-02 8.0636E-02 8.6454E-02 9.2068E-02 9.6312E-02 9.8538E-02 1.0193E-01 1.1225E-01 1.1522E-01 1.2311E-01 1.3306E-01 1.3813E-01 1.4735E-01 1.4629E-01 1.4987E-01 1.5524E-01 1.6411E-01 1.7293E-01 1.7764E-01 1.8535E-01 1.9670E-01 1.9383E-01 1.9866E-01 2.0922E-01 1.9796E-01 1.8926E-01 1.9593E-01 2.1211E-01 2.1424E-01 2.3875E-01 2.7682E-01 3.1582E-01 3.5070E-01 4.0292E-01 4.4710E-01 4.8270E-01 5.2378E-01 5.6808E-01 5.6036E-01 5.8768E-01 6.0569E-01 5.7988E-01 5.3421E-01 4.5623E-01 3.9997E-01 3.8254E-01 4.2851E-01 5.0786E-01 5.2812E-01 5.3713E-01 4.9592E-01 4.2150E-01 4.1618E-01 3.2518E-01 2.9586E-01 2.5176E-01 2.4540E-01
8.0284E-02 8.3848E-02 8.7030E-02 9.4706E-02 1.0071E-01 1.0593E-01 1.0752E-01 1.0955E-01 1.1518E-01 1.2611E-01 1.3143E-01 1.3490E-01 1.4702E-01 1.4961E-01 1.4830E-01 1.5400E-01 1.6023E-01 1.7170E-01 1.7711E-01 1.8021E-01 1.8519E-01 1.8159E-01 1.8040E-01 1.8337E-01 1.7309E-01 1.7647E-01 1.9776E-01 1.9116E-01 2.1187E-01 2.2840E-01 2.6162E-01 2.9084E-01 3.3027E-01 3.7452E-01 3.9917E-01 4.3412E-01 4.4436E-01 4.6757E-01 4.6990E-01 4.9323E-01 4.9718E-01 4.7498E-01 4.5459E-01 3.8880E-01 3.6849E-01 3.7353E-01 3.4893E-01 3.6438E-01 4.7547E-01 4.8380E-01 4.4122E-01 4.6044E-01 3.9917E-01 4.0500E-01 3.0920E-01 2.8720E-01 2.3913E-01
8.1230E-02 9.0477E-02 9.5472E-02 9.3869E-02 9.6742E-02 9.9310E-02 1.0918E-01 1.1266E-01 1.1365E-01 1.2127E-01 1.3952E-01 1.3637E-01 1.4332E-01 1.3744E-01 1.3826E-01 1.5192E-01 1.5855E-01 1.5929E-01 1.5941E-01 1.5797E-01 1.5660E-01 1.6730E-01 1.6816E-01 1.7468E-01 1.7854E-01 1.8169E-01 1.7343E-01 1.8135E-01 1.9347E-01 2.1852E-01 2.4172E-01 2.7153E-01 2.9868E-01 3.2103E-01 3.6315E-01 3.6662E-01 3.8300E-01 3.7615E-01 3.8873E-01 4.0978E-01 4.1691E-01 4.0021E-01 3.6706E-01 3.4057E-01 3.1672E-01 3.1010E-01 3.3661E-01 3.6262E-01 4.8954E-01 4.6141E-01 4.6335E-01 4.0831E-01 4.0679E-01 3.7267E-01 3.5975E-01 3.1786E-01 3.0060E-01
8.1120E-02 8.7787E-02 9.2363E-02 9.6426E-02 9.4822E-02 9.8175E-02 9.7855E-02 1.0588E-01 1.1995E-01 1.2730E-01 1.2833E-01 1.2492E-01 1.3585E-01 1.4677E-01 1.4207E-01 1.3927E-01 1.4266E-01 1.3926E-01 1.5042E-01 1.5642E-01 1.5403E-01 1.5949E-01 1.6479E-01 1.6378E-01 1.7178E-01 1.5663E-01 1.6136E-01 1.7119E-01 1.8968E-01 2.0596E-01 2.2406E-01 2.4534E-01 2.6597E-01 3.0009E-01 3.1223E-01 3.2004E-01 3.2375E-01 3.1535E-01 3.3039E-01 3.4757E-01 3.5611E-01 3.4147E-01 3.1837E-01 2.8909E-01 2.9072E-01 2.7564E-01 3.1254E-01 3.5754E-01 3.5913E-01 4.6092E-01 4.3633E-01 4.2302E-01 3.7859E-01 3.7540E-01 3.4769E-01 3.2666E-01 3.3178E-01
8.4311E-02 8.6676E-02 8.7191E-02 8.7429E-02 8.7590E-02 9.6228E-02 1.0684E-01 1.1317E-01 1.1037E-01 1.0519E-01 1.2267E-01 1.3483E-01 1.3481E-01 1.3344E-01 1.3089E-01 1.3123E-01 1.3327E-01 1.4099E-01 1.5071E-01 1.5750E-01 1.5464E-01 1.4942E-01 1.5538E-01 1.5408E-01 1.4905E-01 1.6577E-01 1.6055E-01 1.7170E-01 1.7851E-01 1.8866E-01 2.0689E-01 2.2574E-01 2.4250E-01 2.5861E-01 2.6254E-01 2.7523E-01 2.7449E-01 2.6880E-01 2.8780E-01 2.9783E-01 3.0563E-01 2.9602E-01 2.7881E-01 2.6168E-01 2.6434E-01 2.6315E-01 2.5890E-01 2.9663E-01 3.1776E-01 3.6349E-01 4.6514E-01 4.0544E-01 3.9434E-01 3.4596E-01 3.3923E-01 3.4169E-01 3.1933E-01
7.8743E-02 7.9341E-02 8.6963E-02 9.6297E-02 9.4385E-02 9.8904E-02 9.3446E-02 9.3404E-02 1.1950E-01 1.1875E-01 1.2274E-01 1.2151E-01 1.2497E-01 1.2526E-01 1.2564E-01 1.3340E-01 1.4028E-01 1.4336E-01 1.3969E-01 1.4682E-01 1.4640E-01 1.4458E-01 1.4319E-01 1.4051E-01 1.4307E-01 1.5313E-01 1.5680E-01 1.5973E-01 1.6490E-01 1.7985E-01 1.9062E-01 2.0263E-01 2.1747E-01 2.2580E-01 2.3206E-01 2.4039E-01 2.3124E-01 2.4087E-01 2.4925E-01 2.5187E-01 2.6505E-01 2.5902E-01 2.4136E-01 2.4342E-01 2.3527E-01 2.3525E-01 2.3467E-01 2.5688E-01 2.9743E-01 3.2232E-01 3.4307E-01 4.0996E-01 3.7914E-01 3.7255E-01 3.5190E-01 3.3014E-01 3.3199E-01
8.4184E-02 8.5954E-02 8.2011E-02 8.7146E-02 8.0584E-02 9.0014E-02 1.0635E-01 1.0745E-01 1.0974E-01 1.0817E-01 1.0887E-01 1.1336E-01 1.2107E-01 1.3058E-01 1.3004E-01 1.3268E-01 1.3206E-01 1.3458E-01 1.3483E-01 1.2744E-01 1.3635E-01 1.3570E-01 1.3476E-01 1.4550E-01 1.4306E-01 1.5136E-01 1.5015E-01 1.5494E-01 1.6596E-01 1.7547E-01 1.8252E-01 1.8428E-01 1.9982E-01 1.9695E-01 2.0532E-01 2.1499E-01 2.0360E-01 2.1012E-01 2.1816E-01 2.2165E-01 2.3215E-01 2.2811E-01 2.1323E-01 2.1567E-01 2.1290E-01 2.4943E-01 2.1610E-01 2.4619E-01 2.5526E-01 2.8243E-01 3.2031E-01 3.2266E-01 3.6964E-01 3.6908E-01 3.4882E-01 3.6388E-01 3.1814E-01
7.1723E-02 7.5622E-02 7.4354E-02 8.8333E-02 9.6730E-02 9.6550E-02 9.9750E-02 9.8050E-02 9.9065E-02 1.0060E-01 1.0990E-01 1.1791E-01 1.1411E-01 1.1936E-01 1.2123E-01 1.2382E-01 1.2437E-01 1.2055E-01 1.2008E-01 1.3248E-01 1.3086E-01 1.4250E-01 1.4568E-01 1.4950E-01 1.4780E-01 1.4117E-01 1.4566E-01 1.5667E-01 1.5874E-01 1.7523E-01 1.6696E-01 1.6989E-01 1.7746E-01 1.8133E-01 1.9246E-01 1.8693E-01 1.8563E-01 1.8273E-01 1.9323E-01 1.9772E-01 2.0747E-01 2.0339E-01 1.8962E-01 1.9340E-01 2.0121E-01 2.3681E-01 2.3222E-01 2.4163E-01 2.5083E-01 2.7309E-01 2.5752E-01 3.1366E-01 3.1703E-01 3.3769E-01 3.2295E-01 3.1684E-01 3.3572E-01
6.9721E-02 8.4703E-02 8.9176E-02 8.5973E-02 9.2651E-02 9.2690E-02 8.9969E-02 9.0007E-02 9.9350E-02 1.0357E-01 1.0318E-01 1.0813E-01 1.1339E-01 1.2236E-01 1.1296E-01 1.1414E-01 1.1939E-01 1.2077E-01 1.2876E-01 1.2724E-01 1.3540E-01 1.3357E-01 1.3721E-01 1.3413E-01 1.3549E-01 1.3524E-01 1.4767E-01 1.5652E-01 1.6901E-01 1.6879E-01 1.6869E-01 1.6987E-01 1.6562E-01 1.7138E-01 1.7327E-01 1.6463E-01 1.6863E-01 1.6958E-01 1.7230E-01 1.7941E-01 1.8590E-01 1.8913E-01 1.7116E-01 1.7947E-01 1.8871E-01 2.1888E-01 2.3442E-01 2.1757E-01 2.3975E-01 2.2691E-01 2.6955E-01 2.8354E-01 3.2560E-01 3.1683E-01 3.0693E-01 3.0374E-01 2.8707E-01
7.8840E-02 8.1676E-02 8.6354E-02 8.8560E-02 8.4535E-02 8.4358E-02 9.1350E-02 9.3340E-02 9.4566E-02 9.5150E-02 1.0365E-01 9.8507E-02 1.0414E-01 1.0670E-01 1.1054E-01 1.1384E-01 1.1730E-01 1.1730E-01 1.2442E-01 1.2752E-01 1.2370E-01 1.2919E-01 1.2330E-01 1.2243E-01 1.2593E-01 1.3774E-01 1.4679E-01 1.6367E-01 1.6064E-01 1.6271E-01 1.6244E-01 1.6297E-01 1.5998E-01 1.6501E-01 1.6214E-01 1.5450E-01 1.5513E-01 1.5793E-01 1.5764E-01 1.6430E-01 1.7021E-01 1.7140E-01 1.6076E-01 1.7583E-01 1.8122E-01 2.0792E-01 2.2847E-01 2.3690E-01 2.3633E-01 2.3054E-01 2.2746E-01 2.5198E-01 2.9114E-01 3.1311E-01 3.1084E-01 2.5810E-01 2.8498E-01
7.9140E-02 8.0121E-02 7.7856E-02 7.8908E-02 7.9987E-02 8.4626E-02 8.9453E-02 8.7362E-02 9.5341E-02 8.9035E-02 9.5099E-02 9.5857E-02 9.6043E-02 1.0157E-01 1.0835E-01 1.1035E-01 1.1447E-01 1.1756E-01 1.2070E-01 1.1897E-01 1.2231E-01 1.1424E-01 1.1986E-01 1.2247E-01 1.2876E-01 1.4035E-01 1.5139E-01 1.5915E-01 1.5720E-01 1.5768E-01 1.5778E-01 1.6587E-01 1.6096E-01 1.5913E-01 1.5416E-01 1.5114E-01 1.4459E-01 1.4773E-01 1.5026E-01 1.5634E-01 1.5902E-01 1.5969E-01 1.6211E-01 1.6312E-01 1.6602E-01 2.0361E-01 2.2277E-01 2.3206E-01 2.5304E-01 2.4270E-01 2.2698E-01 2.1779E-01 2.3847E-01 3.1934E-01 2.8815E-01 2.8541E-01 2.2907E-01
7.0716E-02 7.1902E-02 6.9244E-02 7.6851E-02 8.0130E-02 8.2458E-02 8.2068E-02 8.4449E-02 8.3803E-02 8.6435E-02 8.5029E-02 8.9527E-02 9.7144E-02 1.0198E-01 1.0567E-01 1.1047E-01 1.1754E-01 1.1256E-01 1.1369E-01 1.1107E-01 1.1201E-01 1.1345E-01 1.1655E-01 1.2176E-01 1.3056E-01 1.4647E-01 1.5514E-01 1.5978E-01 1.5727E-01 1.5177E-01 1.5573E-01 1.6202E-01 1.5793E-01 1.5514E-01 1.5088E-01 1.4441E-01 1.3957E-01 1.4996E-01 1.5042E-01 1.5553E-01 1.6298E-01 1.6487E-01 1.5872E-01 1.4782E-01 1.5469E-01 1.9209E-01 2.1249E-01 2.1954E-01 2.4064E-01 2.2197E-01 2.3130E-01 2.1550E-01 2.1225E-01 2.4848E-01 2.6955E-01 2.6646E-01 2.5128E-01
6.2512E-02 6.9829E-02 7.3644E-02 7.6333E-02 7.6669E-02 7.8983E-02 7.6048E-02 7.9568E-02 8.0690E-02 8.3035E-02 8.6468E-02 9.1668E-02 9.3383E-02 1.0633E-01 1.0607E-01 1.1311E-01 1.1326E-01 1.0786E-01 1.1079E-01 1.1160E-01 1.0963E-01 1.1171E-01 1.1540E-01 1.2442E-01 1.3995E-01 1.4656E-01 1.5009E-01 1.6345E-01 1.4948E-01 1.6099E-01 1.5364E-01 1.5282E-01 1.5000E-01 1.4643E-01 1.5438E-01 1.3823E-01 1.3938E-01 1.4501E-01 1.4655E-01 1.5286E-01 1.5726E-01 1.6238E-01 1.5839E-01 1.5193E-01 1.4883E-01 1.9647E-01 2.0199E-01 2.1627E-01 2.2032E-01 2.3053E-01 2.1825E-01 2.2013E-01 2.0171E-01 2.1984E-01 2.5236E-01 2.3447E-01 2.4117E-01
6.6763E-02 7.0462E-02 7.2488E-02 7.2557E-02 7.0892E-02 7.6401E-02 7.6579E-02 7.4468E-02 7.6572E-02 8.1396E-02 8.5375E-02 8.6495E-02 9.3424E-02 1.0030E-01 1.0846E-01 1.0273E-01 1.0125E-01 1.0451E-01 1.0506E-01 1.1010E-01 1.0840E-01 1.1199E-01 1.1701E-01 1.2831E-01 1.4036E-01 1.4505E-01 1.5160E-01 1.5574E-01 1.3719E-01 1.4247E-01 1.4980E-01 1.4841E-01 1.4315E-01 1.4455E-01 1.4066E-01 1.3217E-01 1.3747E-01 1.3724E-01 1.3966E-01 1.4964E-01 1.5569E-01 1.6054E-01 1.5897E-01 1.5304E-01 1.5069E-01 1.6428E-01 1.9095E-01 2.1746E-01 2.0681E-01 2.2949E-01 2.0815E-01 2.2223E-01 2.2086E-01 2.0342E-01 1.9442E-01 2.2630E-01 2.0432E-01
6.3550E-02 6.7107E-02 6.6694E-02 6.6371E-02 6.9205E-02 7.0224E-02 7.1861E-02 7.4041E-02 7.6389E-02 8.0646E-02 8.0457E-02 8.8196E-02 9.3514E-02 1.0336E-01 9.6806E-02 9.5154E-02 9.7820E-02 1.0088E-01 1.0595E-01 1.0682E-01 1.0878E-01 1.1462E-01 1.2479E-01 1.3035E-01 1.3968E-01 1.5457E-01 1.4823E-01 1.4498E-01 1.4283E-01 1.3894E-01 1.4711E-01 1.3790E-01 1.4082E-01 1.4152E-01 1.3343E-01 1.3057E-01 1.3384E-01 1.4033E-01 1.4102E-01 1.4336E-01 1.4128E-01 1.5360E-01 1.5531E-01 1.5956E-01 1.4768E-01 1.6952E-01 1.7557E-01 1.9945E-01 2.0574E-01 1.9714E-01 2.0847E-01 1.9089E-01 1.9878E-01 1.8810E-01 1.9813E-01 2.0065E-01 2.1503E-01
6.3329E-02 6.4955E-02 6.7727E-02 6.6373E-02 6.8509E-02 6.9928E-02 7.1787E-02 7.1499E-02 7.5220E-02 7.9966E-02 8.6040E-02 8.9699E-02 9.4357E-02 9.1374E-02 8.9928E-02 9.2870E-02 9.6435E-02 1.0054E-01 1.0279E-01 1.0463E-01 1.1124E-01 1.2073E-01 1.2991E-01 1.3842E-01 1.4015E-01 1.4583E-01 1.4773E-01 1.4207E-01 1.3358E-01 1.3771E-01 1.3968E-01 1.3727E-01 1.3687E-01 1.3420E-01 1.3176E-01 1.2892E-01 1.3406E-01 1.3838E-01 1.4255E-01 1.5061E-01 1.4249E-01 1.4842E-01 1.4696E-01 1.4535E-01 1.5195E-01 1.6330E-01 1.7711E-01 1.7546E-01 1.9454E-01 1.8978E-01 2.0089E-01 1.8923E-01 1.9634E-01 1.8963E-01 1.8366E-01 1.9664E-01 1.9962E-01
6.3073E-02 6.2905E-02 6.4848E-02 6.5368E-02 6.8282E-02 6.6943E-02 7.1003E-02 7.4417E-02 7.9352E-02 8.5973E-02 8.6844E-02 8.8623E-02 8.5706E-02 8.7373E-02 8.6627E-02 9.0695E-02 9.4394E-02 9.6942E-02 9.7497E-02 1.0575E-01 1.1586E-01 1.2703E-01 1.3496E-01 1.4191E-01 1.4380E-01 1.4119E-01 1.4320E-01 1.3533E-01 1.3028E-01 1.3810E-01 1.3255E-01 1.3446E-01 1.2978E-01 1.3504E-01 1.2805E-01 1.2595E-01 1.2890E-01 1.3321E-01 1.3943E-01 1.4451E-01 1.3732E-01 1.3984E-01 1.4041E-01 1.4930E-01 1.5245E-01 1.5629E-01 1.6825E-01 1.6471E-01 1.8106E-01 1.8218E-01 1.8081E-01 1.8701E-01 1.7077E-01 1.9581E-01 1.8069E-01 1.8109E-01 1.9218E-01
6.1108E-02 6.2740E-02 6.4637E-02 6.6391E-02 6.6823E-02 6.9163E-02 7.3221E-02 7.7055E-02 8.1587E-02 8.4167E-02 8.1667E-02 8.3352E-02 8.2820E-02 8.3728E-02 8.6135E-02 8.9864E-02 9.1504E-02 9.3645E-02 9.9739E-02 1.0834E-01 1.1764E-01 1.3407E-01 1.4027E-01 1.3809E-01 1.4032E-01 1.4690E-01 1.3663E-01 1.2833E-01 1.2945E-01 1.3676E-01 1.3754E-01 1.2803E-01 1.3219E-01 1.2966E-01 1.2562E-01 1.2094E-01 1.2384E-01 1.2663E-01 1.3067E-01 1.3818E-01 1.3322E-01 1.3189E-01 1.3350E-01 1.3451E-01 1.5420E-01 1.5112E-01 1.6717E-01 1.6459E-01 1.6892E-01 1.7715E-01 1.7384E-01 1.7903E-01 1.7565E-01 1.8238E-01 1.8605E-01 1.7616E-01 1.7830E-01
5.5162E-02 5.9656E-02 6.0787E-02 6.3870E-02 6.5605E-02 6.8255E-02 7.5561E-02 7.9116E-02 8.1919E-02 8.0908E-02 7.9598E-02 8.0322E-02 8.0415E-02 8.2167E-02 8.7036E-02 9.0056E-02 9.0153E-02 9.4096E-02 1.0185E-01 1.1197E-01 1.2353E-01 1.3326E-01 1.3517E-01 1.3618E-01 1.4260E-01 1.4281E-01 1.2992E-01 1.3106E-01 1.3249E-01 1.3388E-01 1.3358E-01 1.3337E-01 1.3291E-01 1.2994E-01 1.2402E-01 1.1976E-01 1.2060E-01 1.2100E-01 1.2489E-01 1.3207E-01 1.2832E-01 1.3041E-01 1.3488E-01 1.3463E-01 1.5026E-01 1.4887E-01 1.6616E-01 1.5406E-01 1.5558E-01 1.6404E-01 1.6854E-01 1.7075E-01 1.7163E-01 1.6086E-01 1.7696E-01 1.6843E-01 1.6883E-01
5.6381E-02 5.9922E-02 6.2972E-02 6.2005E-02 6.6347E-02 7.3898E-02 7.7338E-02 7.5920E-02 7.5529E-02 7.7310E-02 7.8127E-02 7.8371E-02 8.0875E-02 8.4560E-02 8.7838E-02 8.7450E-02 8.9037E-02 9.4911E-02 1.0616E-01 1.1642E-01 1.2839E-01 1.3100E-01 1.3077E-01 1.3596E-01 1.4207E-01 1.3195E-01 1.2690E-01 1.2597E-01 1.3096E-01 1.3136E-01 1.3411E-01 1.3034E-01 1.2451E-01 1.2672E-01 1.2035E-01 1.1763E-01 1.1850E-01 1.2114E-01 1.2332E-01 1.2690E-01 1.3215E-01 1.2760E-01 1.3236E-01 1.3255E-01 1.4755E-01 1.5242E-01 1.5475E-01 1.5344E-01 1.4907E-01 1.6065E-01 1.6255E-01 1.6867E-01 1.6819E-01 1.6758E-01 1.5619E-01 1.7330E-01 1.6190E-01
5.8841E-02 6.0372E-02 6.0779E-02 6.6111E-02 7.1716E-02 7.2908E-02 7.2629E-02 7.2258E-02 7.4359E-02 7.3401E-02 7.5953E-02 7.8950E-02 8.2394E-02 8.4673E-02 8.4386E-02 8.4123E-02 8.9619E-02 1.0072E-01 1.1091E-01 1.2323E-01 1.2655E-01 1.2349E-01 1.2829E-01 1.3208E-01 1.2787E-01 1.2092E-01 1.2558E-01 1.2594E-01 1.2885E-01 1.3498E-01 1.3385E-01 1.3000E-01 1.2387E-01 1.2305E-01 1.2049E-01 1.2008E-01 1.1680E-01 1.2140E-01 1.2056E-01 1.2272E-01 1.2982E-01 1.2506E-01 1.3264E-01 1.3643E-01 1.4652E-01 1.5350E-01 1.5487E-01 1.5552E-01 1.4906E-01 1.5299E-01 1.5380E-01 1.6003E-01 1.6365E-01 1.6449E-01 1.4756E-01 1.4951E-01 1.5094E-01
5.8086E-02 6.0477E-02 6.5195E-02 6.9228E-02 7.0684E-02 6.9219E-02 6.9593E-02 7.2084E-02 7.0859E-02 7.3588E-02 7.4530E-02 7.9124E-02 8.1433E-02 8.4698E-02 8.2303E-02 8.7420E-02 9.6071E-02 1.0394E-01 1.1654E-01 1.2250E-01 1.1966E-01 1.2249E-01 1.2532E-01 1.2569E-01 1.2159E-01 1.1980E-01 1.2400E-01 1.2432E-01 1.3304E-01 1.3102E-01 1.2889E-01 1.2678E-01 1.2284E-01 1.1849E-01 1.1803E-01 1.1823E-01 1.1514E-01 1.2030E-01 1.2106E-01 1.1922E-01 1.2472E-01 1.2674E-01 1.3066E-01 1.3399E-01 1.4035E-01 1.4643E-01 1.5037E-01 1.5210E-01 1.5165E-01 1.4653E-01 1.5021E-01 1.5135E-01 1.5655E-01 1.5306E-01 1.5025E-01 1.4194E-01 1.5125E-01
6.0414E-02 6.3247E-02 6.5395E-02 6.6327E-02 6.7040E-02 6.7329E-02 6.6889E-02 6.7686E-02 7.0488E-02 7.1780E-02 7.5669E-02 7.8129E-02 8.1903E-02 8.1321E-02 8.6418E-02 9.1176E-02 1.0033E-01 1.0801E-01 1.1831E-01 1.1623E-01 1.1515E-01 1.1930E-01 1.2119E-01 1.1821E-01 1.1680E-01 1.1825E-01 1.2070E-01 1.2647E-01 1.3043E-01 1.2653E-01 1.2840E-01 1.2230E-01 1.1622E-01 1.1389E-01 1.1424E-01 1.1624E-01 1.1344E-01 1.2205E-01 1.1405E-01 1.2259E-01 1.2372E-01 1.2495E-01 1.3099E-01 1.3112E-01 1.3383E-01 1.4133E-01 1.4838E-01 1.4588E-01 1.4589E-01 1.3517E-01 1.4149E-01 1.4498E-01 1.4916E-01 1.4695E-01 1.4823E-01 1.3897E-01 1.3568E-01
6.2121E-02 6.4852E-02 6.4356E-02 6.5980E-02 6.5815E-02 6.3786E-02 6.6490E-02 6.8308E-02 7.1113E-02 7.2404E-02 7.5421E-02 7.9175E-02 8.0028E-02 8.2161E-02 8.8023E-02 9.6923E-02 1.0372E-01 1.1126E-01 1.1349E-01 1.1144E-01 1.1487E-01 1.1718E-01 1.1475E-01 1.1055E-01 1.1249E-01 1.1592E-01 1.1777E-01 1.2308E-01 1.2445E-01 1.2462E-01 1.2386E-01 1.1836E-01 1.1277E-01 1.1151E-01 1.0960E-01 1.1221E-01 1.1199E-01 1.1729E-01 1.1042E-01 1.1889E-01 1.2279E-01 1.2102E-01 1.2823E-01 1.2313E-01 1.2788E-01 1.3374E-01 1.4045E-01 1.4046E-01 1.4412E-01 1.3276E-01 1.4066E-01 1.3726E-01 1.4000E-01 1.4104E-01 1.4097E-01 1.4058E-01 1.3583E-01
