20220914_presentazione_dati_murano/data_input/run_no_deposition/rank(148)_cd_1hr_conc_cd.grd
DSAA
          81          81
     760.250     764.250
    5036.750    5040.750
  0.2948E-02  0.2071E+01
[rows 25 to 49 of 81, columns 0 to 56 of 81]
2.2226E-02 2.3012E-02 2.3445E-02 2.4517E-02 2.6741E-02 2.7322E-02 3.1844E-02 3.2432E-02 3.4553E-02 3.7834E-02 4.4231E-02 4.5922E-02 4.7423E-02 5.4412E-02 6.2011E-02 6.7518E-02 7.7247E-02 8.5895E-02 9.5343E-02 1.0119E-01 1.1343E-01 1.1812E-01 1.2335E-01 1.3768E-01 1.5897E-01 1.8428E-01 1.9644E-01 2.0732E-01 2.3180E-01 2.5293E-01 2.8780E-01 3.4501E-01 3.8504E-01 4.3188E-01 4.9347E-01 5.2438E-01 5.8536E-01 5.8819E-01 6.4122E-01 6.3420E-01 6.2131E-01 6.0888E-01 5.4482E-01 5.1221E-01 4.9508E-01 4.5692E-01 3.8725E-01 2.9832E-01 2.4363E-01 2.1316E-01 1.9525E-01 1.5289E-01 1.5807E-01 1.4550E-01 1.5865E-01 1.3794E-01 1.2298E-01
2.0009E-02 2.0701E-02 2.2955E-02 2.4348E-02 2.4901E-02 2.7019E-02 2.8895E-02 3.2962E-02 3.5741E-02 3.6862E-02 3.9489E-02 4.6733E-02 4.9322E-02 5.2771E-02 5.8032E-02 6.5975E-02 7.2361E-02 7.8903E-02 9.1365E-02 9.8408E-02 1.0997E-01 1.2037E-01 1.2589E-01 1.2866E-01 1.4827E-01 1.7505E-01 1.9619E-01 2.1243E-01 2.3225E-01 2.5275E-01 2.7238E-01 3.1870E-01 3.6351E-01 4.2388E-01 4.9682E-01 5.3305E-01 5.8646E-01 6.2749E-01 6.5994E-01 6.5956E-01 6.5183E-01 6.2824E-01 5.8112E-01 5.3558E-01 5.1850E-01 4.5727E-01 3.9986E-01 2.9295E-01 2.4228E-01 2.1027E-01 1.9201E-01 1.6375E-01 1.5778E-01 1.6783E-01 1.5368E-01 1.3272E-01 1.2487E-01
2.0050E-02 2.0830E-02 2.1814E-02 2.2790E-02 2.3934E-02 2.6539E-02 2.7392E-02 2.8954E-02 3.2486E-02 3.7316E-02 4.0646E-02 4.2458E-02 4.7868E-02 5.2348E-02 5.3767E-02 6.1435E-02 6.8962E-02 7.3483E-02 8.2933E-02 9.5670E-02 1.0549E-01 1.1624E-01 1.2953E-01 1.3539E-01 1.3803E-01 1.5718E-01 1.8764E-01 2.0469E-01 2.2996E-01 2.5521E-01 2.6590E-01 2.9591E-01 3.6071E-01 4.1211E-01 4.8866E-01 5.4361E-01 5.9521E-01 6.4289E-01 6.8004E-01 6.9746E-01 6.9700E-01 6.5665E-01 6.2148E-01 5.5819E-01 5.3465E-01 4.7468E-01 3.8888E-01 2.8990E-01 2.4054E-01 2.1810E-01 1.8074E-01 1.8064E-01 1.7844E-01 1.6971E-01 1.4691E-01 1.3759E-01 1.2799E-01
1.9967E-02 2.0514E-02 2.1361E-02 2.2219E-02 2.2920E-02 2.4048E-02 2.6225E-02 2.9704E-02 3.1808E-02 3.3069E-02 3.7885E-02 4.1239E-02 4.5975E-02 4.9824E-02 5.2843E-02 6.1554E-02 6.4579E-02 7.2850E-02 7.9548E-02 8.7700E-02 9.7307E-02 1.1348E-01 1.2282E-01 1.3770E-01 1.4385E-01 1.4737E-01 1.6601E-01 1.9788E-01 2.2436E-01 2.4806E-01 2.6204E-01 2.7860E-01 3.4082E-01 3.9624E-01 4.8153E-01 5.4995E-01 5.9457E-01 6.7003E-01 7.2383E-01 7.4773E-01 7.4125E-01 7.0086E-01 6.3085E-01 5.8918E-01 5.4972E-01 4.9270E-01 3.7380E-01 2.8695E-01 2.4506E-01 2.0764E-01 2.0328E-01 1.9435E-01 1.9130E-01 1.5767E-01 1.5161E-01 1.3628E-01 1.3452E-01
1.8513E-02 1.9901E-02 2.1752E-02 2.2728E-02 2.3255E-02 2.3902E-02 2.4478E-02 2.6183E-02 2.8261E-02 3.1940E-02 3.4153E-02 3.6764E-02 4.2228E-02 4.7869E-02 5.0391E-02 5.6530E-02 5.8851E-02 6.8939E-02 7.4755E-02 8.3651E-02 9.0943E-02 1.0155E-01 1.2067E-01 1.3018E-01 1.4367E-01 1.5234E-01 1.5519E-01 1.7423E-01 2.0713E-01 2.3605E-01 2.5231E-01 2.7719E-01 3.1280E-01 3.8555E-01 4.6279E-01 5.6276E-01 6.2476E-01 6.7327E-01 7.6525E-01 8.0087E-01 7.8438E-01 7.4240E-01 6.6101E-01 6.2241E-01 5.5844E-01 4.9063E-01 3.5211E-01 2.8554E-01 2.5006E-01 2.0959E-01 2.0959E-01 2.0258E-01 1.8125E-01 1.5922E-01 1.5891E-01 1.4541E-01 1.4211E-01
1.6923E-02 1.7891E-02 1.9369E-02 2.1038E-02 2.2818E-02 2.4495E-02 2.6428E-02 2.7797E-02 2.7525E-02 2.8726E-02 3.2587E-02 3.5301E-02 3.8117E-02 4.3384E-02 4.6666E-02 5.4785E-02 5.8602E-02 6.5215E-02 7.1115E-02 7.8877E-02 8.6998E-02 9.8565E-02 1.0595E-01 1.2504E-01 1.3869E-01 1.5710E-01 1.6133E-01 1.6805E-01 1.9340E-01 2.1275E-01 2.4411E-01 2.6404E-01 3.0082E-01 3.6891E-01 4.6295E-01 5.6605E-01 6.5934E-01 6.9234E-01 7.9883E-01 8.4037E-01 8.2419E-01 7.9793E-01 7.0335E-01 6.4368E-01 5.6196E-01 4.5220E-01 3.5957E-01 2.9566E-01 2.3346E-01 2.2181E-01 2.2092E-01 1.9778E-01 1.7529E-01 1.7309E-01 1.5810E-01 1.5568E-01 1.3513E-01
1.4852E-02 1.6140E-02 1.7089E-02 1.8268E-02 2.0272E-02 2.2652E-02 2.4591E-02 2.6948E-02 2.8144E-02 3.1104E-02 3.1622E-02 3.3511E-02 3.5064E-02 3.8908E-02 4.4540E-02 4.8866E-02 5.1059E-02 5.8781E-02 6.8002E-02 7.6314E-02 8.4407E-02 9.1983E-02 1.0149E-01 1.0854E-01 1.2741E-01 1.4402E-01 1.5937E-01 1.7203E-01 1.7635E-01 2.0206E-01 2.2953E-01 2.5364E-01 2.8620E-01 3.4276E-01 4.4224E-01 5.4808E-01 6.7034E-01 7.5149E-01 8.3780E-01 8.7823E-01 8.3999E-01 8.4237E-01 7.1677E-01 6.4123E-01 5.5017E-01 4.2734E-01 3.3319E-01 2.9404E-01 2.3197E-01 2.3334E-01 2.1635E-01 1.8741E-01 1.9499E-01 1.7978E-01 1.6412E-01 1.4588E-01 1.2960E-01
1.5035E-02 1.5434E-02 1.6260E-02 1.6933E-02 1.8549E-02 1.9848E-02 2.1233E-02 2.3329E-02 2.6138E-02 2.8310E-02 3.1593E-02 3.2757E-02 3.4295E-02 3.7957E-02 4.0756E-02 4.1640E-02 4.9425E-02 5.6010E-02 5.9776E-02 6.8255E-02 7.7170E-02 8.9045E-02 9.7757E-02 1.0590E-01 1.1532E-01 1.3055E-01 1.3983E-01 1.6320E-01 1.7408E-01 1.8507E-01 2.0084E-01 2.3872E-01 2.6916E-01 3.1623E-01 3.9361E-01 5.0752E-01 6.4504E-01 7.8188E-01 8.4154E-01 9.4216E-01 8.6924E-01 8.4530E-01 7.1683E-01 6.3838E-01 5.2375E-01 3.7846E-01 3.2360E-01 2.5378E-01 2.3913E-01 2.2944E-01 2.0030E-01 2.0300E-01 2.0162E-01 1.7164E-01 1.5319E-01 1.3462E-01 1.3146E-01
1.3889E-02 1.4693E-02 1.5927E-02 1.7065E-02 1.7891E-02 1.8522E-02 1.9665E-02 2.0151E-02 2.2242E-02 2.5391E-02 2.7437E-02 3.0061E-02 3.3565E-02 3.6419E-02 3.8240E-02 4.2405E-02 4.4464E-02 4.7760E-02 5.5426E-02 6.3263E-02 6.7378E-02 7.7969E-02 8.7545E-02 9.8740E-02 1.0848E-01 1.1693E-01 1.3565E-01 1.4515E-01 1.7122E-01 1.7893E-01 1.9700E-01 2.2688E-01 2.6666E-01 3.1298E-01 3.7922E-01 4.8258E-01 6.0758E-01 7.7019E-01 8.5330E-01 9.5186E-01 8.6426E-01 8.3006E-01 7.2345E-01 5.9850E-01 4.5040E-01 3.5079E-01 3.0108E-01 2.5655E-01 2.2866E-01 2.1441E-01 2.0181E-01 2.1302E-01 1.7183E-01 1.5343E-01 1.4399E-01 1.3356E-01 1.2475E-01
1.2836E-02 1.3313E-02 1.3808E-02 1.4618E-02 1.6318E-02 1.8039E-02 1.9222E-02 2.0412E-02 2.2020E-02 2.2892E-02 2.3970E-02 2.6745E-02 2.9318E-02 3.2835E-02 3.6327E-02 3.8155E-02 4.4565E-02 4.7044E-02 5.0377E-02 5.3416E-02 6.1430E-02 7.0622E-02 7.7857E-02 8.6615E-02 1.0076E-01 1.1321E-01 1.2220E-01 1.4009E-01 1.5580E-01 1.7488E-01 1.9234E-01 2.1350E-01 2.5281E-01 3.1414E-01 3.6707E-01 4.5429E-01 5.9637E-01 7.4856E-01 8.3621E-01 9.1143E-01 8.5779E-01 7.9542E-01 6.9044E-01 5.3482E-01 3.8447E-01 3.2332E-01 2.7844E-01 2.3339E-01 2.2189E-01 2.1056E-01 2.1771E-01 1.8203E-01 1.5981E-01 1.4816E-01 1.3332E-01 1.2757E-01 1.1585E-01
1.1805E-02 1.3253E-02 1.3598E-02 1.4732E-02 1.6299E-02 1.7739E-02 1.8512E-02 1.9490E-02 2.0786E-02 2.2288E-02 2.4168E-02 2.5110E-02 2.7162E-02 3.1032E-02 3.3562E-02 3.6755E-02 4.0308E-02 4.3642E-02 4.6534E-02 5.2399E-02 5.7008E-02 6.1399E-02 6.9477E-02 7.4527E-02 9.1422E-02 1.0283E-01 1.1474E-01 1.2131E-01 1.3923E-01 1.5865E-01 1.8145E-01 2.1037E-01 2.4751E-01 3.0079E-01 3.6158E-01 4.2240E-01 5.5019E-01 7.0751E-01 8.3403E-01 9.2458E-01 8.4889E-01 7.8627E-01 6.4164E-01 4.7913E-01 3.5116E-01 3.0093E-01 2.5046E-01 2.2513E-01 2.2683E-01 2.1342E-01 1.8972E-01 1.7045E-01 1.5701E-01 1.4581E-01 1.2879E-01 1.2136E-01 1.1075E-01
1.0743E-02 1.1738E-02 1.2597E-02 1.3579E-02 1.3970E-02 1.5462E-02 1.7086E-02 1.8516E-02 1.9758E-02 2.1095E-02 2.2803E-02 2.4260E-02 2.6287E-02 2.8537E-02 3.0932E-02 3.3403E-02 3.5785E-02 4.1706E-02 4.5637E-02 4.8356E-02 5.2002E-02 5.5924E-02 6.6557E-02 7.2536E-02 7.6773E-02 8.6559E-02 9.5112E-02 1.1432E-01 1.2599E-01 1.4397E-01 1.6203E-01 1.9779E-01 2.2343E-01 2.8489E-01 3.5212E-01 4.3550E-01 5.3723E-01 6.9563E-01 8.5250E-01 9.3424E-01 9.3078E-01 7.9398E-01 6.1253E-01 4.1684E-01 3.2051E-01 2.6618E-01 2.4011E-01 2.2351E-01 2.2514E-01 1.9063E-01 1.6732E-01 1.5110E-01 1.4314E-01 1.2956E-01 1.2302E-01 1.1533E-01 1.0294E-01
1.0297E-02 1.1394E-02 1.1894E-02 1.2767E-02 1.3536E-02 1.4370E-02 1.5946E-02 1.7644E-02 1.8388E-02 1.8741E-02 1.9787E-02 2.1503E-02 2.3441E-02 2.5339E-02 2.7983E-02 3.0522E-02 3.3399E-02 3.5484E-02 4.1087E-02 4.6025E-02 4.9372E-02 5.2330E-02 5.9688E-02 6.1717E-02 6.8802E-02 7.5497E-02 8.3898E-02 9.7415E-02 1.1428E-01 1.2963E-01 1.4355E-01 1.6970E-01 2.2308E-01 2.7573E-01 3.3778E-01 4.5644E-01 5.5909E-01 6.7646E-01 8.6826E-01 9.9268E-01 9.9634E-01 7.6037E-01 5.5471E-01 3.4790E-01 2.7739E-01 2.3663E-01 2.2320E-01 2.0658E-01 1.9591E-01 1.7564E-01 1.6069E-01 1.3995E-01 1.3288E-01 1.1903E-01 1.1802E-01 9.8989E-02 8.8729E-02
9.7751E-03 1.0419E-02 1.0999E-02 1.1663E-02 1.2401E-02 1.3140E-02 1.3946E-02 1.5317E-02 1.7178E-02 1.8124E-02 1.9415E-02 2.0759E-02 2.2500E-02 2.4190E-02 2.5981E-02 2.7940E-02 3.0900E-02 3.3431E-02 3.5175E-02 3.7616E-02 4.3543E-02 4.6343E-02 5.2996E-02 5.7188E-02 6.1426E-02 6.5579E-02 7.3913E-02 7.9575E-02 8.6759E-02 9.8158E-02 1.1692E-01 1.4161E-01 1.9101E-01 2.5474E-01 3.4945E-01 4.3236E-01 5.9705E-01 7.6305E-01 9.2051E-01 1.1091E+00 1.0081E+00 7.1670E-01 5.2101E-01 3.0665E-01 2.1392E-01 2.0058E-01 1.8373E-01 1.7238E-01 1.6988E-01 1.5875E-01 1.3657E-01 1.3242E-01 1.2101E-01 1.0541E-01 9.5638E-02 8.4181E-02 7.3009E-02
9.6403E-03 9.8536E-03 1.0574E-02 1.1057E-02 1.1643E-02 1.2222E-02 1.2909E-02 1.3574E-02 1.4001E-02 1.4662E-02 1.5346E-02 1.7029E-02 1.8341E-02 2.1283E-02 2.2955E-02 2.5173E-02 2.6686E-02 2.8131E-02 3.0495E-02 3.4206E-02 3.7300E-02 3.9925E-02 4.4705E-02 4.9372E-02 5.3098E-02 5.9741E-02 6.3505E-02 7.0756E-02 7.6391E-02 8.0680E-02 8.8299E-02 1.1692E-01 1.4958E-01 2.0348E-01 2.8877E-01 4.4012E-01 5.8014E-01 7.9292E-01 9.8598E-01 1.2432E+00 1.1447E+00 6.9429E-01 3.8603E-01 2.2380E-01 1.6715E-01 1.5078E-01 1.4189E-01 1.4886E-01 1.3630E-01 1.2872E-01 1.2234E-01 1.1190E-01 1.0016E-01 8.4870E-02 7.8321E-02 6.7519E-02 6.8552E-02
9.4175E-03 9.9267E-03 1.0267E-02 1.0499E-02 1.1070E-02 1.1575E-02 1.1907E-02 1.2401E-02 1.3030E-02 1.3304E-02 1.3973E-02 1.5013E-02 1.6362E-02 1.7719E-02 1.9171E-02 2.1265E-02 2.3757E-02 2.5941E-02 2.9122E-02 3.1049E-02 3.4102E-02 3.7625E-02 3.9140E-02 4.2813E-02 4.7769E-02 5.1487E-02 5.7118E-02 6.3044E-02 6.6008E-02 7.3607E-02 8.0132E-02 8.9847E-02 1.0403E-01 1.3847E-01 2.0734E-01 3.2741E-01 5.7258E-01 8.3429E-01 1.1082E+00 1.3843E+00 1.2057E+00 5.8538E-01 2.2753E-01 1.3727E-01 1.0884E-01 1.3061E-01 1.2186E-01 1.2477E-01 1.1313E-01 1.0788E-01 9.6562E-02 8.4599E-02 7.7740E-02 6.9672E-02 6.8249E-02 6.2430E-02 5.6471E-02
9.9721E-03 1.0310E-02 1.0894E-02 1.0893E-02 1.1073E-02 1.1490E-02 1.1860E-02 1.2208E-02 1.2459E-02 1.2924E-02 1.4545E-02 1.5276E-02 1.6641E-02 1.7316E-02 1.8421E-02 1.9302E-02 2.1848E-02 2.2061E-02 2.2731E-02 2.5409E-02 2.9379E-02 3.1273E-02 3.2122E-02 3.6387E-02 3.7806E-02 4.0107E-02 4.4837E-02 4.9030E-02 5.3273E-02 5.8284E-02 6.8581E-02 7.2161E-02 8.1513E-02 9.5860E-02 1.2937E-01 1.9195E-01 3.3937E-01 6.7902E-01 1.1920E+00 1.6037E+00 1.3662E+00 3.6240E-01 1.0984E-01 8.2177E-02 8.7902E-02 9.2531E-02 9.2837E-02 8.9662E-02 8.5755E-02 7.5439E-02 7.4401E-02 6.7580E-02 5.4049E-02 5.0797E-02 5.2081E-02 4.8825E-02 4.8075E-02
9.3212E-03 9.4195E-03 9.6247E-03 1.0091E-02 1.0714E-02 1.1048E-02 1.1615E-02 1.2342E-02 1.2474E-02 1.2926E-02 1.3584E-02 1.4576E-02 1.5143E-02 1.5442E-02 1.7085E-02 1.9007E-02 2.1080E-02 2.1379E-02 2.2357E-02 2.4354E-02 2.7427E-02 2.9212E-02 2.9957E-02 3.0784E-02 3.3825E-02 3.4715E-02 3.6975E-02 4.1290E-02 4.2109E-02 4.4621E-02 5.0585E-02 5.6192E-02 6.5768E-02 6.8953E-02 8.2724E-02 1.1326E-01 1.4948E-01 2.8028E-01 5.2203E-01 1.5309E+00 2.0706E+00 1.1679E-01 5.7199E-02 6.9334E-02 7.7012E-02 6.6902E-02 6.7084E-02 6.4152E-02 6.2866E-02 5.9687E-02 5.3066E-02 5.0364E-02 4.9070E-02 4.5426E-02 4.4785E-02 4.0056E-02 3.8792E-02
9.2148E-03 9.6553E-03 1.0051E-02 1.0224E-02 1.0610E-02 1.0950E-02 1.1448E-02 1.1909E-02 1.2311E-02 1.2769E-02 1.3229E-02 1.3818E-02 1.4748E-02 1.5250E-02 1.5854E-02 1.6599E-02 1.6964E-02 1.8303E-02 1.8338E-02 1.9614E-02 2.2945E-02 2.3401E-02 2.4275E-02 2.6780E-02 2.8352E-02 2.8588E-02 3.1176E-02 3.3180E-02 3.5964E-02 4.0799E-02 4.1101E-02 4.6144E-02 5.2106E-02 5.3956E-02 6.3270E-02 7.8386E-02 1.0043E-01 1.2149E-01 1.5844E-01 2.5129E-01 1.4023E-01 2.8854E-02 3.4786E-02 3.6396E-02 3.9236E-02 4.1732E-02 4.5024E-02 4.3676E-02 4.1203E-02 3.8174E-02 3.3047E-02 3.2560E-02 3.3005E-02 3.4310E-02 3.3179E-02 3.2008E-02 3.0844E-02
8.7597E-03 9.2015E-03 9.5459E-03 1.0042E-02 1.0317E-02 1.0463E-02 1.0854E-02 1.1352E-02 1.1831E-02 1.1843E-02 1.1669E-02 1.2329E-02 1.2837E-02 1.3430E-02 1.3680E-02 1.5155E-02 1.5744E-02 1.7335E-02 1.7500E-02 1.8750E-02 1.9668E-02 2.0513E-02 2.3164E-02 2.3985E-02 2.4517E-02 2.5254E-02 2.5418E-02 2.6838E-02 3.0102E-02 3.3837E-02 3.7594E-02 3.7401E-02 4.0585E-02 4.5353E-02 5.2037E-02 7.2064E-02 9.6329E-02 1.3760E-01 2.6674E-01 8.0911E-01 1.6574E+00 5.4073E-02 2.6017E-02 2.4451E-02 2.8280E-02 3.1277E-02 3.2570E-02 3.3001E-02 3.0895E-02 2.9194E-02 2.7943E-02 2.5168E-02 2.5546E-02 2.4806E-02 2.4488E-02 2.4165E-02 2.1728E-02
7.6566E-03 7.7188E-03 7.9203E-03 8.9032E-03 9.1502E-03 9.7388E-03 1.0189E-02 1.0508E-02 1.0460E-02 1.0294E-02 1.1033E-02 1.1548E-02 1.2119E-02 1.2557E-02 1.3416E-02 1.4317E-02 1.4676E-02 1.5626E-02 1.6665E-02 1.6899E-02 1.8004E-02 1.9348E-02 2.0245E-02 2.1382E-02 2.3166E-02 2.4618E-02 2.6073E-02 2.8391E-02 3.1709E-02 3.3701E-02 3.7612E-02 4.0547E-02 4.3408E-02 5.6398E-02 7.9185E-02 1.0239E-01 1.6112E-01 3.0869E-01 5.6586E-01 1.0863E+00 9.1430E-01 1.0588E-01 3.5621E-02 2.9191E-02 2.3541E-02 2.3256E-02 2.3050E-02 2.2870E-02 2.1949E-02 2.0052E-02 1.8836E-02 1.9030E-02 1.9201E-02 1.8543E-02 1.9565E-02 1.7042E-02 1.8006E-02
7.5245E-03 7.6554E-03 7.8602E-03 8.1323E-03 8.7900E-03 9.0669E-03 9.3048E-03 9.5008E-03 9.7282E-03 9.9911E-03 1.0435E-02 1.1040E-02 1.1906E-02 1.2451E-02 1.2593E-02 1.3220E-02 1.3989E-02 1.3943E-02 1.4757E-02 1.5039E-02 1.5654E-02 1.6759E-02 1.9521E-02 2.0853E-02 2.3007E-02 2.3017E-02 2.5777E-02 2.7003E-02 3.0529E-02 3.4446E-02 3.9734E-02 4.2112E-02 5.5583E-02 7.8513E-02 9.8081E-02 1.5533E-01 2.5312E-01 4.0999E-01 7.0165E-01 9.0639E-01 5.9139E-01 1.2753E-01 5.3259E-02 3.4585E-02 2.9250E-02 2.3753E-02 2.2699E-02 2.1042E-02 2.1583E-02 1.7480E-02 1.3933E-02 1.3034E-02 1.2795E-02 1.4280E-02 1.4807E-02 1.4618E-02 1.4694E-02
7.1201E-03 7.4681E-03 7.6449E-03 7.6941E-03 8.2945E-03 8.5144E-03 8.9817E-03 9.0979E-03 9.2142E-03 9.4787E-03 1.0008E-02 1.0604E-02 1.1074E-02 1.1669E-02 1.1765E-02 1.1868E-02 1.2366E-02 1.3096E-02 1.3224E-02 1.3705E-02 1.4358E-02 1.6324E-02 1.8730E-02 1.9966E-02 2.1799E-02 2.4355E-02 2.7033E-02 2.9997E-02 3.4182E-02 3.4733E-02 4.4129E-02 5.5476E-02 7.2963E-02 9.5783E-02 1.3813E-01 2.0277E-01 2.9424E-01 4.0960E-01 6.4087E-01 6.7689E-01 4.2028E-01 1.1449E-01 5.7198E-02 4.2278E-02 3.5052E-02 2.9369E-02 2.6913E-02 2.1434E-02 1.9300E-02 1.8932E-02 1.6914E-02 1.4764E-02 1.0822E-02 1.0077E-02 1.2177E-02 1.2986E-02 1.2442E-02
6.9177E-03 7.1342E-03 7.0312E-03 7.4474E-03 7.7369E-03 8.2008E-03 8.3921E-03 8.7332E-03 9.3345E-03 9.7982E-03 1.0266E-02 1.0483E-02 1.0690E-02 1.1212E-02 1.1887E-02 1.1829E-02 1.2116E-02 1.2625E-02 1.3350E-02 1.4515E-02 1.5556E-02 1.7322E-02 1.9368E-02 2.2746E-02 2.3708E-02 2.5488E-02 2.9261E-02 3.1556E-02 3.4290E-02 4.0322E-02 5.6576E-02 7.0047E-02 8.5705E-02 1.1216E-01 1.5820E-01 2.0261E-01 2.5967E-01 3.9651E-01 4.7864E-01 5.2494E-01 2.9413E-01 1.0893E-01 6.3586E-02 4.8545E-02 3.6654E-02 3.1011E-02 2.6081E-02 2.4220E-02 2.2043E-02 1.9369E-02 1.5605E-02 1.5137E-02 1.2530E-02 1.2450E-02 1.1449E-02 1.0368E-02 1.0257E-02
6.5946E-03 6.6811E-03 6.8480E-03 7.3827E-03 7.6872E-03 8.1732E-03 8.9655E-03 9.1316E-03 9.4657E-03 9.7252E-03 9.9521E-03 1.0182E-02 1.0327E-02 1.0789E-02 1.1278E-02 1.1825E-02 1.1895E-02 1.3257E-02 1.4074E-02 1.4851E-02 1.7833E-02 1.9448E-02 2.0442E-02 2.1874E-02 2.5019E-02 2.4798E-02 2.7752E-02 3.4088E-02 4.1162E-02 5.3121E-02 6.3895E-02 7.8666E-02 9.5082E-02 1.2264E-01 1.4745E-01 1.9450E-01 2.5953E-01 3.4724E-01 3.3961E-01 3.5859E-01 2.2141E-01 1.0212E-01 5.7166E-02 4.5067E-02 3.8983E-02 3.2706E-02 2.7746E-02 2.5118E-02 2.1486E-02 1.8901E-02 1.5539E-02 1.5838E-02 1.2947E-02 1.2055E-02 1.1247E-02 1.0482E-02 9.9964E-03
