20220914_presentazione_dati_murano/data_input/run_no_deposition/rank(148)_cd_1hr_conc_cd.grd
DSAA
          81          81
     760.250     764.250
    5036.750    5040.750
  0.2948E-02  0.2071E+01
[rows 0 to 24 of 81, columns 0 to 56 of 81]
4.0056E-02 4.3569E-02 4.5013E-02 4.5658E-02 4.4992E-02 4.2891E-02 4.2572E-02 4.6678E-02 4.8349E-02 5.0829E-02 5.2193E-02 5.3113E-02 5.4529E-02 6.0755E-02 6.4652E-02 6.7075E-02 6.5804E-02 6.8728E-02 7.1298E-02 7.6090E-02 8.2813E-02 9.4922E-02 1.0149E-01 1.0932E-01 1.2222E-01 1.3182E-01 1.3299E-01 1.3649E-01 1.4200E-01 1.4063E-01 1.4513E-01 1.4898E-01 1.5810E-01 1.6213E-01 1.6557E-01 1.6572E-01 1.6452E-01 1.7197E-01 1.7431E-01 1.7260E-01 1.6227E-01 1.6193E-01 1.5916E-01 1.5028E-01 1.4398E-01 1.4178E-01 1.3911E-01 1.3894E-01 1.3784E-01 1.3195E-01 1.2348E-01 1.2001E-01 1.1596E-01 1.0690E-01 1.0138E-01 9.8170E-02 8.7777E-02
3.7863E-02 4.1386E-02 4.4829E-02 4.6411E-02 4.7047E-02 4.6568E-02 4.4548E-02 4.4231E-02 4.8486E-02 4.9701E-02 5.3175E-02 5.4623E-02 5.5099E-02 6.0106E-02 6.5760E-02 6.8217E-02 6.8511E-02 6.8929E-02 7.0348E-02 7.5427E-02 7.9833E-02 9.2507E-02 1.0401E-01 1.1400E-01 1.2296E-01 1.3690E-01 1.3675E-01 1.4270E-01 1.4551E-01 1.5137E-01 1.5197E-01 1.5494E-01 1.6219E-01 1.6939E-01 1.7260E-01 1.7236E-01 1.7071E-01 1.7711E-01 1.8269E-01 1.7661E-01 1.6710E-01 1.6989E-01 1.6530E-01 1.5701E-01 1.4973E-01 1.4970E-01 1.4225E-01 1.4563E-01 1.4262E-01 1.3776E-01 1.2856E-01 1.2178E-01 1.1859E-01 1.0836E-01 1.0384E-01 9.8323E-02 8.9778E-02
3.7351E-02 3.9468E-02 4.2996E-02 4.6468E-02 4.8112E-02 4.8351E-02 4.7510E-02 4.6069E-02 4.6433E-02 5.2078E-02 5.2266E-02 5.5191E-02 5.8332E-02 5.6874E-02 6.3058E-02 6.6723E-02 7.0438E-02 6.7897E-02 7.0234E-02 7.3855E-02 8.2432E-02 8.9963E-02 1.0339E-01 1.1336E-01 1.2204E-01 1.3933E-01 1.4531E-01 1.4556E-01 1.5079E-01 1.5596E-01 1.6114E-01 1.6031E-01 1.6554E-01 1.7784E-01 1.8154E-01 1.7815E-01 1.7944E-01 1.8488E-01 1.9092E-01 1.8381E-01 1.7783E-01 1.7578E-01 1.7138E-01 1.6150E-01 1.5524E-01 1.5425E-01 1.4935E-01 1.5056E-01 1.4733E-01 1.4156E-01 1.3451E-01 1.2761E-01 1.1723E-01 1.0983E-01 1.0510E-01 1.0047E-01 9.0431E-02
3.5124E-02 3.8362E-02 4.0390E-02 4.4396E-02 4.7834E-02 4.9512E-02 4.9139E-02 5.0275E-02 4.7230E-02 4.9821E-02 5.4018E-02 5.4682E-02 5.8211E-02 5.7288E-02 6.1619E-02 6.6472E-02 7.1383E-02 7.1162E-02 7.1720E-02 7.4502E-02 8.0902E-02 9.0813E-02 1.0310E-01 1.1760E-01 1.2559E-01 1.3576E-01 1.5215E-01 1.5033E-01 1.5825E-01 1.6189E-01 1.6447E-01 1.6828E-01 1.7370E-01 1.8297E-01 1.9013E-01 1.8462E-01 1.8785E-01 1.9013E-01 1.9811E-01 1.9389E-01 1.8821E-01 1.8376E-01 1.7797E-01 1.6864E-01 1.6022E-01 1.5919E-01 1.5539E-01 1.5456E-01 1.5184E-01 1.4683E-01 1.3776E-01 1.3152E-01 1.2333E-01 1.1151E-01 1.0661E-01 9.8271E-02 9.1078E-02
3.4340E-02 3.6257E-02 3.9826E-02 4.1418E-02 4.5965E-02 4.9806E-02 5.1934E-02 5.1062E-02 5.1514E-02 4.8658E-02 5.1249E-02 5.4797E-02 5.6794E-02 5.9794E-02 6.1572E-02 6.3886E-02 7.1960E-02 7.3820E-02 7.2299E-02 7.4721E-02 7.7892E-02 8.8487E-02 1.0061E-01 1.1761E-01 1.3038E-01 1.4049E-01 1.5271E-01 1.6160E-01 1.6596E-01 1.7107E-01 1.7567E-01 1.7956E-01 1.8150E-01 1.9155E-01 1.9536E-01 1.9601E-01 1.9902E-01 1.9958E-01 2.0886E-01 2.0050E-01 1.9806E-01 1.9214E-01 1.8654E-01 1.7598E-01 1.6804E-01 1.6737E-01 1.6123E-01 1.6383E-01 1.5633E-01 1.5198E-01 1.4335E-01 1.3478E-01 1.2363E-01 1.1398E-01 1.0788E-01 9.9328E-02 9.0161E-02
3.4005E-02 3.5658E-02 3.7951E-02 4.1719E-02 4.3044E-02 4.8430E-02 5.2287E-02 5.4407E-02 5.1822E-02 5.1737E-02 5.0448E-02 5.3971E-02 5.6360E-02 6.1507E-02 6.3105E-02 6.3450E-02 6.7590E-02 7.3302E-02 7.5313E-02 7.6136E-02 8.0321E-02 8.7290E-02 1.0217E-01 1.1760E-01 1.2890E-01 1.4015E-01 1.5549E-01 1.6920E-01 1.7460E-01 1.8093E-01 1.8033E-01 1.8914E-01 1.9259E-01 1.9937E-01 2.0414E-01 2.1056E-01 2.1060E-01 2.0893E-01 2.1553E-01 2.1148E-01 2.0893E-01 1.9899E-01 1.9446E-01 1.8630E-01 1.7796E-01 1.7663E-01 1.7191E-01 1.7379E-01 1.6531E-01 1.5403E-01 1.4629E-01 1.3733E-01 1.2628E-01 1.1397E-01 1.0905E-01 9.7343E-02 8.7373E-02
3.1832E-02 3.4765E-02 3.6800E-02 3.9715E-02 4.2637E-02 4.4825E-02 5.0620E-02 5.4179E-02 5.5046E-02 5.3721E-02 5.2648E-02 5.3659E-02 5.6083E-02 5.8770E-02 6.3070E-02 6.2898E-02 6.6225E-02 7.3812E-02 7.9270E-02 7.9263E-02 8.0409E-02 8.4537E-02 9.8456E-02 1.1379E-01 1.3240E-01 1.4638E-01 1.5712E-01 1.7848E-01 1.8159E-01 1.8899E-01 1.9046E-01 1.9900E-01 2.0154E-01 2.0732E-01 2.1165E-01 2.2014E-01 2.2441E-01 2.1927E-01 2.2605E-01 2.2523E-01 2.1894E-01 2.1146E-01 2.0295E-01 1.9508E-01 1.9024E-01 1.8738E-01 1.7860E-01 1.8014E-01 1.7117E-01 1.6024E-01 1.5165E-01 1.3911E-01 1.2655E-01 1.1787E-01 1.0743E-01 9.6801E-02 8.7355E-02
3.2461E-02 3.3168E-02 3.5966E-02 3.7569E-02 4.0463E-02 4.3414E-02 4.6682E-02 5.1877E-02 5.7078E-02 5.7731E-02 5.6227E-02 5.3303E-02 5.6937E-02 5.9997E-02 6.3621E-02 6.6495E-02 6.9065E-02 7.2409E-02 7.7006E-02 8.2798E-02 8.4584E-02 8.6316E-02 9.7295E-02 1.1442E-01 1.3485E-01 1.5058E-01 1.6100E-01 1.8527E-01 1.8668E-01 1.9600E-01 2.0051E-01 2.0556E-01 2.1293E-01 2.1560E-01 2.2041E-01 2.2977E-01 2.3490E-01 2.2953E-01 2.4052E-01 2.3997E-01 2.3369E-01 2.2500E-01 2.1509E-01 2.0748E-01 1.9955E-01 1.9630E-01 1.9025E-01 1.8671E-01 1.7719E-01 1.6908E-01 1.6053E-01 1.4407E-01 1.2888E-01 1.1800E-01 1.0680E-01 9.7706E-02 9.2199E-02
3.3149E-02 3.4499E-02 3.3854E-02 3.6533E-02 3.9871E-02 4.1300E-02 4.4386E-02 4.8507E-02 5.3439E-02 5.9023E-02 5.9751E-02 5.9139E-02 5.5499E-02 6.0234E-02 6.1398E-02 6.8982E-02 6.7437E-02 7.1923E-02 7.6854E-02 8.1147E-02 8.5298E-02 8.8932E-02 9.5229E-02 1.1099E-01 1.2700E-01 1.4993E-01 1.6582E-01 1.8199E-01 1.9836E-01 2.0781E-01 2.1116E-01 2.1380E-01 2.2282E-01 2.2492E-01 2.2979E-01 2.4195E-01 2.4740E-01 2.4649E-01 2.5100E-01 2.5791E-01 2.4889E-01 2.4112E-01 2.2909E-01 2.2201E-01 2.0959E-01 2.0608E-01 1.9793E-01 1.9291E-01 1.8564E-01 1.7530E-01 1.6509E-01 1.4587E-01 1.2927E-01 1.1857E-01 1.0646E-01 9.5870E-02 9.1757E-02
3.2413E-02 3.3714E-02 3.6194E-02 3.5481E-02 3.7650E-02 4.0984E-02 4.2374E-02 4.6617E-02 5.0089E-02 5.5685E-02 5.9981E-02 6.0892E-02 6.2224E-02 5.9595E-02 6.4172E-02 6.6731E-02 7.1539E-02 7.1956E-02 7.6145E-02 8.4218E-02 8.9339E-02 9.2777E-02 9.8173E-02 1.0770E-01 1.2774E-01 1.4888E-01 1.6824E-01 1.8419E-01 2.0886E-01 2.0982E-01 2.2639E-01 2.2405E-01 2.3493E-01 2.3770E-01 2.4119E-01 2.5909E-01 2.5984E-01 2.6276E-01 2.6789E-01 2.7176E-01 2.6512E-01 2.5376E-01 2.4485E-01 2.3584E-01 2.2118E-01 2.1993E-01 2.0818E-01 2.0167E-01 1.9588E-01 1.8168E-01 1.6421E-01 1.4716E-01 1.3213E-01 1.1726E-01 1.0669E-01 9.9623E-02 9.2374E-02
3.2739E-02 3.3237E-02 3.5786E-02 3.6761E-02 3.7467E-02 3.9028E-02 4.3516E-02 4.3966E-02 4.9314E-02 5.3390E-02 5.7602E-02 6.3025E-02 6.3737E-02 6.4666E-02 6.3713E-02 6.7719E-02 7.0885E-02 7.4847E-02 7.6657E-02 8.0980E-02 9.1883E-02 9.8256E-02 1.0436E-01 1.0883E-01 1.2730E-01 1.4417E-01 1.7069E-01 1.8776E-01 2.1153E-01 2.1521E-01 2.3128E-01 2.3819E-01 2.4705E-01 2.4600E-01 2.5611E-01 2.6938E-01 2.7725E-01 2.8093E-01 2.8150E-01 2.9258E-01 2.7591E-01 2.7025E-01 2.6052E-01 2.5053E-01 2.3288E-01 2.2661E-01 2.1881E-01 2.1269E-01 2.0240E-01 1.8858E-01 1.6792E-01 1.4857E-01 1.3351E-01 1.1626E-01 1.0734E-01 1.0282E-01 9.5164E-02
3.3103E-02 3.2758E-02 3.4845E-02 3.7990E-02 3.8755E-02 3.9748E-02 4.0964E-02 4.3761E-02 4.6106E-02 5.1820E-02 5.5210E-02 5.9451E-02 6.5866E-02 6.6473E-02 6.7820E-02 6.8538E-02 7.0702E-02 7.4137E-02 8.0150E-02 8.1175E-02 9.5318E-02 1.0197E-01 1.0705E-01 1.1598E-01 1.2640E-01 1.4328E-01 1.7090E-01 1.9327E-01 2.1419E-01 2.3039E-01 2.3975E-01 2.4950E-01 2.5080E-01 2.6166E-01 2.7585E-01 2.8491E-01 2.9646E-01 3.0098E-01 2.9841E-01 3.1084E-01 2.9078E-01 2.8825E-01 2.7765E-01 2.6374E-01 2.5256E-01 2.3694E-01 2.3352E-01 2.2333E-01 2.1040E-01 1.9544E-01 1.7255E-01 1.4627E-01 1.3397E-01 1.1420E-01 1.0668E-01 1.0445E-01 9.5543E-02
2.9571E-02 3.3530E-02 3.3822E-02 3.6826E-02 3.8675E-02 4.0395E-02 4.0875E-02 4.2358E-02 4.5140E-02 4.8638E-02 5.3893E-02 5.8183E-02 6.2860E-02 6.7814E-02 6.9234E-02 7.0172E-02 7.4079E-02 7.4976E-02 8.1325E-02 8.7294E-02 9.2646E-02 1.0139E-01 1.1266E-01 1.2162E-01 1.3044E-01 1.5176E-01 1.7183E-01 1.9438E-01 2.1575E-01 2.4668E-01 2.4685E-01 2.6434E-01 2.5953E-01 2.8082E-01 2.8720E-01 2.9940E-01 3.1155E-01 3.1812E-01 3.2213E-01 3.2937E-01 3.0592E-01 3.0692E-01 2.9384E-01 2.7353E-01 2.6968E-01 2.4832E-01 2.4550E-01 2.3403E-01 2.2187E-01 1.9859E-01 1.7356E-01 1.4658E-01 1.3212E-01 1.1647E-01 1.1006E-01 1.0014E-01 9.5892E-02
2.8032E-02 3.0292E-02 3.3657E-02 3.6427E-02 3.7554E-02 3.8991E-02 4.2888E-02 4.3758E-02 4.4065E-02 4.8776E-02 5.1919E-02 5.7042E-02 6.0653E-02 6.5134E-02 7.1448E-02 7.3080E-02 7.3301E-02 7.7949E-02 8.5258E-02 8.9945E-02 9.4808E-02 1.0325E-01 1.1697E-01 1.2686E-01 1.3872E-01 1.5195E-01 1.7550E-01 2.0600E-01 2.2836E-01 2.5170E-01 2.6104E-01 2.7428E-01 2.8093E-01 2.9615E-01 2.9963E-01 3.1653E-01 3.2791E-01 3.3566E-01 3.3854E-01 3.4770E-01 3.2487E-01 3.2368E-01 3.1176E-01 2.8951E-01 2.8145E-01 2.6572E-01 2.5607E-01 2.4544E-01 2.3071E-01 2.0048E-01 1.7574E-01 1.4626E-01 1.3154E-01 1.1981E-01 1.1263E-01 1.0170E-01 9.7051E-02
2.6118E-02 2.8258E-02 3.1391E-02 3.4298E-02 3.7854E-02 3.8987E-02 4.2954E-02 4.4620E-02 4.6774E-02 4.7240E-02 5.0609E-02 5.4272E-02 6.0732E-02 6.2963E-02 7.0858E-02 7.7211E-02 8.0264E-02 8.2214E-02 8.5531E-02 9.3171E-02 9.8810E-02 1.0548E-01 1.2163E-01 1.3707E-01 1.4917E-01 1.6618E-01 1.8748E-01 2.0368E-01 2.3499E-01 2.5352E-01 2.7785E-01 2.8186E-01 2.9689E-01 3.0759E-01 3.1464E-01 3.3349E-01 3.4668E-01 3.5118E-01 3.5299E-01 3.5763E-01 3.4340E-01 3.3547E-01 3.2487E-01 3.0596E-01 2.9904E-01 2.8548E-01 2.6438E-01 2.5740E-01 2.3693E-01 2.0351E-01 1.7331E-01 1.4960E-01 1.3430E-01 1.1689E-01 1.1064E-01 1.0260E-01 9.5382E-02
2.4614E-02 2.7052E-02 2.8446E-02 3.2250E-02 3.5204E-02 4.0244E-02 4.1970E-02 4.4001E-02 4.6350E-02 4.8855E-02 5.1065E-02 5.3656E-02 5.6451E-02 6.4631E-02 6.8391E-02 7.6335E-02 8.4760E-02 8.9513E-02 8.9711E-02 9.4764E-02 1.0395E-01 1.1351E-01 1.2061E-01 1.4073E-01 1.5448E-01 1.6516E-01 1.7996E-01 2.1376E-01 2.3516E-01 2.5962E-01 2.9561E-01 2.9963E-01 3.0776E-01 3.0977E-01 3.3192E-01 3.4407E-01 3.5887E-01 3.6887E-01 3.6172E-01 3.7103E-01 3.5806E-01 3.4756E-01 3.4431E-01 3.1884E-01 3.0919E-01 2.9751E-01 2.8130E-01 2.6023E-01 2.3839E-01 2.0384E-01 1.6985E-01 1.4849E-01 1.3413E-01 1.2384E-01 1.1172E-01 1.0216E-01 9.2780E-02
2.5023E-02 2.6770E-02 2.8352E-02 2.9983E-02 3.3228E-02 3.7473E-02 4.0971E-02 4.3918E-02 4.7320E-02 4.9965E-02 5.2263E-02 5.4641E-02 5.8424E-02 5.9601E-02 6.8897E-02 7.3102E-02 8.5472E-02 8.9913E-02 9.6357E-02 9.9394E-02 1.0810E-01 1.1664E-01 1.2980E-01 1.3797E-01 1.5814E-01 1.7505E-01 1.9236E-01 2.1143E-01 2.3544E-01 2.6859E-01 2.9314E-01 3.0717E-01 3.2022E-01 3.2438E-01 3.4449E-01 3.5731E-01 3.7646E-01 3.8561E-01 3.8724E-01 3.8911E-01 3.7812E-01 3.6373E-01 3.5478E-01 3.3313E-01 3.1075E-01 3.0103E-01 2.9085E-01 2.7161E-01 2.3853E-01 2.0160E-01 1.7050E-01 1.4979E-01 1.3669E-01 1.2485E-01 1.1288E-01 1.0196E-01 9.3813E-02
2.4160E-02 2.4948E-02 2.7356E-02 2.9766E-02 3.1961E-02 3.3902E-02 3.9483E-02 4.4155E-02 4.7804E-02 5.0745E-02 5.1966E-02 5.8015E-02 5.9672E-02 6.2561E-02 6.6183E-02 7.4628E-02 8.2067E-02 9.3807E-02 9.9979E-02 1.0718E-01 1.0825E-01 1.2580E-01 1.3276E-01 1.4586E-01 1.5939E-01 1.8562E-01 1.9641E-01 2.0229E-01 2.3745E-01 2.6461E-01 2.8960E-01 3.2267E-01 3.2981E-01 3.4226E-01 3.5226E-01 3.6507E-01 3.8379E-01 4.0504E-01 4.0607E-01 4.1188E-01 3.9641E-01 3.8192E-01 3.7142E-01 3.5145E-01 3.2743E-01 3.2207E-01 3.0574E-01 2.7697E-01 2.4587E-01 2.0178E-01 1.8016E-01 1.5092E-01 1.3931E-01 1.2172E-01 1.1577E-01 1.0201E-01 9.3296E-02
2.4314E-02 2.5149E-02 2.7050E-02 2.8308E-02 2.9862E-02 3.4369E-02 3.7298E-02 3.9493E-02 4.6391E-02 4.9718E-02 5.5492E-02 5.6933E-02 6.1148E-02 6.4000E-02 7.1440E-02 7.4642E-02 8.1094E-02 8.7917E-02 1.0658E-01 1.1312E-01 1.1704E-01 1.2351E-01 1.3726E-01 1.5005E-01 1.6308E-01 1.8011E-01 2.0059E-01 2.0881E-01 2.3414E-01 2.6848E-01 2.8764E-01 3.2514E-01 3.4226E-01 3.5622E-01 3.6412E-01 3.8111E-01 4.0284E-01 4.2729E-01 4.2906E-01 4.3732E-01 4.1697E-01 4.0599E-01 3.8278E-01 3.6357E-01 3.4230E-01 3.4030E-01 3.1426E-01 2.8953E-01 2.4804E-01 2.0749E-01 1.7529E-01 1.5297E-01 1.3739E-01 1.2455E-01 1.1639E-01 1.0087E-01 9.6082E-02
2.4683E-02 2.5407E-02 2.7274E-02 2.7684E-02 2.9389E-02 3.2832E-02 3.4757E-02 3.9666E-02 4.3872E-02 4.7786E-02 5.2900E-02 5.8806E-02 6.0399E-02 6.4939E-02 7.0895E-02 7.6640E-02 8.1348E-02 9.0500E-02 1.0013E-01 1.1492E-01 1.2551E-01 1.2835E-01 1.4028E-01 1.5246E-01 1.6544E-01 1.7834E-01 2.0230E-01 2.1906E-01 2.2765E-01 2.6047E-01 2.9188E-01 3.2776E-01 3.6190E-01 3.8355E-01 3.8187E-01 4.1463E-01 4.2053E-01 4.5163E-01 4.5723E-01 4.6644E-01 4.3861E-01 4.2751E-01 4.0543E-01 3.8910E-01 3.6606E-01 3.5233E-01 3.2263E-01 2.9998E-01 2.4711E-01 2.1130E-01 1.7384E-01 1.5809E-01 1.3957E-01 1.3066E-01 1.1487E-01 1.0062E-01 1.0928E-01
2.4094E-02 2.6461E-02 2.7286E-02 2.8374E-02 3.0214E-02 3.2549E-02 3.3721E-02 3.7442E-02 4.0850E-02 4.6684E-02 5.0520E-02 5.8731E-02 6.1878E-02 6.5854E-02 6.9732E-02 7.6737E-02 8.6559E-02 9.0210E-02 1.0256E-01 1.0830E-01 1.2618E-01 1.3507E-01 1.3966E-01 1.5391E-01 1.6545E-01 1.8029E-01 1.9834E-01 2.1675E-01 2.3465E-01 2.5453E-01 2.9518E-01 3.3501E-01 3.7287E-01 3.9427E-01 4.1205E-01 4.2707E-01 4.4583E-01 4.7171E-01 4.8466E-01 4.9213E-01 4.7091E-01 4.5311E-01 4.2846E-01 4.1095E-01 3.8741E-01 3.7096E-01 3.4081E-01 2.9963E-01 2.5479E-01 2.1027E-01 1.7291E-01 1.5979E-01 1.4250E-01 1.3077E-01 1.1009E-01 1.1467E-01 1.1340E-01
2.3340E-02 2.4795E-02 2.6089E-02 2.9136E-02 2.9932E-02 3.2467E-02 3.4650E-02 3.6414E-02 3.9794E-02 4.2967E-02 4.7254E-02 5.4128E-02 6.0791E-02 6.5409E-02 6.8602E-02 7.6207E-02 8.4873E-02 9.1608E-02 9.9364E-02 1.1199E-01 1.1594E-01 1.3076E-01 1.4569E-01 1.5493E-01 1.6028E-01 1.8152E-01 1.9408E-01 2.2551E-01 2.4191E-01 2.6069E-01 3.0506E-01 3.4165E-01 3.6998E-01 4.0652E-01 4.3430E-01 4.5284E-01 4.7206E-01 5.0190E-01 5.2127E-01 5.2131E-01 5.0343E-01 4.8948E-01 4.5060E-01 4.3386E-01 4.0147E-01 3.8835E-01 3.5739E-01 3.0691E-01 2.5151E-01 2.0942E-01 1.7476E-01 1.6108E-01 1.4592E-01 1.2506E-01 1.1018E-01 1.2142E-01 1.1553E-01
2.3689E-02 2.4391E-02 2.4616E-02 2.6614E-02 2.8619E-02 3.2033E-02 3.3224E-02 3.5639E-02 3.8784E-02 4.0016E-02 4.4633E-02 5.2401E-02 5.8410E-02 6.2915E-02 7.0466E-02 7.7563E-02 8.2568E-02 9.3658E-02 1.0010E-01 1.0919E-01 1.1727E-01 1.2573E-01 1.4495E-01 1.6001E-01 1.6538E-01 1.7139E-01 1.9366E-01 2.1395E-01 2.3868E-01 2.6778E-01 2.8555E-01 3.3978E-01 3.9287E-01 4.2959E-01 4.5296E-01 4.7022E-01 5.0810E-01 5.1448E-01 5.5919E-01 5.5891E-01 5.4144E-01 5.1992E-01 4.8530E-01 4.5131E-01 4.2199E-01 4.0328E-01 3.6695E-01 3.0990E-01 2.4795E-01 2.1045E-01 1.7277E-01 1.6101E-01 1.4770E-01 1.1727E-01 1.2811E-01 1.2100E-01 1.2860E-01
2.2579E-02 2.4218E-02 2.5201E-02 2.5740E-02 2.6322E-02 2.8766E-02 3.2133E-02 3.5884E-02 3.6590E-02 3.9567E-02 4.2940E-02 4.7934E-02 5.4378E-02 6.2973E-02 6.8011E-02 7.7425E-02 8.0888E-02 9.0130E-02 1.0345E-01 1.0235E-01 1.1439E-01 1.2223E-01 1.3556E-01 1.5797E-01 1.6768E-01 1.7545E-01 1.9124E-01 2.0820E-01 2.3830E-01 2.6611E-01 3.0590E-01 3.4069E-01 3.7549E-01 4.3111E-01 4.6421E-01 5.0590E-01 5.3234E-01 5.3903E-01 5.8899E-01 5.9995E-01 5.6908E-01 5.4659E-01 5.0340E-01 4.6085E-01 4.4575E-01 4.1514E-01 3.8349E-01 3.1434E-01 2.4201E-01 2.0929E-01 1.8705E-01 1.6613E-01 1.4169E-01 1.3071E-01 1.3093E-01 1.3600E-01 1.2651E-01
2.2545E-02 2.3305E-02 2.4339E-02 2.5456E-02 2.8107E-02 2.7897E-02 2.8963E-02 3.2864E-02 3.7365E-02 4.0435E-02 3.9832E-02 4.4813E-02 4.9804E-02 5.7548E-02 6.3486E-02 7.4662E-02 8.1993E-02 8.8707E-02 9.7388E-02 1.0747E-01 1.0747E-01 1.1620E-01 1.2981E-01 1.4445E-01 1.6862E-01 1.8261E-01 1.8651E-01 2.0921E-01 2.3131E-01 2.5694E-01 2.9564E-01 3.3255E-01 3.8517E-01 4.5110E-01 4.8787E-01 5.2190E-01 5.5700E-01 5.5735E-01 6.0975E-01 6.1183E-01 5.8855E-01 5.7472E-01 5.2097E-01 4.8368E-01 4.7454E-01 4.2916E-01 3.8815E-01 3.0206E-01 2.4582E-01 2.0135E-01 1.9495E-01 1.7190E-01 1.3754E-01 1.4752E-01 1.4417E-01 1.4840E-01 1.2415E-01
