20220914_presentazione_dati_murano/data_input/run_no_deposition/rank(30)_cd_1hr_conc_cd.grd
DSAA
          81          81
     760.250     764.250
    5036.750    5040.750
  0.5516E-01  0.5673E+01
[rows 25 to 49 of 81, columns 0 to 56 of 81]
1.0129E-01 1.0787E-01 1.1384E-01 1.1874E-01 1.2363E-01 1.2792E-01 1.3581E-01 1.3565E-01 1.4626E-01 1.6340E-01 1.7240E-01 1.7144E-01 1.8547E-01 2.0682E-01 2.0920E-01 2.3763E-01 2.3672E-01 2.5981E-01 2.7923E-01 2.7797E-01 3.0338E-01 3.2617E-01 3.3460E-01 3.5591E-01 3.9913E-01 4.4805E-01 4.6256E-01 4.9195E-01 5.5762E-01 5.9473E-01 6.7779E-01 7.0252E-01 7.6868E-01 7.6449E-01 7.9197E-01 8.6394E-01 9.0842E-01 9.0947E-01 9.8332E-01 9.4576E-01 9.4341E-01 9.8163E-01 9.5207E-01 9.2399E-01 8.8905E-01 8.8817E-01 8.3403E-01 8.2418E-01 8.2791E-01 7.1673E-01 6.2897E-01 6.5177E-01 5.8123E-01 5.6835E-01 5.6806E-01 5.4133E-01 5.3288E-01
1.0124E-01 1.1091E-01 1.1714E-01 1.2554E-01 1.3070E-01 1.3704E-01 1.3821E-01 1.4544E-01 1.5183E-01 1.5435E-01 1.6395E-01 1.8085E-01 1.8847E-01 1.9848E-01 2.1798E-01 2.2863E-01 2.5920E-01 2.5521E-01 2.6972E-01 2.9774E-01 2.9905E-01 3.2690E-01 3.4672E-01 3.5298E-01 3.8411E-01 4.3755E-01 4.8458E-01 5.1034E-01 5.3838E-01 6.2067E-01 6.5352E-01 7.2565E-01 7.8939E-01 7.9596E-01 8.1908E-01 8.9266E-01 9.2610E-01 9.5725E-01 1.0134E+00 1.0109E+00 1.0066E+00 1.0355E+00 1.0186E+00 1.0149E+00 9.4641E-01 9.2977E-01 8.5623E-01 8.5344E-01 8.0590E-01 7.2003E-01 6.9564E-01 6.5936E-01 6.2931E-01 6.1232E-01 5.9492E-01 5.8065E-01 5.6923E-01
1.0857E-01 1.1269E-01 1.1485E-01 1.2482E-01 1.3453E-01 1.4062E-01 1.4309E-01 1.5039E-01 1.5412E-01 1.6312E-01 1.6902E-01 1.7745E-01 1.8427E-01 2.0778E-01 2.1765E-01 2.2489E-01 2.4364E-01 2.5422E-01 2.6715E-01 2.9007E-01 3.1347E-01 3.3082E-01 3.5446E-01 3.7733E-01 3.8667E-01 4.1900E-01 4.6925E-01 5.0879E-01 5.5905E-01 6.1484E-01 6.4135E-01 7.2893E-01 7.9452E-01 8.2572E-01 8.7634E-01 9.1083E-01 9.9887E-01 1.0239E+00 1.0720E+00 1.0903E+00 1.0546E+00 1.0894E+00 1.0702E+00 1.0684E+00 1.0198E+00 9.7959E-01 9.1634E-01 9.1915E-01 7.9724E-01 7.2986E-01 7.3194E-01 6.8770E-01 6.5398E-01 6.3630E-01 6.4637E-01 6.2121E-01 5.9536E-01
1.1818E-01 1.2167E-01 1.2503E-01 1.2567E-01 1.3021E-01 1.3759E-01 1.4583E-01 1.5346E-01 1.5835E-01 1.6912E-01 1.7249E-01 1.7936E-01 1.8945E-01 2.0427E-01 2.1911E-01 2.2589E-01 2.3673E-01 2.5150E-01 2.7130E-01 2.7965E-01 3.1728E-01 3.1945E-01 3.5594E-01 3.9061E-01 4.2076E-01 4.3085E-01 4.5013E-01 4.9889E-01 5.5603E-01 5.7981E-01 6.0937E-01 7.1537E-01 7.8815E-01 8.6719E-01 9.2483E-01 9.3475E-01 1.1042E+00 1.0864E+00 1.1412E+00 1.1691E+00 1.1531E+00 1.1549E+00 1.1498E+00 1.1082E+00 1.1461E+00 1.0602E+00 9.9067E-01 9.5645E-01 8.0629E-01 7.5534E-01 7.2245E-01 7.1691E-01 6.9677E-01 6.7522E-01 6.5947E-01 6.5042E-01 6.1887E-01
1.2200E-01 1.2256E-01 1.2589E-01 1.3622E-01 1.3568E-01 1.3486E-01 1.4286E-01 1.5005E-01 1.6009E-01 1.7374E-01 1.8095E-01 1.8733E-01 1.9397E-01 2.0234E-01 2.1836E-01 2.2028E-01 2.3774E-01 2.5793E-01 2.6028E-01 2.7430E-01 3.0369E-01 3.3400E-01 3.3924E-01 3.8667E-01 4.2834E-01 4.5302E-01 4.7865E-01 4.9612E-01 5.0048E-01 5.8684E-01 5.9997E-01 6.5260E-01 7.7492E-01 8.8872E-01 9.8362E-01 1.0098E+00 1.1249E+00 1.1729E+00 1.1979E+00 1.2916E+00 1.2576E+00 1.2379E+00 1.2598E+00 1.2295E+00 1.2405E+00 1.1676E+00 1.1026E+00 9.7201E-01 8.2770E-01 8.0887E-01 7.6288E-01 7.5865E-01 6.9990E-01 6.8657E-01 7.0265E-01 6.7780E-01 6.6354E-01
1.3086E-01 1.2606E-01 1.3355E-01 1.3524E-01 1.3709E-01 1.3906E-01 1.5042E-01 1.5514E-01 1.5932E-01 1.6484E-01 1.7795E-01 1.9295E-01 2.0628E-01 2.0523E-01 2.1702E-01 2.2326E-01 2.3246E-01 2.4593E-01 2.6604E-01 2.7432E-01 2.8857E-01 3.2149E-01 3.5258E-01 3.7248E-01 4.0333E-01 4.6767E-01 4.8088E-01 5.1466E-01 5.2653E-01 5.4671E-01 6.0289E-01 6.0339E-01 7.7299E-01 8.9578E-01 1.0089E+00 1.1363E+00 1.1633E+00 1.2830E+00 1.3130E+00 1.3791E+00 1.3794E+00 1.3840E+00 1.4299E+00 1.4034E+00 1.3023E+00 1.2448E+00 1.1658E+00 9.8277E-01 8.7337E-01 8.2022E-01 7.9968E-01 7.4130E-01 7.3054E-01 7.5762E-01 7.4114E-01 7.1428E-01 6.7689E-01
1.1487E-01 1.2143E-01 1.3727E-01 1.4134E-01 1.3598E-01 1.4012E-01 1.4489E-01 1.5046E-01 1.5810E-01 1.6583E-01 1.7942E-01 1.8842E-01 1.9368E-01 2.0812E-01 2.2892E-01 2.3225E-01 2.3247E-01 2.4050E-01 2.4987E-01 2.7439E-01 2.9266E-01 3.0580E-01 3.4114E-01 3.7084E-01 3.9062E-01 4.2377E-01 4.9389E-01 4.8980E-01 5.2243E-01 5.4019E-01 5.8085E-01 6.0369E-01 7.0569E-01 8.9366E-01 1.0285E+00 1.1860E+00 1.2683E+00 1.3479E+00 1.4358E+00 1.5078E+00 1.5433E+00 1.5037E+00 1.5568E+00 1.5064E+00 1.4490E+00 1.3538E+00 1.1854E+00 9.9018E-01 8.9586E-01 8.6145E-01 7.9894E-01 8.2706E-01 8.1202E-01 7.9146E-01 7.6090E-01 7.3758E-01 7.1924E-01
1.2609E-01 1.2983E-01 1.3511E-01 1.3574E-01 1.4082E-01 1.5253E-01 1.5121E-01 1.5394E-01 1.6174E-01 1.6555E-01 1.7428E-01 1.8858E-01 1.9864E-01 2.0725E-01 2.0850E-01 2.2119E-01 2.5238E-01 2.6305E-01 2.5880E-01 2.6908E-01 2.8016E-01 3.1093E-01 3.2252E-01 3.5303E-01 3.8507E-01 4.1085E-01 4.2302E-01 4.8138E-01 4.8932E-01 5.1991E-01 5.4042E-01 6.0068E-01 7.1769E-01 8.6548E-01 1.0644E+00 1.1788E+00 1.3611E+00 1.4011E+00 1.5560E+00 1.5690E+00 1.6882E+00 1.6270E+00 1.7142E+00 1.6031E+00 1.4958E+00 1.3929E+00 1.1571E+00 9.6892E-01 9.1615E-01 8.8094E-01 9.0768E-01 8.8547E-01 8.8221E-01 8.2479E-01 7.9969E-01 7.7893E-01 7.3896E-01
1.3144E-01 1.3535E-01 1.3506E-01 1.3576E-01 1.3660E-01 1.4917E-01 1.5297E-01 1.6135E-01 1.6666E-01 1.7215E-01 1.8010E-01 1.9266E-01 1.9500E-01 2.0232E-01 2.1135E-01 2.2054E-01 2.1814E-01 2.4266E-01 2.7875E-01 2.9942E-01 3.0437E-01 3.0773E-01 3.1546E-01 3.3529E-01 3.6626E-01 3.8379E-01 4.0958E-01 4.0972E-01 4.5139E-01 4.9391E-01 5.5734E-01 6.0160E-01 6.7902E-01 7.8218E-01 9.6748E-01 1.1954E+00 1.3863E+00 1.4254E+00 1.6479E+00 1.5904E+00 1.7495E+00 1.7029E+00 1.7487E+00 1.6906E+00 1.5448E+00 1.3120E+00 1.1076E+00 1.0121E+00 9.6979E-01 9.8714E-01 1.0284E+00 9.8932E-01 9.4303E-01 8.9323E-01 8.4196E-01 7.9962E-01 7.5200E-01
1.2759E-01 1.3063E-01 1.3818E-01 1.4129E-01 1.4270E-01 1.5008E-01 1.5504E-01 1.5933E-01 1.6974E-01 1.7695E-01 1.8124E-01 1.8182E-01 1.9417E-01 2.0901E-01 2.1276E-01 2.1462E-01 2.1210E-01 2.2635E-01 2.4614E-01 2.7438E-01 3.0322E-01 3.2452E-01 3.4326E-01 3.4322E-01 3.3486E-01 3.5986E-01 3.9331E-01 4.2253E-01 4.1160E-01 4.5372E-01 5.3826E-01 5.9294E-01 6.4275E-01 7.5075E-01 8.8700E-01 1.1577E+00 1.4035E+00 1.4661E+00 1.6294E+00 1.6568E+00 1.7035E+00 1.7577E+00 1.7340E+00 1.6451E+00 1.4898E+00 1.1680E+00 1.0451E+00 1.0559E+00 1.1102E+00 1.1055E+00 1.1035E+00 1.0517E+00 1.0280E+00 9.5831E-01 8.6317E-01 8.1032E-01 7.5579E-01
1.1410E-01 1.1779E-01 1.2588E-01 1.3019E-01 1.3557E-01 1.4182E-01 1.4870E-01 1.5648E-01 1.6197E-01 1.7373E-01 1.8357E-01 1.9117E-01 1.9685E-01 1.9757E-01 2.0454E-01 2.1561E-01 2.3181E-01 2.3402E-01 2.3871E-01 2.4838E-01 2.6857E-01 2.9384E-01 3.3532E-01 3.2430E-01 3.3943E-01 3.3427E-01 3.5421E-01 3.8137E-01 4.1589E-01 4.4324E-01 4.9420E-01 5.9472E-01 6.7209E-01 7.2090E-01 8.3613E-01 1.0529E+00 1.2697E+00 1.5251E+00 1.5710E+00 1.6466E+00 1.7067E+00 1.6690E+00 1.6633E+00 1.5727E+00 1.3138E+00 1.0677E+00 1.0325E+00 1.1732E+00 1.2130E+00 1.1876E+00 1.1250E+00 1.1495E+00 1.0412E+00 9.3751E-01 8.4796E-01 8.0116E-01 7.2149E-01
1.0272E-01 1.0840E-01 1.1489E-01 1.1550E-01 1.2118E-01 1.2393E-01 1.2769E-01 1.3369E-01 1.4213E-01 1.5402E-01 1.6649E-01 1.7924E-01 1.8916E-01 1.9372E-01 2.0041E-01 2.1118E-01 2.2237E-01 2.3048E-01 2.4228E-01 2.6207E-01 2.6994E-01 2.8412E-01 2.9068E-01 3.1138E-01 3.4002E-01 3.3643E-01 3.2532E-01 3.5185E-01 3.8584E-01 4.2000E-01 4.7078E-01 5.4293E-01 6.4181E-01 7.7863E-01 8.4878E-01 9.7672E-01 1.2194E+00 1.4548E+00 1.5442E+00 1.6818E+00 1.6851E+00 1.6461E+00 1.5999E+00 1.3694E+00 1.1432E+00 1.0287E+00 1.0824E+00 1.2379E+00 1.2060E+00 1.1674E+00 1.1940E+00 1.1329E+00 1.0333E+00 8.9647E-01 8.8971E-01 7.9789E-01 7.4503E-01
9.4355E-02 1.0050E-01 1.0585E-01 1.1021E-01 1.1967E-01 1.2566E-01 1.3178E-01 1.3672E-01 1.4086E-01 1.4519E-01 1.5406E-01 1.5896E-01 1.6262E-01 1.7549E-01 1.8332E-01 1.9169E-01 1.9661E-01 2.2227E-01 2.3875E-01 2.4972E-01 2.6192E-01 2.7500E-01 2.9609E-01 3.1272E-01 3.1387E-01 3.1643E-01 3.2577E-01 3.2205E-01 3.4957E-01 4.0780E-01 4.5053E-01 5.4659E-01 6.2724E-01 7.5636E-01 9.2903E-01 9.7536E-01 1.1683E+00 1.4208E+00 1.6564E+00 1.7550E+00 1.6991E+00 1.6331E+00 1.5357E+00 1.2413E+00 9.4301E-01 1.0460E+00 1.1487E+00 1.1246E+00 1.1280E+00 1.2329E+00 1.2404E+00 1.0486E+00 9.5052E-01 8.9503E-01 7.5910E-01 7.9206E-01 6.9931E-01
9.8033E-02 1.0053E-01 1.0201E-01 9.7597E-02 1.0396E-01 1.0960E-01 1.1974E-01 1.2865E-01 1.3614E-01 1.4698E-01 1.5464E-01 1.6360E-01 1.7014E-01 1.7519E-01 1.8342E-01 1.9075E-01 2.0212E-01 2.1264E-01 2.1667E-01 2.3676E-01 2.5306E-01 2.6628E-01 2.7792E-01 2.8226E-01 2.8261E-01 2.8842E-01 3.1143E-01 3.3877E-01 3.5454E-01 3.8533E-01 4.3856E-01 5.2732E-01 5.9794E-01 7.4915E-01 9.0398E-01 1.0871E+00 1.2777E+00 1.4509E+00 1.7427E+00 1.9000E+00 1.8170E+00 1.7247E+00 1.4324E+00 1.1602E+00 1.0683E+00 1.1265E+00 1.0783E+00 1.1390E+00 1.1846E+00 1.1273E+00 1.0151E+00 9.7092E-01 8.4752E-01 8.1929E-01 8.2954E-01 7.9444E-01 7.3646E-01
8.6049E-02 8.8428E-02 9.1965E-02 9.5200E-02 1.0022E-01 1.0744E-01 1.1108E-01 1.1642E-01 1.2394E-01 1.3172E-01 1.3920E-01 1.4673E-01 1.5403E-01 1.6261E-01 1.7179E-01 1.8165E-01 1.9615E-01 2.1243E-01 2.2937E-01 2.2832E-01 2.3490E-01 2.4885E-01 2.4827E-01 2.5844E-01 2.7135E-01 2.7118E-01 2.8968E-01 3.1695E-01 3.5157E-01 3.8703E-01 4.4314E-01 4.9436E-01 6.1015E-01 7.6113E-01 8.9092E-01 1.1359E+00 1.3636E+00 1.6204E+00 1.8781E+00 2.1247E+00 2.0927E+00 2.0095E+00 1.3730E+00 1.0105E+00 1.0456E+00 1.1097E+00 1.0088E+00 1.0609E+00 9.7001E-01 9.0324E-01 9.0544E-01 9.2847E-01 9.2990E-01 9.0130E-01 8.2671E-01 8.0397E-01 7.5238E-01
8.3135E-02 8.8713E-02 9.1272E-02 9.6927E-02 1.0249E-01 1.0012E-01 1.0599E-01 1.0732E-01 1.0991E-01 1.1912E-01 1.2255E-01 1.3321E-01 1.4479E-01 1.5597E-01 1.6905E-01 1.8541E-01 1.9972E-01 2.0179E-01 2.2308E-01 2.3260E-01 2.4164E-01 2.4997E-01 2.5127E-01 2.5610E-01 2.5717E-01 2.7230E-01 2.9478E-01 3.0812E-01 3.2450E-01 3.7776E-01 4.1377E-01 5.1549E-01 6.3997E-01 7.5041E-01 9.4075E-01 1.1525E+00 1.4193E+00 1.7835E+00 2.1767E+00 2.5033E+00 2.4986E+00 2.1420E+00 1.5083E+00 1.0427E+00 1.0291E+00 8.4775E-01 7.5584E-01 8.4819E-01 8.2445E-01 8.0887E-01 9.0263E-01 9.3840E-01 9.5176E-01 9.0702E-01 8.4089E-01 7.5993E-01 6.7943E-01
9.2741E-02 9.7365E-02 1.0038E-01 1.0246E-01 1.0545E-01 1.0934E-01 1.1397E-01 1.1905E-01 1.2418E-01 1.2903E-01 1.3303E-01 1.3501E-01 1.4944E-01 1.5237E-01 1.5688E-01 1.8369E-01 1.9697E-01 2.0984E-01 2.2062E-01 2.2973E-01 2.3797E-01 2.3939E-01 2.4892E-01 2.5874E-01 2.5458E-01 2.7406E-01 2.9039E-01 3.1287E-01 3.3250E-01 3.5162E-01 3.9726E-01 4.7635E-01 5.5583E-01 7.2745E-01 9.5074E-01 1.2544E+00 1.5381E+00 1.9165E+00 2.5059E+00 2.9765E+00 3.0601E+00 2.0164E+00 1.0234E+00 9.5602E-01 6.8054E-01 5.6697E-01 6.6385E-01 6.8355E-01 7.1878E-01 7.8418E-01 8.2397E-01 8.6773E-01 8.1951E-01 7.7682E-01 7.1199E-01 7.1221E-01 6.2101E-01
9.9729E-02 9.9462E-02 1.0045E-01 1.0576E-01 1.1180E-01 1.1836E-01 1.2565E-01 1.2918E-01 1.3516E-01 1.4104E-01 1.4627E-01 1.4904E-01 1.5467E-01 1.6367E-01 1.7059E-01 1.8079E-01 1.8977E-01 1.9850E-01 2.1563E-01 2.2773E-01 2.3475E-01 2.4052E-01 2.3449E-01 2.3589E-01 2.4721E-01 2.6186E-01 2.8683E-01 3.2660E-01 3.2512E-01 3.4398E-01 3.8087E-01 4.4793E-01 5.3932E-01 6.8173E-01 8.7976E-01 1.1080E+00 1.4084E+00 1.8784E+00 2.6283E+00 4.5331E+00 5.6727E+00 1.7636E+00 9.9238E-01 5.2112E-01 4.4376E-01 5.2835E-01 5.4383E-01 6.7555E-01 7.6448E-01 8.5076E-01 8.1893E-01 7.3385E-01 7.3679E-01 7.0090E-01 6.7187E-01 6.1699E-01 5.7004E-01
1.0331E-01 1.0608E-01 1.1108E-01 1.1548E-01 1.2049E-01 1.2532E-01 1.2958E-01 1.3382E-01 1.4302E-01 1.4821E-01 1.5502E-01 1.5860E-01 1.5861E-01 1.6329E-01 1.6923E-01 1.7617E-01 1.8295E-01 1.9535E-01 2.0616E-01 2.1944E-01 2.2752E-01 2.3767E-01 2.3621E-01 2.5731E-01 2.3716E-01 2.4799E-01 2.5749E-01 2.7991E-01 2.9572E-01 3.2979E-01 3.7559E-01 4.4780E-01 5.3960E-01 6.7401E-01 8.6315E-01 1.0856E+00 1.4175E+00 1.7659E+00 2.0621E+00 3.4016E+00 1.0326E+00 4.5414E-01 5.0078E-01 3.7419E-01 4.5214E-01 5.4507E-01 5.9511E-01 6.0802E-01 5.5872E-01 5.4827E-01 5.4991E-01 6.1819E-01 5.9708E-01 5.6490E-01 5.4071E-01 5.7125E-01 5.6117E-01
1.0377E-01 1.0666E-01 1.0861E-01 1.1137E-01 1.1467E-01 1.1725E-01 1.2286E-01 1.2749E-01 1.3081E-01 1.3639E-01 1.4239E-01 1.5809E-01 1.6131E-01 1.6375E-01 1.6860E-01 1.7628E-01 1.8382E-01 1.9251E-01 2.0254E-01 2.1095E-01 2.1796E-01 2.2113E-01 2.2004E-01 2.3168E-01 2.3738E-01 2.4912E-01 2.5973E-01 2.7835E-01 2.9402E-01 3.3873E-01 3.8117E-01 4.4199E-01 5.2965E-01 6.5289E-01 8.2249E-01 1.0458E+00 1.3782E+00 1.6275E+00 2.0265E+00 3.2718E+00 5.3916E+00 2.0595E+00 7.0166E-01 4.8812E-01 3.1045E-01 3.7824E-01 3.7517E-01 4.3157E-01 4.2324E-01 4.5553E-01 4.1898E-01 4.6708E-01 4.7413E-01 4.6854E-01 4.5094E-01 3.9593E-01 3.9040E-01
9.1926E-02 9.4579E-02 9.6973E-02 1.0265E-01 1.0800E-01 1.1294E-01 1.1812E-01 1.2147E-01 1.2832E-01 1.3327E-01 1.3769E-01 1.4401E-01 1.4766E-01 1.5598E-01 1.6019E-01 1.6499E-01 1.7217E-01 1.7996E-01 1.9042E-01 1.9834E-01 2.0817E-01 2.1437E-01 2.2150E-01 2.2345E-01 2.2767E-01 2.4210E-01 2.6081E-01 2.8090E-01 2.8977E-01 3.1975E-01 3.6098E-01 4.0913E-01 4.9202E-01 6.0136E-01 7.3560E-01 8.8980E-01 1.1294E+00 1.3601E+00 1.8626E+00 2.5539E+00 2.6196E+00 1.6920E+00 1.1454E+00 7.7400E-01 4.1638E-01 4.0810E-01 3.5854E-01 3.5467E-01 3.9128E-01 4.0711E-01 4.0362E-01 3.8893E-01 4.2565E-01 4.1388E-01 3.8507E-01 3.7321E-01 3.6900E-01
9.4094E-02 9.6948E-02 1.0011E-01 1.0363E-01 1.0631E-01 1.0590E-01 1.1211E-01 1.1666E-01 1.2081E-01 1.2839E-01 1.3630E-01 1.4306E-01 1.4383E-01 1.4583E-01 1.5332E-01 1.6553E-01 1.7154E-01 1.8401E-01 1.9359E-01 2.0087E-01 2.1599E-01 2.2202E-01 2.2644E-01 2.2819E-01 2.3727E-01 2.4187E-01 2.4612E-01 2.5618E-01 2.7344E-01 3.0849E-01 3.4349E-01 3.8358E-01 4.2637E-01 5.4187E-01 6.2550E-01 7.3956E-01 8.8373E-01 1.2005E+00 1.6538E+00 1.9871E+00 1.9879E+00 1.5972E+00 1.1132E+00 8.3111E-01 6.4046E-01 4.2540E-01 4.3913E-01 3.9069E-01 3.7709E-01 4.2703E-01 3.7043E-01 4.6390E-01 4.2170E-01 4.4175E-01 3.9040E-01 4.0495E-01 3.4355E-01
9.5964E-02 1.0027E-01 9.8726E-02 1.0308E-01 1.0668E-01 1.0971E-01 1.1366E-01 1.1989E-01 1.2427E-01 1.3182E-01 1.3687E-01 1.4451E-01 1.4589E-01 1.5105E-01 1.5631E-01 1.6358E-01 1.7157E-01 1.7963E-01 1.8549E-01 1.8981E-01 2.0814E-01 2.1651E-01 2.2096E-01 2.2278E-01 2.2631E-01 2.2986E-01 2.4437E-01 2.6044E-01 2.7276E-01 2.9754E-01 3.2803E-01 3.8067E-01 4.0769E-01 4.6505E-01 5.2864E-01 6.2798E-01 8.6062E-01 1.0787E+00 1.3681E+00 1.5148E+00 1.5374E+00 1.4066E+00 1.0354E+00 6.6537E-01 6.0444E-01 5.0654E-01 4.4049E-01 4.2628E-01 4.3589E-01 4.1503E-01 4.3928E-01 4.7029E-01 3.8502E-01 4.1962E-01 3.6167E-01 3.5997E-01 4.0013E-01
9.3340E-02 9.4770E-02 9.6834E-02 9.7333E-02 1.0209E-01 1.0931E-01 1.1789E-01 1.2457E-01 1.3005E-01 1.3105E-01 1.3435E-01 1.3808E-01 1.3971E-01 1.4689E-01 1.4937E-01 1.5362E-01 1.5762E-01 1.6522E-01 1.8099E-01 1.9518E-01 2.0089E-01 2.0710E-01 2.1453E-01 2.1210E-01 2.1678E-01 2.2292E-01 2.3372E-01 2.4972E-01 2.6531E-01 2.9097E-01 3.0619E-01 3.3815E-01 3.6641E-01 4.3339E-01 5.1106E-01 6.3920E-01 7.7246E-01 9.3629E-01 1.1378E+00 1.1613E+00 1.1803E+00 1.1446E+00 8.5137E-01 6.2367E-01 6.2497E-01 5.1874E-01 4.3630E-01 4.8652E-01 4.5592E-01 4.6488E-01 3.9084E-01 3.6425E-01 3.6086E-01 3.8474E-01 3.5528E-01 3.2574E-01 3.1020E-01
9.5490E-02 9.5990E-02 9.8105E-02 1.0063E-01 1.0199E-01 1.0573E-01 1.0812E-01 1.1076E-01 1.1396E-01 1.1611E-01 1.1730E-01 1.2485E-01 1.2581E-01 1.3805E-01 1.4432E-01 1.5435E-01 1.6559E-01 1.7660E-01 1.8150E-01 1.9481E-01 2.1128E-01 2.1368E-01 2.1911E-01 2.1462E-01 2.1385E-01 2.2248E-01 2.2415E-01 2.3424E-01 2.3948E-01 2.5874E-01 2.7721E-01 3.2968E-01 3.7879E-01 4.2445E-01 5.0161E-01 5.7465E-01 6.7612E-01 8.1978E-01 9.1239E-01 9.1153E-01 9.4464E-01 8.6189E-01 7.2457E-01 6.1143E-01 5.0156E-01 4.7531E-01 4.9919E-01 4.4582E-01 5.2472E-01 4.8651E-01 4.8775E-01 3.8269E-01 3.1830E-01 2.7200E-01 2.7402E-01 2.9039E-01 2.8477E-01
