20231023_webinar_progetto_murano/data_input/grd_f3_sc_2/Average_Period.grd
DSAA
          81           81
 760250.0000  764250.0000
5036750.0000 5040750.0000
  0.2433E-04   0.1063E+00
[rows 0 to 24 of 81, columns 0 to 56 of 81]
5.2280E-05 6.7037E-05 7.8682E-05 8.7579E-05 9.4370E-05 9.9763E-05 1.0523E-04 1.0992E-04 1.1438E-04 1.1928E-04 1.2496E-04 1.3222E-04 1.4105E-04 1.4907E-04 1.5837E-04 1.6905E-04 1.7930E-04 1.8692E-04 1.9195E-04 1.9426E-04 1.9377E-04 1.9296E-04 1.9371E-04 1.9534E-04 1.9771E-04 2.0242E-04 2.1175E-04 2.2606E-04 2.3651E-04 2.4004E-04 2.4025E-04 2.4416E-04 2.5725E-04 2.7446E-04 2.8590E-04 2.9402E-04 3.0300E-04 3.1319E-04 3.1935E-04 3.2355E-04 3.2985E-04 3.4015E-04 3.5278E-04 3.6850E-04 3.7575E-04 3.6650E-04 3.5064E-04 3.3729E-04 3.2333E-04 3.1027E-04 2.9991E-04 2.9165E-04 2.8420E-04 2.7692E-04 2.6852E-04 2.5734E-04 2.4454E-04
6.5789E-05 8.4787E-05 9.9914E-05 1.1125E-04 1.1972E-04 1.2668E-04 1.3350E-04 1.3888E-04 1.4356E-04 1.4909E-04 1.5593E-04 1.6467E-04 1.7584E-04 1.8618E-04 1.9842E-04 2.1256E-04 2.2612E-04 2.3679E-04 2.4452E-04 2.4854E-04 2.4779E-04 2.4517E-04 2.4526E-04 2.4774E-04 2.5004E-04 2.5506E-04 2.6579E-04 2.8311E-04 2.9717E-04 3.0442E-04 3.0615E-04 3.1030E-04 3.2573E-04 3.4743E-04 3.6417E-04 3.7582E-04 3.8634E-04 3.9865E-04 4.0605E-04 4.1384E-04 4.2253E-04 4.3641E-04 4.5329E-04 4.7147E-04 4.7884E-04 4.6613E-04 4.4396E-04 4.2295E-04 4.0293E-04 3.8556E-04 3.7266E-04 3.6181E-04 3.5189E-04 3.4233E-04 3.3064E-04 3.1566E-04 2.9938E-04
7.5998E-05 9.7367E-05 1.1450E-04 1.2762E-04 1.3773E-04 1.4619E-04 1.5383E-04 1.5972E-04 1.6495E-04 1.7063E-04 1.7800E-04 1.8774E-04 2.0094E-04 2.1379E-04 2.2712E-04 2.4184E-04 2.5735E-04 2.7228E-04 2.8369E-04 2.9049E-04 2.9092E-04 2.8760E-04 2.8715E-04 2.8961E-04 2.9318E-04 2.9919E-04 3.1002E-04 3.2797E-04 3.4576E-04 3.5789E-04 3.6236E-04 3.6656E-04 3.8149E-04 4.0604E-04 4.2821E-04 4.4357E-04 4.5414E-04 4.6511E-04 4.7490E-04 4.8632E-04 4.9804E-04 5.1264E-04 5.3147E-04 5.5175E-04 5.5888E-04 5.4433E-04 5.2061E-04 4.9591E-04 4.7112E-04 4.4978E-04 4.3362E-04 4.1962E-04 4.0827E-04 3.9728E-04 3.8308E-04 3.6518E-04 3.4659E-04
8.3827E-05 1.0633E-04 1.2364E-04 1.3722E-04 1.4830E-04 1.5762E-04 1.6559E-04 1.7210E-04 1.7879E-04 1.8523E-04 1.9261E-04 2.0278E-04 2.1667E-04 2.3077E-04 2.4439E-04 2.5948E-04 2.7659E-04 2.9403E-04 3.0917E-04 3.1963E-04 3.2249E-04 3.1997E-04 3.1951E-04 3.2216E-04 3.2725E-04 3.3454E-04 3.4514E-04 3.6388E-04 3.8601E-04 4.0182E-04 4.0883E-04 4.1381E-04 4.2717E-04 4.5279E-04 4.7867E-04 4.9655E-04 5.0887E-04 5.2056E-04 5.3283E-04 5.4532E-04 5.5776E-04 5.7417E-04 5.9762E-04 6.2085E-04 6.2598E-04 6.0835E-04 5.8340E-04 5.5742E-04 5.3098E-04 5.0681E-04 4.8658E-04 4.6939E-04 4.5602E-04 4.4244E-04 4.2568E-04 4.0579E-04 3.8573E-04
9.0750E-05 1.1416E-04 1.3117E-04 1.4409E-04 1.5462E-04 1.6364E-04 1.7183E-04 1.7882E-04 1.8670E-04 1.9451E-04 2.0252E-04 2.1220E-04 2.2498E-04 2.3960E-04 2.5399E-04 2.6864E-04 2.8582E-04 3.0485E-04 3.2374E-04 3.3858E-04 3.4611E-04 3.4614E-04 3.4646E-04 3.4994E-04 3.5597E-04 3.6590E-04 3.7708E-04 3.9564E-04 4.1805E-04 4.3715E-04 4.4862E-04 4.5590E-04 4.6935E-04 4.9717E-04 5.2446E-04 5.4188E-04 5.5519E-04 5.6974E-04 5.8452E-04 5.9692E-04 6.0893E-04 6.2979E-04 6.5940E-04 6.8530E-04 6.8850E-04 6.6751E-04 6.3883E-04 6.1070E-04 5.8339E-04 5.5753E-04 5.3486E-04 5.1567E-04 4.9958E-04 4.8147E-04 4.6101E-04 4.3952E-04 4.1794E-04
9.7922E-05 1.2229E-04 1.3899E-04 1.5072E-04 1.5980E-04 1.6799E-04 1.7608E-04 1.8406E-04 1.9264E-04 2.0144E-04 2.1001E-04 2.1864E-04 2.2980E-04 2.4440E-04 2.5948E-04 2.7401E-04 2.9090E-04 3.1057E-04 3.3148E-04 3.5033E-04 3.6385E-04 3.6898E-04 3.7099E-04 3.7493E-04 3.8261E-04 3.9650E-04 4.1023E-04 4.2716E-04 4.4665E-04 4.6798E-04 4.8539E-04 4.9785E-04 5.1347E-04 5.4287E-04 5.7247E-04 5.9092E-04 6.0235E-04 6.1489E-04 6.3083E-04 6.4504E-04 6.5799E-04 6.8094E-04 7.1385E-04 7.4356E-04 7.4636E-04 7.2127E-04 6.8949E-04 6.6038E-04 6.3238E-04 6.0468E-04 5.7993E-04 5.6002E-04 5.4105E-04 5.1800E-04 4.9378E-04 4.7019E-04 4.4621E-04
1.0487E-04 1.3093E-04 1.4748E-04 1.5807E-04 1.6588E-04 1.7254E-04 1.7973E-04 1.8870E-04 1.9835E-04 2.0753E-04 2.1602E-04 2.2429E-04 2.3426E-04 2.4737E-04 2.6294E-04 2.7872E-04 2.9571E-04 3.1423E-04 3.3494E-04 3.5622E-04 3.7411E-04 3.8612E-04 3.9208E-04 3.9745E-04 4.0737E-04 4.2498E-04 4.4157E-04 4.5794E-04 4.7508E-04 4.9713E-04 5.2028E-04 5.3910E-04 5.5563E-04 5.8421E-04 6.1707E-04 6.3934E-04 6.5085E-04 6.6129E-04 6.7890E-04 6.9338E-04 7.0662E-04 7.2939E-04 7.6399E-04 7.9648E-04 7.9854E-04 7.6850E-04 7.3386E-04 7.0605E-04 6.7822E-04 6.4842E-04 6.2128E-04 5.9976E-04 5.7843E-04 5.5206E-04 5.2434E-04 4.9842E-04 4.7310E-04
1.0934E-04 1.3759E-04 1.5525E-04 1.6604E-04 1.7258E-04 1.7736E-04 1.8321E-04 1.9203E-04 2.0272E-04 2.1260E-04 2.2192E-04 2.3128E-04 2.4097E-04 2.5180E-04 2.6601E-04 2.8295E-04 2.9990E-04 3.1664E-04 3.3677E-04 3.5964E-04 3.8140E-04 4.0043E-04 4.1339E-04 4.2104E-04 4.3177E-04 4.5198E-04 4.7013E-04 4.8525E-04 5.0209E-04 5.2615E-04 5.5233E-04 5.7379E-04 5.9074E-04 6.1616E-04 6.5250E-04 6.7945E-04 6.9349E-04 7.0863E-04 7.2870E-04 7.4309E-04 7.5285E-04 7.7699E-04 8.1303E-04 8.4689E-04 8.4749E-04 8.1513E-04 7.7881E-04 7.5098E-04 7.2148E-04 6.8897E-04 6.6046E-04 6.3660E-04 6.1225E-04 5.8291E-04 5.5203E-04 5.2356E-04 4.9673E-04
1.1145E-04 1.4179E-04 1.6112E-04 1.7300E-04 1.7907E-04 1.8241E-04 1.8673E-04 1.9388E-04 2.0399E-04 2.1442E-04 2.2448E-04 2.3494E-04 2.4592E-04 2.5632E-04 2.6832E-04 2.8339E-04 2.9975E-04 3.1623E-04 3.3704E-04 3.6109E-04 3.8457E-04 4.0859E-04 4.3027E-04 4.4329E-04 4.5445E-04 4.7580E-04 4.9677E-04 5.1162E-04 5.2812E-04 5.5087E-04 5.7518E-04 5.9597E-04 6.1407E-04 6.4190E-04 6.8470E-04 7.1679E-04 7.3145E-04 7.4887E-04 7.7185E-04 7.8532E-04 7.9611E-04 8.2414E-04 8.6469E-04 8.9973E-04 8.9597E-04 8.6192E-04 8.2580E-04 7.9565E-04 7.6321E-04 7.2756E-04 6.9630E-04 6.7164E-04 6.4458E-04 6.1065E-04 5.7670E-04 5.4570E-04 5.1730E-04
1.1109E-04 1.4276E-04 1.6431E-04 1.7815E-04 1.8504E-04 1.8776E-04 1.9043E-04 1.9518E-04 2.0361E-04 2.1372E-04 2.2377E-04 2.3482E-04 2.4811E-04 2.6048E-04 2.7147E-04 2.8438E-04 3.0016E-04 3.1668E-04 3.3634E-04 3.6083E-04 3.8625E-04 4.1412E-04 4.4150E-04 4.6071E-04 4.7372E-04 4.9546E-04 5.2118E-04 5.3995E-04 5.5604E-04 5.7670E-04 5.9785E-04 6.1805E-04 6.3770E-04 6.6705E-04 7.1230E-04 7.5019E-04 7.6583E-04 7.8300E-04 8.1036E-04 8.2322E-04 8.3762E-04 8.7266E-04 9.2111E-04 9.5666E-04 9.4574E-04 9.0704E-04 8.7057E-04 8.4028E-04 8.0523E-04 7.6555E-04 7.3050E-04 7.0360E-04 6.7266E-04 6.3564E-04 5.9915E-04 5.6540E-04 5.3474E-04
1.0787E-04 1.3938E-04 1.6392E-04 1.8082E-04 1.9008E-04 1.9427E-04 1.9549E-04 1.9739E-04 2.0317E-04 2.1169E-04 2.2290E-04 2.3563E-04 2.5030E-04 2.6495E-04 2.7695E-04 2.8827E-04 3.0198E-04 3.1758E-04 3.3583E-04 3.6011E-04 3.8694E-04 4.1805E-04 4.5061E-04 4.7702E-04 4.9429E-04 5.1582E-04 5.4556E-04 5.7139E-04 5.8598E-04 6.0290E-04 6.2174E-04 6.4540E-04 6.6857E-04 6.9360E-04 7.3907E-04 7.8197E-04 7.9972E-04 8.1937E-04 8.4545E-04 8.6575E-04 8.8467E-04 9.2579E-04 9.7972E-04 1.0142E-03 9.9675E-04 9.5267E-04 9.1605E-04 8.8559E-04 8.4564E-04 8.0261E-04 7.6469E-04 7.3297E-04 6.9703E-04 6.5757E-04 6.1876E-04 5.8205E-04 5.4900E-04
1.0478E-04 1.3558E-04 1.6129E-04 1.8074E-04 1.9338E-04 2.0041E-04 2.0241E-04 2.0239E-04 2.0514E-04 2.1169E-04 2.2248E-04 2.3680E-04 2.5296E-04 2.6818E-04 2.8220E-04 2.9347E-04 3.0534E-04 3.2065E-04 3.3944E-04 3.6056E-04 3.8607E-04 4.1991E-04 4.5811E-04 4.9049E-04 5.1414E-04 5.3813E-04 5.7005E-04 6.0433E-04 6.2011E-04 6.3188E-04 6.5013E-04 6.7922E-04 7.0208E-04 7.2563E-04 7.6867E-04 8.1623E-04 8.4032E-04 8.6040E-04 8.8253E-04 9.0926E-04 9.3389E-04 9.7775E-04 1.0406E-03 1.0759E-03 1.0503E-03 1.0014E-03 9.6415E-04 9.3049E-04 8.8499E-04 8.3888E-04 8.0014E-04 7.6277E-04 7.2098E-04 6.7836E-04 6.3686E-04 5.9785E-04 5.6401E-04
1.0447E-04 1.3469E-04 1.5937E-04 1.7949E-04 1.9532E-04 2.0586E-04 2.1037E-04 2.1087E-04 2.1217E-04 2.1619E-04 2.2390E-04 2.3658E-04 2.5249E-04 2.6823E-04 2.8449E-04 2.9815E-04 3.1022E-04 3.2627E-04 3.4668E-04 3.6704E-04 3.8978E-04 4.2335E-04 4.6359E-04 4.9931E-04 5.3218E-04 5.6578E-04 5.9809E-04 6.3594E-04 6.5861E-04 6.6550E-04 6.8145E-04 7.1109E-04 7.3764E-04 7.6378E-04 8.0042E-04 8.5179E-04 8.8808E-04 9.0758E-04 9.3054E-04 9.5862E-04 9.8361E-04 1.0324E-03 1.1019E-03 1.1386E-03 1.1077E-03 1.0550E-03 1.0141E-03 9.7363E-04 9.2281E-04 8.7338E-04 8.3193E-04 7.9087E-04 7.4481E-04 6.9881E-04 6.5469E-04 6.1534E-04 5.8242E-04
1.0538E-04 1.3540E-04 1.5855E-04 1.7793E-04 1.9560E-04 2.0928E-04 2.1713E-04 2.2017E-04 2.2245E-04 2.2496E-04 2.2916E-04 2.3698E-04 2.5014E-04 2.6697E-04 2.8567E-04 3.0350E-04 3.1855E-04 3.3401E-04 3.5417E-04 3.7639E-04 3.9784E-04 4.2888E-04 4.6718E-04 5.0653E-04 5.5087E-04 5.9815E-04 6.3010E-04 6.6250E-04 6.9385E-04 7.0249E-04 7.1299E-04 7.3989E-04 7.7208E-04 7.9842E-04 8.3477E-04 8.9349E-04 9.3406E-04 9.5287E-04 9.8071E-04 1.0054E-03 1.0315E-03 1.0867E-03 1.1636E-03 1.2007E-03 1.1658E-03 1.1105E-03 1.0646E-03 1.0168E-03 9.6181E-04 9.0989E-04 8.6341E-04 8.1806E-04 7.6915E-04 7.1953E-04 6.7276E-04 6.3331E-04 6.0138E-04
1.0574E-04 1.3582E-04 1.5850E-04 1.7666E-04 1.9348E-04 2.0865E-04 2.1959E-04 2.2681E-04 2.3252E-04 2.3623E-04 2.3856E-04 2.4217E-04 2.5161E-04 2.6657E-04 2.8571E-04 3.0810E-04 3.2989E-04 3.4729E-04 3.6702E-04 3.9027E-04 4.1475E-04 4.4450E-04 4.8090E-04 5.2181E-04 5.7102E-04 6.2925E-04 6.6821E-04 6.9295E-04 7.2977E-04 7.4461E-04 7.5070E-04 7.7533E-04 8.0881E-04 8.3838E-04 8.7383E-04 9.3064E-04 9.8024E-04 1.0054E-03 1.0337E-03 1.0603E-03 1.0883E-03 1.1506E-03 1.2333E-03 1.2690E-03 1.2252E-03 1.1662E-03 1.1145E-03 1.0606E-03 1.0028E-03 9.5156E-04 9.0101E-04 8.4726E-04 7.9232E-04 7.3993E-04 6.9297E-04 6.5338E-04 6.1943E-04
1.0579E-04 1.3642E-04 1.5983E-04 1.7727E-04 1.9235E-04 2.0698E-04 2.1970E-04 2.3041E-04 2.3981E-04 2.4694E-04 2.5060E-04 2.5301E-04 2.5901E-04 2.7040E-04 2.8802E-04 3.1357E-04 3.4264E-04 3.6852E-04 3.9309E-04 4.1730E-04 4.4599E-04 4.7675E-04 5.1283E-04 5.5336E-04 6.0267E-04 6.6501E-04 7.1344E-04 7.4071E-04 7.7183E-04 7.9380E-04 7.9724E-04 8.1858E-04 8.5394E-04 8.8434E-04 9.1954E-04 9.7655E-04 1.0350E-03 1.0729E-03 1.1030E-03 1.1252E-03 1.1527E-03 1.2176E-03 1.3152E-03 1.3492E-03 1.2886E-03 1.2229E-03 1.1696E-03 1.1112E-03 1.0509E-03 9.9727E-04 9.4085E-04 8.7803E-04 8.1679E-04 7.6139E-04 7.1438E-04 6.7445E-04 6.3800E-04
1.0605E-04 1.3716E-04 1.6116E-04 1.7868E-04 1.9315E-04 2.0669E-04 2.1841E-04 2.3077E-04 2.4310E-04 2.5374E-04 2.6111E-04 2.6574E-04 2.6987E-04 2.7754E-04 2.9253E-04 3.1829E-04 3.4825E-04 3.8245E-04 4.1952E-04 4.4811E-04 4.7811E-04 5.0940E-04 5.4538E-04 5.9168E-04 6.4020E-04 7.0002E-04 7.5622E-04 7.8943E-04 8.1511E-04 8.4389E-04 8.4897E-04 8.6381E-04 8.9674E-04 9.2725E-04 9.6734E-04 1.0263E-03 1.0958E-03 1.1357E-03 1.1693E-03 1.1997E-03 1.2351E-03 1.3001E-03 1.3967E-03 1.4266E-03 1.3575E-03 1.2866E-03 1.2289E-03 1.1649E-03 1.1006E-03 1.0415E-03 9.7698E-04 9.0819E-04 8.4407E-04 7.8618E-04 7.3779E-04 6.9634E-04 6.5753E-04
1.0575E-04 1.3664E-04 1.6087E-04 1.7922E-04 1.9453E-04 2.0823E-04 2.1887E-04 2.3069E-04 2.4368E-04 2.5552E-04 2.6796E-04 2.7787E-04 2.8377E-04 2.9021E-04 3.0313E-04 3.2764E-04 3.5835E-04 3.9211E-04 4.3331E-04 4.7088E-04 5.0422E-04 5.3599E-04 5.7248E-04 6.2086E-04 6.6900E-04 7.2322E-04 7.8639E-04 8.3172E-04 8.5101E-04 8.8051E-04 9.0152E-04 9.1647E-04 9.3883E-04 9.6772E-04 1.0139E-03 1.0770E-03 1.1581E-03 1.2009E-03 1.2405E-03 1.2779E-03 1.3197E-03 1.3927E-03 1.4855E-03 1.5022E-03 1.4319E-03 1.3608E-03 1.2958E-03 1.2234E-03 1.1517E-03 1.0838E-03 1.0120E-03 9.3784E-04 8.7144E-04 8.1292E-04 7.6400E-04 7.1993E-04 6.7728E-04
1.0530E-04 1.3567E-04 1.5983E-04 1.7925E-04 1.9545E-04 2.0977E-04 2.2058E-04 2.3206E-04 2.4334E-04 2.5495E-04 2.7001E-04 2.8507E-04 2.9640E-04 3.0577E-04 3.1839E-04 3.4131E-04 3.6915E-04 3.9634E-04 4.3068E-04 4.7792E-04 5.2359E-04 5.5508E-04 5.8757E-04 6.2989E-04 6.8234E-04 7.3932E-04 8.1228E-04 8.7089E-04 8.9480E-04 9.1049E-04 9.4299E-04 9.6342E-04 9.7961E-04 1.0109E-03 1.0595E-03 1.1274E-03 1.2185E-03 1.2785E-03 1.3300E-03 1.3684E-03 1.4054E-03 1.4813E-03 1.5874E-03 1.5967E-03 1.5160E-03 1.4402E-03 1.3696E-03 1.2884E-03 1.2097E-03 1.1311E-03 1.0476E-03 9.6813E-04 9.0046E-04 8.4258E-04 7.9295E-04 7.4487E-04 6.9752E-04
1.0559E-04 1.3571E-04 1.5969E-04 1.7935E-04 1.9566E-04 2.1018E-04 2.2242E-04 2.3444E-04 2.4497E-04 2.5650E-04 2.7033E-04 2.8618E-04 3.0333E-04 3.2083E-04 3.3612E-04 3.5657E-04 3.8045E-04 4.0159E-04 4.2843E-04 4.7040E-04 5.1932E-04 5.5860E-04 5.9629E-04 6.3486E-04 6.9331E-04 7.5768E-04 8.2648E-04 8.9334E-04 9.4129E-04 9.5607E-04 9.7714E-04 1.0078E-03 1.0321E-03 1.0631E-03 1.1154E-03 1.1794E-03 1.2801E-03 1.3676E-03 1.4280E-03 1.4656E-03 1.4946E-03 1.5761E-03 1.6989E-03 1.7128E-03 1.6177E-03 1.5293E-03 1.4473E-03 1.3575E-03 1.2716E-03 1.1787E-03 1.0820E-03 9.9756E-04 9.2991E-04 8.7277E-04 8.1887E-04 7.6620E-04 7.1464E-04
1.0689E-04 1.3767E-04 1.6167E-04 1.8071E-04 1.9636E-04 2.1118E-04 2.2465E-04 2.3702E-04 2.4787E-04 2.6034E-04 2.7296E-04 2.8675E-04 3.0480E-04 3.2805E-04 3.5014E-04 3.7245E-04 3.9447E-04 4.1222E-04 4.3385E-04 4.6294E-04 5.0694E-04 5.5889E-04 6.0146E-04 6.4167E-04 6.9456E-04 7.6206E-04 8.2997E-04 9.0486E-04 9.8053E-04 1.0164E-03 1.0263E-03 1.0685E-03 1.1003E-03 1.1242E-03 1.1814E-03 1.2523E-03 1.3526E-03 1.4593E-03 1.5238E-03 1.5663E-03 1.5954E-03 1.6823E-03 1.8204E-03 1.8283E-03 1.7305E-03 1.6340E-03 1.5336E-03 1.4299E-03 1.3304E-03 1.2209E-03 1.1160E-03 1.0302E-03 9.6159E-04 9.0278E-04 8.4478E-04 7.8649E-04 7.2801E-04
1.0698E-04 1.3880E-04 1.6439E-04 1.8382E-04 1.9941E-04 2.1471E-04 2.2860E-04 2.4083E-04 2.5102E-04 2.6185E-04 2.7473E-04 2.8883E-04 3.0477E-04 3.2865E-04 3.5816E-04 3.8989E-04 4.1582E-04 4.3237E-04 4.4759E-04 4.6512E-04 4.9702E-04 5.4766E-04 5.9319E-04 6.3951E-04 6.9638E-04 7.6210E-04 8.3980E-04 9.1798E-04 1.0050E-03 1.0740E-03 1.0919E-03 1.1288E-03 1.1605E-03 1.1875E-03 1.2440E-03 1.3229E-03 1.4224E-03 1.5535E-03 1.6247E-03 1.6766E-03 1.7205E-03 1.8266E-03 1.9697E-03 1.9515E-03 1.8469E-03 1.7455E-03 1.6258E-03 1.5032E-03 1.3897E-03 1.2647E-03 1.1553E-03 1.0712E-03 1.0007E-03 9.3372E-04 8.6922E-04 8.0397E-04 7.3800E-04
1.0414E-04 1.3602E-04 1.6309E-04 1.8490E-04 2.0300E-04 2.1925E-04 2.3262E-04 2.4477E-04 2.5559E-04 2.6574E-04 2.7731E-04 2.9159E-04 3.0745E-04 3.2934E-04 3.6001E-04 4.0018E-04 4.3723E-04 4.5714E-04 4.6846E-04 4.8007E-04 4.9990E-04 5.3614E-04 5.8522E-04 6.4488E-04 6.9891E-04 7.5820E-04 8.4271E-04 9.3540E-04 1.0316E-03 1.1280E-03 1.1707E-03 1.1804E-03 1.2188E-03 1.2525E-03 1.3034E-03 1.3883E-03 1.5002E-03 1.6447E-03 1.7265E-03 1.7976E-03 1.8629E-03 1.9795E-03 2.1232E-03 2.0896E-03 1.9663E-03 1.8522E-03 1.7153E-03 1.5767E-03 1.4466E-03 1.3118E-03 1.2045E-03 1.1218E-03 1.0469E-03 9.6742E-04 8.8907E-04 8.1353E-04 7.4364E-04
9.9023E-05 1.2960E-04 1.5692E-04 1.8058E-04 2.0189E-04 2.2093E-04 2.3598E-04 2.4952E-04 2.6188E-04 2.7353E-04 2.8563E-04 2.9952E-04 3.1543E-04 3.3498E-04 3.6282E-04 4.0095E-04 4.4432E-04 4.7813E-04 4.9162E-04 4.9742E-04 5.1674E-04 5.3956E-04 5.8154E-04 6.4254E-04 6.9800E-04 7.5899E-04 8.2688E-04 9.2170E-04 1.0311E-03 1.1451E-03 1.2246E-03 1.2414E-03 1.2746E-03 1.3200E-03 1.3719E-03 1.4701E-03 1.5877E-03 1.7436E-03 1.8517E-03 1.9334E-03 2.0150E-03 2.1445E-03 2.2942E-03 2.2315E-03 2.0913E-03 1.9573E-03 1.8062E-03 1.6559E-03 1.5040E-03 1.3652E-03 1.2640E-03 1.1817E-03 1.0968E-03 1.0022E-03 9.0662E-04 8.2055E-04 7.5105E-04
9.4248E-05 1.2344E-04 1.4956E-04 1.7216E-04 1.9356E-04 2.1522E-04 2.3475E-04 2.5292E-04 2.6867E-04 2.8244E-04 2.9796E-04 3.1353E-04 3.2821E-04 3.4557E-04 3.6926E-04 4.0197E-04 4.4352E-04 4.8634E-04 5.1437E-04 5.2273E-04 5.3788E-04 5.5334E-04 5.7855E-04 6.2985E-04 6.9406E-04 7.6304E-04 8.2473E-04 9.1228E-04 1.0217E-03 1.1430E-03 1.2599E-03 1.3152E-03 1.3371E-03 1.4046E-03 1.4639E-03 1.5492E-03 1.6696E-03 1.8494E-03 1.9955E-03 2.0875E-03 2.1744E-03 2.3285E-03 2.4860E-03 2.3903E-03 2.2269E-03 2.0711E-03 1.9064E-03 1.7392E-03 1.5672E-03 1.4299E-03 1.3292E-03 1.2402E-03 1.1411E-03 1.0305E-03 9.2065E-04 8.3089E-04 7.6443E-04
