20231023_webinar_progetto_murano/data_input/grd_f3_sc_2/Average_Period.grd
DSAA
          81           81
 760250.0000  764250.0000
5036750.0000 5040750.0000
  0.2433E-04   0.1063E+00
[rows 25 to 49 of 81, columns 0 to 56 of 81]
9.1422E-05 1.1968E-04 1.4414E-04 1.6469E-04 1.8374E-04 2.0381E-04 2.2518E-04 2.4765E-04 2.6855E-04 2.8878E-04 3.0940E-04 3.3073E-04 3.4946E-04 3.6415E-04 3.8091E-04 4.1006E-04 4.4580E-04 4.8302E-04 5.2110E-04 5.4904E-04 5.6434E-04 5.7658E-04 5.9322E-04 6.2857E-04 6.8301E-04 7.5760E-04 8.3093E-04 9.0821E-04 1.0150E-03 1.1320E-03 1.2673E-03 1.3839E-03 1.4119E-03 1.4918E-03 1.5691E-03 1.6380E-03 1.7621E-03 1.9568E-03 2.1376E-03 2.2430E-03 2.3512E-03 2.5316E-03 2.6877E-03 2.5705E-03 2.3791E-03 2.1968E-03 2.0165E-03 1.8275E-03 1.6433E-03 1.5081E-03 1.4011E-03 1.2962E-03 1.1742E-03 1.0489E-03 9.3480E-04 8.4690E-04 7.8238E-04
8.9414E-05 1.1617E-04 1.3948E-04 1.5956E-04 1.7802E-04 1.9536E-04 2.1438E-04 2.3554E-04 2.5841E-04 2.8489E-04 3.1369E-04 3.4299E-04 3.6817E-04 3.8305E-04 3.9707E-04 4.2141E-04 4.5275E-04 4.8160E-04 5.0864E-04 5.4594E-04 5.8434E-04 6.1527E-04 6.3039E-04 6.4890E-04 6.8561E-04 7.4750E-04 8.3137E-04 9.1611E-04 1.0095E-03 1.1354E-03 1.2613E-03 1.4204E-03 1.4988E-03 1.5682E-03 1.6661E-03 1.7447E-03 1.8824E-03 2.0637E-03 2.2888E-03 2.4199E-03 2.5514E-03 2.7586E-03 2.9341E-03 2.7780E-03 2.5507E-03 2.3448E-03 2.1453E-03 1.9278E-03 1.7340E-03 1.5987E-03 1.4787E-03 1.3498E-03 1.2038E-03 1.0672E-03 9.5367E-04 8.6736E-04 8.0558E-04
8.7155E-05 1.1288E-04 1.3595E-04 1.5592E-04 1.7488E-04 1.9165E-04 2.0795E-04 2.2517E-04 2.4594E-04 2.7106E-04 3.0111E-04 3.3606E-04 3.6944E-04 3.9244E-04 4.1083E-04 4.3156E-04 4.6022E-04 4.8523E-04 5.0463E-04 5.4361E-04 5.9188E-04 6.4497E-04 6.7614E-04 6.9436E-04 7.0914E-04 7.5037E-04 8.2651E-04 9.2383E-04 1.0100E-03 1.1236E-03 1.2495E-03 1.4291E-03 1.5877E-03 1.6567E-03 1.7607E-03 1.8660E-03 2.0096E-03 2.1804E-03 2.4444E-03 2.6072E-03 2.7582E-03 2.9923E-03 3.1674E-03 3.0074E-03 2.7549E-03 2.5223E-03 2.2866E-03 2.0338E-03 1.8360E-03 1.6966E-03 1.5566E-03 1.3944E-03 1.2302E-03 1.0862E-03 9.7371E-04 8.8997E-04 8.2957E-04
8.3855E-05 1.0930E-04 1.3224E-04 1.5146E-04 1.6943E-04 1.8634E-04 2.0162E-04 2.1745E-04 2.3686E-04 2.5860E-04 2.8145E-04 3.1182E-04 3.4834E-04 3.8190E-04 4.1233E-04 4.4099E-04 4.6740E-04 4.8904E-04 5.0974E-04 5.4641E-04 5.9954E-04 6.5378E-04 6.9848E-04 7.3564E-04 7.5436E-04 7.7706E-04 8.1886E-04 9.0510E-04 1.0150E-03 1.1286E-03 1.2459E-03 1.4190E-03 1.6227E-03 1.7536E-03 1.8553E-03 1.9780E-03 2.1369E-03 2.3373E-03 2.6408E-03 2.8451E-03 3.0122E-03 3.2800E-03 3.4557E-03 3.2746E-03 2.9940E-03 2.7264E-03 2.4429E-03 2.1636E-03 1.9620E-03 1.8058E-03 1.6275E-03 1.4330E-03 1.2557E-03 1.1072E-03 1.0007E-03 9.2230E-04 8.5460E-04
8.1871E-05 1.0754E-04 1.2951E-04 1.4642E-04 1.6309E-04 1.7963E-04 1.9388E-04 2.0876E-04 2.2745E-04 2.4763E-04 2.6605E-04 2.8766E-04 3.1659E-04 3.5099E-04 3.9184E-04 4.3594E-04 4.7055E-04 4.9503E-04 5.1536E-04 5.4271E-04 5.9264E-04 6.4880E-04 6.9039E-04 7.4052E-04 7.8980E-04 8.1349E-04 8.3704E-04 9.0159E-04 1.0179E-03 1.1387E-03 1.2510E-03 1.3952E-03 1.5919E-03 1.8216E-03 1.9410E-03 2.0911E-03 2.2626E-03 2.5089E-03 2.8461E-03 3.0750E-03 3.3098E-03 3.6513E-03 3.8612E-03 3.6136E-03 3.2612E-03 2.9395E-03 2.6040E-03 2.3193E-03 2.1026E-03 1.8955E-03 1.6708E-03 1.4535E-03 1.2738E-03 1.1401E-03 1.0424E-03 9.5764E-04 8.7429E-04
8.1148E-05 1.0676E-04 1.2692E-04 1.4183E-04 1.5808E-04 1.7355E-04 1.8670E-04 2.0158E-04 2.1890E-04 2.3701E-04 2.5443E-04 2.7144E-04 2.9297E-04 3.2226E-04 3.5933E-04 4.0446E-04 4.5172E-04 4.9231E-04 5.2216E-04 5.4643E-04 5.7743E-04 6.2181E-04 6.7184E-04 7.3685E-04 7.9264E-04 8.3844E-04 8.7321E-04 9.1454E-04 1.0076E-03 1.1278E-03 1.2632E-03 1.4028E-03 1.5753E-03 1.8295E-03 2.0506E-03 2.2234E-03 2.4164E-03 2.6526E-03 3.0480E-03 3.3823E-03 3.6997E-03 4.1703E-03 4.3694E-03 4.0179E-03 3.5757E-03 3.1885E-03 2.8059E-03 2.5056E-03 2.2437E-03 1.9591E-03 1.6935E-03 1.4716E-03 1.3108E-03 1.1894E-03 1.0800E-03 9.7477E-04 8.7826E-04
8.0324E-05 1.0488E-04 1.2336E-04 1.3836E-04 1.5341E-04 1.6723E-04 1.8148E-04 1.9706E-04 2.1349E-04 2.3059E-04 2.4813E-04 2.6271E-04 2.8022E-04 3.0567E-04 3.3509E-04 3.6869E-04 4.1059E-04 4.5885E-04 5.0968E-04 5.5195E-04 5.7760E-04 6.0499E-04 6.4167E-04 7.1017E-04 7.7691E-04 8.3610E-04 8.9762E-04 9.5617E-04 1.0375E-03 1.1373E-03 1.2795E-03 1.4341E-03 1.5732E-03 1.8344E-03 2.1238E-03 2.3788E-03 2.6116E-03 2.8725E-03 3.2937E-03 3.7004E-03 4.1531E-03 4.7072E-03 4.8924E-03 4.4751E-03 3.9341E-03 3.4825E-03 3.0458E-03 2.6934E-03 2.3634E-03 2.0195E-03 1.7345E-03 1.5216E-03 1.3660E-03 1.2268E-03 1.0939E-03 9.7434E-04 8.7363E-04
7.8402E-05 1.0201E-04 1.1917E-04 1.3414E-04 1.4714E-04 1.6045E-04 1.7523E-04 1.8877E-04 2.0422E-04 2.2174E-04 2.4105E-04 2.5616E-04 2.7274E-04 2.9603E-04 3.2140E-04 3.4492E-04 3.7353E-04 4.1418E-04 4.6737E-04 5.2314E-04 5.6977E-04 6.1737E-04 6.4996E-04 6.8881E-04 7.4528E-04 8.1064E-04 8.9153E-04 9.9405E-04 1.0762E-03 1.1417E-03 1.2685E-03 1.4479E-03 1.6096E-03 1.8158E-03 2.1497E-03 2.4479E-03 2.7411E-03 3.0779E-03 3.5412E-03 4.0827E-03 4.6166E-03 5.3265E-03 5.5503E-03 5.0058E-03 4.3385E-03 3.8008E-03 3.3083E-03 2.8770E-03 2.4589E-03 2.0990E-03 1.8159E-03 1.5960E-03 1.4103E-03 1.2382E-03 1.0890E-03 9.6468E-04 8.6658E-04
7.4020E-05 9.6551E-05 1.1349E-04 1.2771E-04 1.4043E-04 1.5340E-04 1.6676E-04 1.7737E-04 1.9066E-04 2.0621E-04 2.2410E-04 2.4209E-04 2.6237E-04 2.8514E-04 3.0933E-04 3.2898E-04 3.5146E-04 3.8062E-04 4.2294E-04 4.7456E-04 5.3054E-04 6.0090E-04 6.6147E-04 7.0361E-04 7.4701E-04 7.8210E-04 8.5644E-04 9.7306E-04 1.0874E-03 1.1788E-03 1.2767E-03 1.4198E-03 1.5908E-03 1.8216E-03 2.1155E-03 2.4708E-03 2.9015E-03 3.3183E-03 3.8455E-03 4.5289E-03 5.1577E-03 6.0275E-03 6.3020E-03 5.5928E-03 4.7639E-03 4.1270E-03 3.5721E-03 3.0201E-03 2.5491E-03 2.1924E-03 1.9008E-03 1.6465E-03 1.4207E-03 1.2265E-03 1.0715E-03 9.4857E-04 8.4931E-04
6.9459E-05 9.0491E-05 1.0713E-04 1.2122E-04 1.3390E-04 1.4655E-04 1.5946E-04 1.6966E-04 1.7969E-04 1.9138E-04 2.0508E-04 2.2272E-04 2.4534E-04 2.6796E-04 2.9137E-04 3.1329E-04 3.3652E-04 3.6422E-04 3.9942E-04 4.3858E-04 4.7933E-04 5.3940E-04 6.1321E-04 6.9646E-04 7.7862E-04 8.0361E-04 8.2738E-04 9.2658E-04 1.0586E-03 1.2194E-03 1.3376E-03 1.4125E-03 1.5491E-03 1.8121E-03 2.0619E-03 2.4393E-03 2.9993E-03 3.5230E-03 4.0610E-03 4.9702E-03 5.9097E-03 6.9613E-03 7.1483E-03 6.1017E-03 5.1550E-03 4.4469E-03 3.7604E-03 3.1114E-03 2.6392E-03 2.2932E-03 1.9485E-03 1.6471E-03 1.4038E-03 1.2050E-03 1.0470E-03 9.2480E-04 8.1770E-04
6.7686E-05 8.7362E-05 1.0322E-04 1.1673E-04 1.2898E-04 1.4009E-04 1.5225E-04 1.6303E-04 1.7118E-04 1.8194E-04 1.9411E-04 2.0897E-04 2.2625E-04 2.4476E-04 2.6502E-04 2.8431E-04 3.0856E-04 3.3961E-04 3.7857E-04 4.1373E-04 4.4476E-04 4.7988E-04 5.3505E-04 6.1793E-04 7.3788E-04 8.4212E-04 8.8797E-04 9.3109E-04 1.0553E-03 1.2210E-03 1.3878E-03 1.5024E-03 1.6185E-03 1.7823E-03 2.1059E-03 2.4596E-03 3.0901E-03 3.7607E-03 4.5114E-03 5.6214E-03 6.8659E-03 8.2166E-03 8.1633E-03 6.7217E-03 5.6397E-03 4.8440E-03 3.9118E-03 3.1899E-03 2.7402E-03 2.3349E-03 1.9481E-03 1.6268E-03 1.3793E-03 1.1732E-03 1.0189E-03 9.0116E-04 7.9576E-04
6.8828E-05 8.8078E-05 1.0347E-04 1.1433E-04 1.2415E-04 1.3472E-04 1.4363E-04 1.5306E-04 1.6285E-04 1.7557E-04 1.9184E-04 2.0682E-04 2.1662E-04 2.2897E-04 2.4763E-04 2.6255E-04 2.8079E-04 3.0647E-04 3.3765E-04 3.7445E-04 4.0815E-04 4.3732E-04 4.8052E-04 5.3916E-04 6.2285E-04 7.6501E-04 9.1491E-04 9.8420E-04 1.0536E-03 1.1647E-03 1.3404E-03 1.5305E-03 1.7000E-03 1.8266E-03 2.1865E-03 2.6620E-03 3.0556E-03 3.9191E-03 4.8850E-03 6.0430E-03 7.8045E-03 9.6002E-03 9.0725E-03 7.2187E-03 6.0133E-03 5.0169E-03 3.8857E-03 3.2722E-03 2.7925E-03 2.2978E-03 1.9171E-03 1.5931E-03 1.3369E-03 1.1354E-03 9.9976E-04 8.9319E-04 8.0224E-04
7.0594E-05 9.0523E-05 1.0565E-04 1.1636E-04 1.2517E-04 1.3472E-04 1.4231E-04 1.4830E-04 1.5614E-04 1.6799E-04 1.8384E-04 1.9767E-04 2.0736E-04 2.1978E-04 2.3876E-04 2.5249E-04 2.6478E-04 2.8543E-04 3.0716E-04 3.3571E-04 3.6283E-04 3.9176E-04 4.3195E-04 4.8101E-04 5.3745E-04 6.2063E-04 7.3021E-04 8.4693E-04 9.8233E-04 1.1275E-03 1.2023E-03 1.3593E-03 1.6432E-03 1.9054E-03 2.1860E-03 2.7179E-03 3.3154E-03 4.1793E-03 5.8067E-03 7.2082E-03 9.3458E-03 1.1559E-02 1.0186E-02 7.7755E-03 6.3272E-03 4.9507E-03 3.9396E-03 3.3387E-03 2.7919E-03 2.2678E-03 1.8480E-03 1.5311E-03 1.3009E-03 1.1302E-03 1.0085E-03 9.1836E-04 8.3895E-04
7.1465E-05 9.1126E-05 1.0680E-04 1.1981E-04 1.2887E-04 1.3707E-04 1.4650E-04 1.5309E-04 1.6005E-04 1.6992E-04 1.8109E-04 1.9236E-04 2.0300E-04 2.1459E-04 2.2784E-04 2.4284E-04 2.5871E-04 2.7608E-04 2.9468E-04 3.1783E-04 3.4109E-04 3.5927E-04 3.8422E-04 4.2939E-04 4.8270E-04 5.5175E-04 6.0492E-04 6.8723E-04 7.9626E-04 9.7343E-04 1.1209E-03 1.2869E-03 1.4916E-03 1.8345E-03 2.3616E-03 2.9259E-03 3.8492E-03 4.9677E-03 7.1377E-03 9.5618E-03 1.2553E-02 1.4930E-02 1.2293E-02 9.1136E-03 6.7709E-03 5.2156E-03 4.1935E-03 3.4250E-03 2.8232E-03 2.2618E-03 1.8231E-03 1.5295E-03 1.3187E-03 1.1741E-03 1.0461E-03 9.4581E-04 8.5930E-04
6.9669E-05 8.9584E-05 1.0577E-04 1.1835E-04 1.2838E-04 1.3590E-04 1.4437E-04 1.5533E-04 1.6412E-04 1.7256E-04 1.8226E-04 1.9327E-04 2.0609E-04 2.1811E-04 2.2735E-04 2.3719E-04 2.5135E-04 2.6683E-04 2.8436E-04 3.0675E-04 3.2744E-04 3.4720E-04 3.6932E-04 4.0640E-04 4.4681E-04 4.9891E-04 5.3748E-04 6.1554E-04 6.9959E-04 7.8731E-04 9.0889E-04 1.1421E-03 1.4576E-03 1.7873E-03 2.3265E-03 3.0968E-03 4.3451E-03 6.3200E-03 9.2096E-03 1.4060E-02 1.7948E-02 2.0770E-02 1.5237E-02 1.0704E-02 7.2782E-03 5.5499E-03 4.2986E-03 3.4719E-03 2.7898E-03 2.2080E-03 1.8232E-03 1.6047E-03 1.4079E-03 1.2430E-03 1.1006E-03 9.8833E-04 8.9683E-04
7.1081E-05 9.1786E-05 1.0808E-04 1.2027E-04 1.2993E-04 1.3564E-04 1.4238E-04 1.5260E-04 1.6114E-04 1.6818E-04 1.7941E-04 1.9336E-04 2.0562E-04 2.1539E-04 2.2761E-04 2.3797E-04 2.4735E-04 2.6201E-04 2.7668E-04 2.9619E-04 3.1724E-04 3.4061E-04 3.6253E-04 3.9499E-04 4.2929E-04 4.9387E-04 5.3958E-04 6.0276E-04 6.7690E-04 7.2675E-04 8.0451E-04 9.5336E-04 1.1808E-03 1.5803E-03 2.1905E-03 2.9717E-03 4.4000E-03 7.6659E-03 1.3336E-02 2.1399E-02 2.9897E-02 3.1243E-02 1.9783E-02 1.2657E-02 8.1964E-03 5.8081E-03 4.3942E-03 3.3826E-03 2.7006E-03 2.2581E-03 1.9677E-03 1.7293E-03 1.5121E-03 1.3270E-03 1.1875E-03 1.0699E-03 9.6243E-04
7.6665E-05 9.9693E-05 1.1686E-04 1.2930E-04 1.3752E-04 1.4229E-04 1.4906E-04 1.5796E-04 1.6604E-04 1.7234E-04 1.8218E-04 1.9516E-04 2.0845E-04 2.2021E-04 2.3314E-04 2.4599E-04 2.5713E-04 2.6855E-04 2.8341E-04 2.9782E-04 3.1990E-04 3.4099E-04 3.5934E-04 3.8991E-04 4.3092E-04 4.8078E-04 5.2435E-04 5.6586E-04 6.3368E-04 7.2234E-04 8.0382E-04 9.3566E-04 1.0645E-03 1.3300E-03 1.8417E-03 2.6828E-03 4.1412E-03 7.0792E-03 1.7222E-02 3.6176E-02 5.3996E-02 4.8033E-02 2.5953E-02 1.5016E-02 9.3364E-03 6.0973E-03 4.3709E-03 3.5701E-03 3.0600E-03 2.5631E-03 2.2113E-03 1.8795E-03 1.6211E-03 1.4088E-03 1.2270E-03 1.0865E-03 9.7143E-04
8.3414E-05 1.0933E-04 1.2642E-04 1.3875E-04 1.4644E-04 1.5434E-04 1.6409E-04 1.7395E-04 1.8185E-04 1.8915E-04 2.0066E-04 2.0802E-04 2.1953E-04 2.3232E-04 2.4884E-04 2.6566E-04 2.7813E-04 2.8977E-04 3.0642E-04 3.2473E-04 3.4222E-04 3.6207E-04 3.7952E-04 4.0277E-04 4.3662E-04 4.7172E-04 5.0554E-04 5.4487E-04 6.0057E-04 6.7938E-04 7.9252E-04 9.0975E-04 1.0417E-03 1.2773E-03 1.7082E-03 2.4556E-03 3.6536E-03 6.5883E-03 1.3995E-02 4.0972E-02 6.9615E-02 6.0074E-02 3.0322E-02 1.8485E-02 9.9574E-03 6.6578E-03 5.2260E-03 4.0705E-03 3.3229E-03 2.6975E-03 2.2508E-03 1.8826E-03 1.6062E-03 1.3612E-03 1.1902E-03 1.0553E-03 9.5306E-04
8.7139E-05 1.1319E-04 1.3100E-04 1.4455E-04 1.5426E-04 1.6329E-04 1.7351E-04 1.8579E-04 1.9458E-04 2.0289E-04 2.1593E-04 2.2042E-04 2.2617E-04 2.4160E-04 2.6144E-04 2.7704E-04 2.9203E-04 3.0810E-04 3.2183E-04 3.4761E-04 3.5823E-04 3.7687E-04 3.9476E-04 4.1407E-04 4.4662E-04 4.7509E-04 5.1077E-04 5.4999E-04 6.0761E-04 6.9504E-04 8.0148E-04 9.2972E-04 1.0779E-03 1.3357E-03 1.7446E-03 2.3892E-03 3.3629E-03 6.0216E-03 1.1485E-02 1.8459E-02 7.6493E-02 1.0634E-01 3.0912E-02 1.8664E-02 1.1493E-02 7.0982E-03 5.1781E-03 3.9756E-03 3.1213E-03 2.5360E-03 2.1235E-03 1.7965E-03 1.5595E-03 1.3299E-03 1.1624E-03 1.0305E-03 9.2737E-04
8.6148E-05 1.1145E-04 1.3008E-04 1.4399E-04 1.5558E-04 1.6597E-04 1.7504E-04 1.8651E-04 1.9352E-04 2.0020E-04 2.0948E-04 2.1740E-04 2.2775E-04 2.4076E-04 2.5520E-04 2.6879E-04 2.8562E-04 3.0487E-04 3.1709E-04 3.3180E-04 3.4127E-04 3.6146E-04 3.8130E-04 4.0196E-04 4.2644E-04 4.5202E-04 4.9177E-04 5.2898E-04 5.7482E-04 6.3051E-04 7.3291E-04 8.5619E-04 1.0035E-03 1.2585E-03 1.5799E-03 2.2346E-03 3.3085E-03 5.7158E-03 1.0846E-02 1.6980E-02 3.9494E-02 6.6977E-02 3.0087E-02 1.9729E-02 1.1678E-02 7.1040E-03 5.1079E-03 3.8887E-03 3.0833E-03 2.4700E-03 1.9991E-03 1.6808E-03 1.4510E-03 1.2814E-03 1.1216E-03 9.9277E-04 9.0744E-04
8.7320E-05 1.1401E-04 1.3270E-04 1.4588E-04 1.5859E-04 1.6675E-04 1.7414E-04 1.8411E-04 1.8944E-04 1.9767E-04 2.0605E-04 2.1825E-04 2.3000E-04 2.3965E-04 2.5455E-04 2.7230E-04 2.8777E-04 2.9976E-04 3.1304E-04 3.2055E-04 3.3000E-04 3.5162E-04 3.6334E-04 3.7817E-04 4.0173E-04 4.1816E-04 4.4928E-04 4.9024E-04 5.4055E-04 6.0446E-04 6.6430E-04 7.8930E-04 9.4334E-04 1.0995E-03 1.3707E-03 1.9452E-03 2.7936E-03 4.3483E-03 7.6976E-03 1.5500E-02 3.8488E-02 2.7899E-02 2.1473E-02 1.4494E-02 9.7483E-03 6.7826E-03 5.0521E-03 3.7847E-03 2.9665E-03 2.3937E-03 1.9489E-03 1.6349E-03 1.3863E-03 1.2332E-03 1.0870E-03 9.7773E-04 9.0230E-04
8.9011E-05 1.1570E-04 1.3278E-04 1.4672E-04 1.5841E-04 1.6269E-04 1.6652E-04 1.7531E-04 1.8383E-04 1.9152E-04 1.9663E-04 2.0589E-04 2.1691E-04 2.2746E-04 2.4262E-04 2.6155E-04 2.7851E-04 2.8623E-04 2.9449E-04 3.0215E-04 3.1239E-04 3.3167E-04 3.4391E-04 3.6331E-04 3.7781E-04 4.0985E-04 4.3473E-04 4.5860E-04 5.0621E-04 5.5499E-04 5.8846E-04 6.8742E-04 8.1433E-04 1.0081E-03 1.2459E-03 1.5111E-03 1.9942E-03 3.3439E-03 5.7600E-03 1.4241E-02 2.1808E-02 1.6363E-02 1.3201E-02 9.2252E-03 6.3886E-03 4.5813E-03 3.6552E-03 3.0831E-03 2.5847E-03 2.1994E-03 1.8932E-03 1.5889E-03 1.3560E-03 1.1966E-03 1.0477E-03 9.4568E-04 8.6936E-04
8.5687E-05 1.0848E-04 1.2182E-04 1.3327E-04 1.4377E-04 1.4947E-04 1.5296E-04 1.6124E-04 1.7076E-04 1.7761E-04 1.8309E-04 1.9155E-04 2.0563E-04 2.1973E-04 2.3433E-04 2.5308E-04 2.7261E-04 2.8571E-04 2.9155E-04 2.9072E-04 2.9406E-04 3.1088E-04 3.2080E-04 3.3148E-04 3.3994E-04 3.6808E-04 3.9187E-04 4.1300E-04 4.6098E-04 4.9959E-04 5.6433E-04 6.4542E-04 7.1289E-04 7.7810E-04 9.5350E-04 1.2625E-03 1.8519E-03 2.7226E-03 4.9056E-03 8.8167E-03 1.1224E-02 8.3634E-03 7.0652E-03 5.7031E-03 4.6365E-03 3.6248E-03 2.9240E-03 2.4112E-03 2.0857E-03 1.8358E-03 1.6948E-03 1.4721E-03 1.2912E-03 1.1287E-03 9.8983E-04 8.8905E-04 8.2100E-04
8.0177E-05 1.0064E-04 1.1303E-04 1.2211E-04 1.3394E-04 1.4213E-04 1.4795E-04 1.5899E-04 1.6981E-04 1.7973E-04 1.8488E-04 1.9175E-04 2.0480E-04 2.1679E-04 2.2940E-04 2.4029E-04 2.5473E-04 2.6264E-04 2.6560E-04 2.6506E-04 2.6868E-04 2.7961E-04 2.9191E-04 3.0653E-04 3.2779E-04 3.6294E-04 3.8552E-04 3.9945E-04 4.3577E-04 4.8160E-04 5.0871E-04 4.8512E-04 5.3599E-04 6.6322E-04 8.9999E-04 1.2287E-03 1.6760E-03 2.3329E-03 3.9534E-03 5.4906E-03 6.2573E-03 4.7734E-03 4.2396E-03 4.0223E-03 3.4263E-03 3.0304E-03 2.4908E-03 2.1147E-03 1.8336E-03 1.5700E-03 1.4307E-03 1.2805E-03 1.1664E-03 1.0433E-03 9.2738E-04 8.3647E-04 7.7875E-04
7.8488E-05 1.0127E-04 1.1582E-04 1.2346E-04 1.3507E-04 1.4286E-04 1.4783E-04 1.5766E-04 1.6582E-04 1.7198E-04 1.7482E-04 1.7888E-04 1.8731E-04 1.9884E-04 2.0929E-04 2.1994E-04 2.2920E-04 2.3683E-04 2.4171E-04 2.4700E-04 2.5720E-04 2.6894E-04 2.7885E-04 3.0675E-04 3.1586E-04 3.5468E-04 3.9752E-04 4.2104E-04 3.9206E-04 3.6122E-04 3.8319E-04 4.3707E-04 5.3205E-04 6.9009E-04 9.0519E-04 1.1670E-03 1.4111E-03 2.1615E-03 2.9846E-03 3.8876E-03 3.9224E-03 3.1591E-03 2.9324E-03 2.8225E-03 2.5891E-03 2.4830E-03 2.2253E-03 1.8566E-03 1.6329E-03 1.4424E-03 1.3132E-03 1.1356E-03 1.0291E-03 9.3832E-04 8.5374E-04 7.8793E-04 7.3089E-04
