20231023_webinar_progetto_murano/data_input/grd_f3_sc_2/Average_Period.grd
DSAA
          81           81
 760250.0000  764250.0000
5036750.0000 5040750.0000
  0.2433E-04   0.1063E+00
[rows 50 to 74 of 81, columns 0 to 56 of 81]
7.4399E-05 9.7282E-05 1.1093E-04 1.1853E-04 1.2667E-04 1.3239E-04 1.3903E-04 1.4552E-04 1.5064E-04 1.5434E-04 1.5728E-04 1.6262E-04 1.6959E-04 1.7993E-04 1.9071E-04 2.0268E-04 2.1228E-04 2.2743E-04 2.4206E-04 2.4648E-04 2.5970E-04 2.7628E-04 2.9676E-04 3.1507E-04 3.4088E-04 3.5270E-04 3.3468E-04 3.0595E-04 2.8058E-04 3.0276E-04 3.6913E-04 4.5879E-04 5.5501E-04 6.8541E-04 8.8744E-04 1.0416E-03 1.4169E-03 1.8817E-03 2.3285E-03 2.9035E-03 2.7441E-03 2.2849E-03 2.1162E-03 2.0849E-03 2.0980E-03 2.0087E-03 1.8880E-03 1.7030E-03 1.4661E-03 1.2742E-03 1.1866E-03 1.0936E-03 9.8791E-04 8.8049E-04 7.9618E-04 7.4362E-04 6.8887E-04
6.9435E-05 8.9192E-05 1.0143E-04 1.1024E-04 1.1776E-04 1.2417E-04 1.3100E-04 1.3578E-04 1.3935E-04 1.4286E-04 1.4527E-04 1.4963E-04 1.5689E-04 1.6666E-04 1.8130E-04 1.9588E-04 2.1677E-04 2.2796E-04 2.4205E-04 2.5274E-04 2.7295E-04 3.0134E-04 3.1082E-04 3.2392E-04 3.0480E-04 2.8094E-04 2.7312E-04 2.8099E-04 2.8301E-04 3.1247E-04 3.6490E-04 4.4367E-04 5.6738E-04 7.2198E-04 7.9309E-04 1.0313E-03 1.3771E-03 1.5719E-03 1.9294E-03 2.2845E-03 2.1070E-03 1.8027E-03 1.6483E-03 1.6349E-03 1.7089E-03 1.7177E-03 1.5960E-03 1.5462E-03 1.4024E-03 1.1556E-03 1.0474E-03 9.9953E-04 9.1212E-04 8.4803E-04 7.6571E-04 7.1055E-04 6.5441E-04
6.5244E-05 8.3846E-05 9.6784E-05 1.0521E-04 1.1071E-04 1.1585E-04 1.2266E-04 1.2929E-04 1.3247E-04 1.3573E-04 1.3894E-04 1.4344E-04 1.5370E-04 1.6595E-04 1.7793E-04 1.9468E-04 2.1576E-04 2.3983E-04 2.6017E-04 2.7056E-04 2.8126E-04 2.8608E-04 2.6970E-04 2.5571E-04 2.3816E-04 2.3404E-04 2.4530E-04 2.6144E-04 2.8629E-04 3.3079E-04 3.7824E-04 4.2839E-04 5.7130E-04 6.5736E-04 8.1112E-04 1.0425E-03 1.2017E-03 1.3948E-03 1.6993E-03 1.8675E-03 1.7241E-03 1.4791E-03 1.3544E-03 1.3176E-03 1.3665E-03 1.4393E-03 1.3843E-03 1.3118E-03 1.2853E-03 1.1662E-03 9.8618E-04 8.7257E-04 8.2671E-04 7.8808E-04 7.3543E-04 6.9646E-04 6.3510E-04
6.1316E-05 7.9564E-05 9.2826E-05 9.9329E-05 1.0303E-04 1.0730E-04 1.1421E-04 1.2435E-04 1.2869E-04 1.3515E-04 1.3806E-04 1.4481E-04 1.5364E-04 1.6843E-04 1.8268E-04 1.9702E-04 2.1978E-04 2.4186E-04 2.5312E-04 2.4668E-04 2.3864E-04 2.2969E-04 2.1928E-04 2.1785E-04 2.1302E-04 2.1748E-04 2.4118E-04 2.6803E-04 2.8517E-04 3.0684E-04 3.7925E-04 4.7800E-04 5.4420E-04 6.4942E-04 8.2356E-04 9.6822E-04 1.0558E-03 1.2749E-03 1.5098E-03 1.5420E-03 1.4024E-03 1.2214E-03 1.1857E-03 1.1214E-03 1.1251E-03 1.2129E-03 1.1978E-03 1.1375E-03 1.1055E-03 1.0795E-03 9.7738E-04 8.3207E-04 7.4119E-04 7.1328E-04 6.9055E-04 6.6545E-04 6.1533E-04
5.7495E-05 7.4266E-05 8.7990E-05 9.5132E-05 1.0065E-04 1.0604E-04 1.1197E-04 1.1913E-04 1.2526E-04 1.3209E-04 1.4498E-04 1.5030E-04 1.5949E-04 1.7448E-04 1.8628E-04 1.9927E-04 2.1232E-04 2.1742E-04 2.1175E-04 1.9920E-04 1.9344E-04 1.9365E-04 1.9603E-04 2.0054E-04 2.0944E-04 2.2350E-04 2.4533E-04 2.7000E-04 2.8238E-04 3.4017E-04 4.1262E-04 4.6047E-04 5.4939E-04 6.8989E-04 8.0186E-04 8.7457E-04 9.9027E-04 1.1292E-03 1.3335E-03 1.3419E-03 1.1955E-03 1.0327E-03 1.0204E-03 9.7744E-04 9.5867E-04 1.0031E-03 1.0387E-03 1.0274E-03 9.7251E-04 9.4043E-04 9.1208E-04 8.3162E-04 7.1218E-04 6.5564E-04 6.4242E-04 6.2457E-04 5.8926E-04
5.4895E-05 7.1177E-05 8.5761E-05 9.5277E-05 1.0286E-04 1.0595E-04 1.1011E-04 1.1692E-04 1.2620E-04 1.3640E-04 1.4828E-04 1.5448E-04 1.6055E-04 1.7049E-04 1.7711E-04 1.8116E-04 1.8270E-04 1.7933E-04 1.7697E-04 1.7401E-04 1.8080E-04 1.9058E-04 1.9069E-04 1.9091E-04 2.0648E-04 2.2383E-04 2.3839E-04 2.5240E-04 3.1109E-04 3.9234E-04 3.9747E-04 4.6697E-04 5.9637E-04 6.8204E-04 7.6118E-04 7.9942E-04 9.1206E-04 1.0476E-03 1.1718E-03 1.1395E-03 1.0128E-03 9.0654E-04 8.9046E-04 8.6141E-04 8.5350E-04 8.6279E-04 9.1236E-04 9.2517E-04 8.8299E-04 8.3802E-04 8.2936E-04 8.0678E-04 7.2978E-04 6.5292E-04 6.0151E-04 5.8358E-04 5.5668E-04
5.5348E-05 7.1583E-05 8.3412E-05 9.2731E-05 9.9912E-05 1.0722E-04 1.1375E-04 1.1933E-04 1.3018E-04 1.4039E-04 1.4826E-04 1.5524E-04 1.5463E-04 1.4903E-04 1.4680E-04 1.5040E-04 1.5028E-04 1.5248E-04 1.5870E-04 1.6674E-04 1.8177E-04 1.9052E-04 1.8652E-04 1.8666E-04 1.9648E-04 2.1182E-04 2.2368E-04 2.6559E-04 3.4817E-04 3.7727E-04 3.8429E-04 4.9263E-04 5.8470E-04 6.3808E-04 6.7867E-04 7.5611E-04 8.5839E-04 9.4825E-04 9.9631E-04 9.6205E-04 8.5341E-04 7.9061E-04 7.8025E-04 7.6947E-04 7.7461E-04 7.7047E-04 7.9997E-04 8.6109E-04 8.0670E-04 7.6247E-04 7.5383E-04 7.5645E-04 7.2698E-04 6.5914E-04 5.9837E-04 5.5264E-04 5.1833E-04
5.5818E-05 7.1715E-05 8.3309E-05 9.4800E-05 1.0284E-04 1.1130E-04 1.1952E-04 1.2538E-04 1.3339E-04 1.3891E-04 1.3916E-04 1.4076E-04 1.3512E-04 1.2639E-04 1.2661E-04 1.3157E-04 1.3799E-04 1.4501E-04 1.5174E-04 1.6046E-04 1.6792E-04 1.7373E-04 1.7947E-04 1.8149E-04 1.8337E-04 2.0243E-04 2.4461E-04 3.0232E-04 3.2690E-04 3.4482E-04 4.1118E-04 4.8878E-04 5.4282E-04 5.9577E-04 6.3342E-04 7.1469E-04 7.9644E-04 8.6574E-04 8.8833E-04 8.3704E-04 7.5721E-04 7.0107E-04 7.0137E-04 6.9848E-04 7.0336E-04 6.9078E-04 7.0721E-04 7.7211E-04 7.3764E-04 6.9655E-04 6.8248E-04 6.8846E-04 6.7534E-04 6.4565E-04 5.9695E-04 5.3578E-04 4.9731E-04
5.7853E-05 7.4625E-05 8.5037E-05 9.5544E-05 1.0702E-04 1.1750E-04 1.2632E-04 1.2573E-04 1.2037E-04 1.1719E-04 1.1602E-04 1.1847E-04 1.1719E-04 1.1496E-04 1.1868E-04 1.2505E-04 1.3372E-04 1.4036E-04 1.4541E-04 1.5060E-04 1.5690E-04 1.6521E-04 1.7444E-04 1.7598E-04 1.8499E-04 2.2142E-04 2.7975E-04 3.0563E-04 3.1036E-04 3.5246E-04 4.3201E-04 4.7423E-04 5.1244E-04 5.4760E-04 5.9464E-04 6.6263E-04 7.3580E-04 8.0613E-04 8.2080E-04 7.6301E-04 6.8919E-04 6.3256E-04 6.3787E-04 6.5334E-04 6.4858E-04 6.4051E-04 6.3177E-04 6.6571E-04 6.8040E-04 6.3875E-04 6.1864E-04 6.1307E-04 6.0225E-04 5.9942E-04 5.7335E-04 5.2340E-04 4.8500E-04
5.9570E-05 7.8124E-05 9.0897E-05 1.0109E-04 1.0849E-04 1.1395E-04 1.1759E-04 1.1147E-04 1.0009E-04 9.8769E-05 1.0575E-04 1.1280E-04 1.1229E-04 1.1296E-04 1.1848E-04 1.2528E-04 1.3155E-04 1.3557E-04 1.3949E-04 1.4720E-04 1.5498E-04 1.6189E-04 1.6839E-04 1.7939E-04 2.0626E-04 2.4761E-04 2.8173E-04 2.8602E-04 3.2227E-04 3.9178E-04 4.3184E-04 4.5858E-04 4.8135E-04 4.9429E-04 5.5738E-04 6.2111E-04 6.7963E-04 7.2976E-04 7.2260E-04 6.7710E-04 6.2968E-04 5.7677E-04 5.8656E-04 6.0065E-04 6.0186E-04 5.9582E-04 5.6573E-04 5.8349E-04 6.1774E-04 5.8745E-04 5.7054E-04 5.5934E-04 5.4521E-04 5.4419E-04 5.2937E-04 5.0262E-04 4.6854E-04
6.2313E-05 8.1073E-05 9.2502E-05 9.7619E-05 9.8377E-05 9.7259E-05 9.5003E-05 9.2970E-05 9.3820E-05 1.0027E-04 1.0823E-04 1.1241E-04 1.1055E-04 1.1179E-04 1.1822E-04 1.2245E-04 1.2710E-04 1.3251E-04 1.3900E-04 1.4784E-04 1.5322E-04 1.6109E-04 1.7567E-04 1.9735E-04 2.2910E-04 2.5351E-04 2.6470E-04 2.8718E-04 3.4568E-04 3.8903E-04 4.1189E-04 4.3915E-04 4.4969E-04 4.7302E-04 5.3609E-04 5.7276E-04 6.2344E-04 6.6072E-04 6.4698E-04 6.1283E-04 5.8239E-04 5.5739E-04 5.5226E-04 5.5513E-04 5.6422E-04 5.5624E-04 5.2568E-04 5.2650E-04 5.5522E-04 5.5246E-04 5.3016E-04 5.0851E-04 4.9631E-04 4.9394E-04 4.9171E-04 4.7573E-04 4.5195E-04
6.2278E-05 7.7786E-05 8.3512E-05 8.3527E-05 8.2334E-05 8.3053E-05 8.4532E-05 8.8117E-05 9.4924E-05 1.0239E-04 1.0584E-04 1.0821E-04 1.0860E-04 1.1303E-04 1.1684E-04 1.2158E-04 1.2605E-04 1.3377E-04 1.3959E-04 1.4629E-04 1.5684E-04 1.6768E-04 1.8872E-04 2.1839E-04 2.3365E-04 2.4026E-04 2.6059E-04 3.1643E-04 3.5966E-04 3.6926E-04 3.9210E-04 4.1720E-04 4.1736E-04 4.4581E-04 4.9168E-04 5.3085E-04 5.6898E-04 5.8947E-04 5.7777E-04 5.5033E-04 5.2732E-04 5.1959E-04 5.1162E-04 5.1743E-04 5.2069E-04 5.1941E-04 4.9478E-04 4.7718E-04 5.0188E-04 5.1307E-04 4.8388E-04 4.6748E-04 4.6810E-04 4.5783E-04 4.5540E-04 4.4679E-04 4.3117E-04
5.3605E-05 6.5981E-05 7.0461E-05 7.2024E-05 7.5093E-05 8.1944E-05 8.7721E-05 9.0505E-05 9.2951E-05 9.7317E-05 1.0048E-04 1.0308E-04 1.0697E-04 1.1340E-04 1.1692E-04 1.2181E-04 1.2721E-04 1.3545E-04 1.4219E-04 1.5052E-04 1.6430E-04 1.8102E-04 2.0676E-04 2.2153E-04 2.2157E-04 2.4203E-04 2.8474E-04 3.3077E-04 3.4741E-04 3.4796E-04 3.6427E-04 3.8900E-04 3.9777E-04 4.2211E-04 4.5901E-04 5.0712E-04 5.3801E-04 5.3621E-04 5.1678E-04 4.9900E-04 4.8011E-04 4.6751E-04 4.6632E-04 4.7319E-04 4.7915E-04 4.8006E-04 4.5704E-04 4.3758E-04 4.5445E-04 4.7385E-04 4.5331E-04 4.4115E-04 4.3617E-04 4.2866E-04 4.1855E-04 4.1190E-04 4.0418E-04
4.5248E-05 5.7409E-05 6.4181E-05 7.0006E-05 7.6897E-05 8.3926E-05 8.7895E-05 8.7782E-05 8.8411E-05 9.2441E-05 9.8802E-05 1.0432E-04 1.0931E-04 1.1437E-04 1.1691E-04 1.2057E-04 1.2638E-04 1.3584E-04 1.4481E-04 1.5601E-04 1.7569E-04 1.9855E-04 2.1228E-04 2.1343E-04 2.1736E-04 2.5628E-04 3.0837E-04 3.2634E-04 3.2845E-04 3.3773E-04 3.4747E-04 3.6084E-04 3.8264E-04 4.1165E-04 4.4485E-04 4.9091E-04 5.1500E-04 5.0250E-04 4.7501E-04 4.5515E-04 4.4750E-04 4.3592E-04 4.2563E-04 4.2982E-04 4.4668E-04 4.4410E-04 4.1827E-04 4.0826E-04 4.1872E-04 4.4273E-04 4.3835E-04 4.1495E-04 3.9948E-04 3.9738E-04 3.8712E-04 3.8058E-04 3.7709E-04
4.3188E-05 5.7162E-05 6.4695E-05 7.1464E-05 7.7641E-05 8.0427E-05 8.2773E-05 8.4792E-05 8.8002E-05 9.2712E-05 1.0032E-04 1.0698E-04 1.1020E-04 1.1255E-04 1.1599E-04 1.2146E-04 1.2848E-04 1.3816E-04 1.4739E-04 1.6451E-04 1.8728E-04 2.0278E-04 2.0364E-04 2.0848E-04 2.2903E-04 2.7383E-04 3.1556E-04 3.2043E-04 3.2190E-04 3.3766E-04 3.3473E-04 3.4120E-04 3.6964E-04 3.9669E-04 4.3397E-04 4.8034E-04 4.9819E-04 4.7964E-04 4.5058E-04 4.3490E-04 4.2471E-04 4.0688E-04 3.9311E-04 4.0493E-04 4.2105E-04 4.1793E-04 3.9013E-04 3.8342E-04 3.9194E-04 4.0906E-04 4.0933E-04 3.8818E-04 3.7343E-04 3.6466E-04 3.5714E-04 3.5161E-04 3.4577E-04
4.4156E-05 5.7822E-05 6.5363E-05 7.1149E-05 7.4568E-05 7.5385E-05 7.9403E-05 8.4918E-05 8.9734E-05 9.6635E-05 1.0396E-04 1.0668E-04 1.0839E-04 1.1113E-04 1.1738E-04 1.2468E-04 1.3162E-04 1.4086E-04 1.5665E-04 1.7809E-04 1.9132E-04 1.9481E-04 1.9971E-04 2.1971E-04 2.5706E-04 2.9580E-04 3.1284E-04 3.1228E-04 3.1759E-04 3.2378E-04 3.2141E-04 3.3217E-04 3.6025E-04 3.8995E-04 4.2572E-04 4.6184E-04 4.7563E-04 4.5633E-04 4.2575E-04 4.1136E-04 4.0443E-04 3.8925E-04 3.7910E-04 3.8916E-04 4.0344E-04 3.9390E-04 3.7070E-04 3.6387E-04 3.6568E-04 3.7139E-04 3.7612E-04 3.6395E-04 3.4713E-04 3.3007E-04 3.2538E-04 3.2356E-04 3.2215E-04
4.4342E-05 5.6566E-05 6.3817E-05 6.9500E-05 7.2908E-05 7.5130E-05 8.0517E-05 8.6722E-05 9.2367E-05 9.8399E-05 1.0361E-04 1.0560E-04 1.0755E-04 1.1246E-04 1.2009E-04 1.3017E-04 1.3871E-04 1.5217E-04 1.7281E-04 1.8628E-04 1.8667E-04 1.8920E-04 2.0486E-04 2.3422E-04 2.6907E-04 2.9335E-04 2.9680E-04 2.9575E-04 3.0317E-04 2.9955E-04 3.0313E-04 3.1809E-04 3.4230E-04 3.7516E-04 4.1188E-04 4.3693E-04 4.3896E-04 4.1810E-04 3.9633E-04 3.8346E-04 3.7823E-04 3.6518E-04 3.5815E-04 3.5971E-04 3.6879E-04 3.6927E-04 3.5355E-04 3.4668E-04 3.4248E-04 3.3820E-04 3.4751E-04 3.3968E-04 3.2669E-04 3.0764E-04 3.0087E-04 2.9892E-04 3.0198E-04
4.2342E-05 5.3684E-05 6.1628E-05 6.8738E-05 7.3531E-05 7.7899E-05 8.4232E-05 8.9440E-05 9.4555E-05 9.9162E-05 1.0326E-04 1.0669E-04 1.0925E-04 1.1463E-04 1.2253E-04 1.3429E-04 1.4951E-04 1.6739E-04 1.7965E-04 1.8196E-04 1.8193E-04 1.9345E-04 2.1628E-04 2.4320E-04 2.6548E-04 2.7310E-04 2.7144E-04 2.7387E-04 2.7881E-04 2.8003E-04 2.8727E-04 3.0456E-04 3.2785E-04 3.5658E-04 3.8848E-04 4.0791E-04 4.0206E-04 3.8128E-04 3.6689E-04 3.5890E-04 3.5096E-04 3.3864E-04 3.2806E-04 3.2849E-04 3.3576E-04 3.3912E-04 3.3099E-04 3.3095E-04 3.2636E-04 3.1981E-04 3.2500E-04 3.1940E-04 3.1000E-04 2.9484E-04 2.8026E-04 2.7683E-04 2.8050E-04
4.0729E-05 5.2639E-05 6.1714E-05 6.9133E-05 7.4514E-05 8.0262E-05 8.6346E-05 9.1062E-05 9.6060E-05 1.0024E-04 1.0330E-04 1.0617E-04 1.1142E-04 1.1825E-04 1.2698E-04 1.4002E-04 1.5583E-04 1.6832E-04 1.7434E-04 1.7562E-04 1.8193E-04 2.0404E-04 2.3045E-04 2.5009E-04 2.5769E-04 2.5942E-04 2.6134E-04 2.6666E-04 2.7030E-04 2.7439E-04 2.8422E-04 3.0144E-04 3.2315E-04 3.4724E-04 3.7155E-04 3.8281E-04 3.7416E-04 3.5485E-04 3.4277E-04 3.4014E-04 3.3347E-04 3.2108E-04 3.1266E-04 3.0992E-04 3.1514E-04 3.1853E-04 3.1396E-04 3.1650E-04 3.1144E-04 3.0515E-04 3.0556E-04 2.9672E-04 2.8835E-04 2.7660E-04 2.6384E-04 2.5751E-04 2.6208E-04
4.1445E-05 5.3812E-05 6.2986E-05 6.9545E-05 7.5804E-05 8.2118E-05 8.8344E-05 9.2717E-05 9.7188E-05 1.0119E-04 1.0463E-04 1.0897E-04 1.1552E-04 1.2374E-04 1.3543E-04 1.4863E-04 1.5913E-04 1.6380E-04 1.6679E-04 1.7443E-04 1.8952E-04 2.1356E-04 2.3616E-04 2.4790E-04 2.5046E-04 2.5529E-04 2.6102E-04 2.6741E-04 2.7034E-04 2.7281E-04 2.8312E-04 2.9950E-04 3.1808E-04 3.3716E-04 3.5482E-04 3.6145E-04 3.5099E-04 3.3478E-04 3.2661E-04 3.2606E-04 3.2067E-04 3.0822E-04 3.0072E-04 2.9656E-04 3.0052E-04 3.0545E-04 3.0501E-04 3.0017E-04 2.9537E-04 2.9142E-04 2.8910E-04 2.8259E-04 2.7270E-04 2.6415E-04 2.5558E-04 2.4693E-04 2.4747E-04
4.2557E-05 5.4302E-05 6.3731E-05 7.1044E-05 7.8357E-05 8.3503E-05 8.7885E-05 9.2486E-05 9.6869E-05 1.0188E-04 1.0609E-04 1.1211E-04 1.2128E-04 1.3318E-04 1.4575E-04 1.5520E-04 1.6097E-04 1.6203E-04 1.6587E-04 1.7965E-04 2.0085E-04 2.2374E-04 2.3755E-04 2.4221E-04 2.4466E-04 2.5150E-04 2.6014E-04 2.6664E-04 2.6942E-04 2.7045E-04 2.7965E-04 2.9262E-04 3.0702E-04 3.2532E-04 3.4060E-04 3.4300E-04 3.3036E-04 3.1834E-04 3.1279E-04 3.1110E-04 3.0625E-04 2.9607E-04 2.8858E-04 2.8441E-04 2.8791E-04 2.9132E-04 2.9083E-04 2.8378E-04 2.7644E-04 2.7205E-04 2.7054E-04 2.6820E-04 2.6263E-04 2.5508E-04 2.4553E-04 2.3628E-04 2.3233E-04
4.2614E-05 5.3899E-05 6.3745E-05 7.2196E-05 7.9235E-05 8.3096E-05 8.6797E-05 9.1225E-05 9.5638E-05 1.0167E-04 1.0791E-04 1.1569E-04 1.2828E-04 1.4299E-04 1.5209E-04 1.5576E-04 1.5883E-04 1.6168E-04 1.6961E-04 1.8648E-04 2.0850E-04 2.2835E-04 2.3686E-04 2.3795E-04 2.3953E-04 2.4746E-04 2.5731E-04 2.6292E-04 2.6440E-04 2.6543E-04 2.7340E-04 2.8350E-04 2.9471E-04 3.1201E-04 3.2677E-04 3.2625E-04 3.1287E-04 3.0218E-04 2.9906E-04 2.9838E-04 2.9193E-04 2.8302E-04 2.7672E-04 2.7414E-04 2.7668E-04 2.7777E-04 2.7605E-04 2.6959E-04 2.6096E-04 2.5679E-04 2.5272E-04 2.5098E-04 2.4849E-04 2.4034E-04 2.3061E-04 2.2254E-04 2.1719E-04
4.2218E-05 5.3700E-05 6.2613E-05 7.0256E-05 7.6812E-05 8.1854E-05 8.6385E-05 9.0782E-05 9.5655E-05 1.0163E-04 1.0951E-04 1.2048E-04 1.3311E-04 1.4377E-04 1.4847E-04 1.5150E-04 1.5363E-04 1.5972E-04 1.7394E-04 1.9348E-04 2.1228E-04 2.2532E-04 2.3127E-04 2.3396E-04 2.3669E-04 2.4390E-04 2.5149E-04 2.5456E-04 2.5589E-04 2.5829E-04 2.6551E-04 2.7409E-04 2.8403E-04 2.9934E-04 3.1121E-04 3.0971E-04 2.9701E-04 2.8779E-04 2.8663E-04 2.8817E-04 2.8218E-04 2.7319E-04 2.6634E-04 2.6434E-04 2.6607E-04 2.6578E-04 2.6583E-04 2.5956E-04 2.4982E-04 2.4552E-04 2.3881E-04 2.3585E-04 2.3429E-04 2.2768E-04 2.2196E-04 2.1649E-04 2.0729E-04
4.2728E-05 5.4408E-05 6.2894E-05 7.0057E-05 7.6171E-05 8.1018E-05 8.6453E-05 9.1845E-05 9.7127E-05 1.0388E-04 1.1357E-04 1.2513E-04 1.3368E-04 1.3945E-04 1.4358E-04 1.4720E-04 1.5199E-04 1.6210E-04 1.7963E-04 1.9811E-04 2.1105E-04 2.1828E-04 2.2456E-04 2.2866E-04 2.3383E-04 2.4053E-04 2.4453E-04 2.4424E-04 2.4423E-04 2.4857E-04 2.5601E-04 2.6421E-04 2.7383E-04 2.8503E-04 2.9256E-04 2.9069E-04 2.8181E-04 2.7675E-04 2.7617E-04 2.7698E-04 2.7421E-04 2.6682E-04 2.5930E-04 2.5579E-04 2.5564E-04 2.5436E-04 2.5498E-04 2.4940E-04 2.3794E-04 2.3288E-04 2.2611E-04 2.2243E-04 2.1939E-04 2.1396E-04 2.1330E-04 2.0842E-04 2.0242E-04
4.4262E-05 5.5672E-05 6.3759E-05 7.0075E-05 7.5584E-05 8.0879E-05 8.6986E-05 9.2830E-05 9.9668E-05 1.1009E-04 1.2000E-04 1.2855E-04 1.3374E-04 1.3642E-04 1.4196E-04 1.4864E-04 1.5568E-04 1.6851E-04 1.8506E-04 1.9784E-04 2.0588E-04 2.1235E-04 2.1949E-04 2.2310E-04 2.2917E-04 2.3652E-04 2.3955E-04 2.3636E-04 2.3409E-04 2.3840E-04 2.4574E-04 2.5285E-04 2.6233E-04 2.6977E-04 2.7521E-04 2.7417E-04 2.6736E-04 2.6420E-04 2.6413E-04 2.6563E-04 2.6394E-04 2.5769E-04 2.5141E-04 2.4619E-04 2.4367E-04 2.4402E-04 2.4589E-04 2.4183E-04 2.3055E-04 2.2286E-04 2.1525E-04 2.1135E-04 2.1115E-04 2.0443E-04 2.0406E-04 2.0228E-04 1.9995E-04
