20231023_webinar_progetto_murano/data_input/grd_f3_sc_2/Maximum_24h.grd
DSAA
          81           81
 760250.0000  764250.0000
5036750.0000 5040750.0000
  0.9882E-03   0.9455E+00
[rows 25 to 49 of 81, columns 0 to 56 of 81]
2.9530E-03 3.5756E-03 4.1475E-03 4.6592E-03 5.1040E-03 5.4538E-03 7.7496E-03 9.6997E-03 1.0781E-02 1.0625E-02 9.4267E-03 8.3165E-03 7.0671E-03 6.8879E-03 7.6378E-03 7.9190E-03 7.9817E-03 9.8959E-03 1.1719E-02 1.3136E-02 1.3878E-02 1.3762E-02 1.2667E-02 1.0866E-02 9.0629E-03 1.4289E-02 1.7865E-02 1.0449E-02 1.2760E-02 1.4213E-02 1.6443E-02 2.0000E-02 1.9257E-02 1.8732E-02 2.2005E-02 2.5702E-02 2.6750E-02 2.2593E-02 2.7608E-02 2.6461E-02 3.3652E-02 4.3220E-02 6.1837E-02 5.5425E-02 4.6328E-02 4.4572E-02 3.8373E-02 3.2257E-02 2.7606E-02 2.4243E-02 2.1706E-02 1.9399E-02 1.6817E-02 1.4113E-02 1.3143E-02 1.2505E-02 1.1905E-02
3.1479E-03 3.8165E-03 4.4229E-03 4.9649E-03 5.4458E-03 5.8418E-03 6.1499E-03 6.3872E-03 8.3021E-03 1.0459E-02 1.1982E-02 1.2505E-02 1.1319E-02 9.1675E-03 7.5266E-03 8.2196E-03 8.4915E-03 8.5886E-03 1.0717E-02 1.2673E-02 1.4166E-02 1.4971E-02 1.4762E-02 1.3552E-02 1.1499E-02 1.0431E-02 1.6090E-02 1.7572E-02 1.3606E-02 1.3291E-02 1.4646E-02 2.0977E-02 2.3197E-02 2.0258E-02 2.1422E-02 2.6075E-02 2.8559E-02 2.5084E-02 2.7762E-02 2.7352E-02 3.4205E-02 4.8583E-02 6.6915E-02 5.5981E-02 4.9645E-02 4.6670E-02 3.9561E-02 3.2865E-02 2.8024E-02 2.4679E-02 2.2162E-02 1.9620E-02 1.6667E-02 1.4639E-02 1.3775E-02 1.2999E-02 1.2218E-02
3.2707E-03 3.9856E-03 4.6305E-03 5.2037E-03 5.7130E-03 6.1469E-03 6.4959E-03 6.7739E-03 7.0244E-03 7.2517E-03 9.7136E-03 1.3017E-02 1.4523E-02 1.3630E-02 1.1273E-02 9.1764E-03 8.4789E-03 8.8643E-03 9.0109E-03 1.1141E-02 1.3248E-02 1.4917E-02 1.6448E-02 1.5386E-02 1.3905E-02 1.1889E-02 1.3096E-02 1.7820E-02 1.7271E-02 1.6320E-02 1.4808E-02 1.9843E-02 2.6093E-02 2.4775E-02 2.2007E-02 2.6559E-02 3.0983E-02 2.8806E-02 2.9465E-02 3.0561E-02 3.4793E-02 5.4596E-02 7.1605E-02 5.5600E-02 5.2932E-02 4.8325E-02 4.0484E-02 3.3555E-02 2.8611E-02 2.5048E-02 2.2274E-02 1.9340E-02 1.6513E-02 1.5422E-02 1.4395E-02 1.3410E-02 1.2378E-02
3.2567E-03 4.0066E-03 4.6917E-03 5.3039E-03 5.8505E-03 6.3294E-03 6.7255E-03 7.0492E-03 7.3552E-03 7.6546E-03 7.9501E-03 8.2389E-03 1.2104E-02 1.4620E-02 1.4603E-02 1.3621E-02 1.1529E-02 9.3193E-03 9.4696E-03 1.0146E-02 1.1180E-02 1.3440E-02 1.5063E-02 1.7430E-02 1.5329E-02 1.3721E-02 1.4547E-02 1.6879E-02 1.9091E-02 1.9203E-02 1.7875E-02 1.5508E-02 2.5227E-02 2.7616E-02 2.7199E-02 2.7054E-02 3.3320E-02 3.3575E-02 3.1567E-02 3.4179E-02 3.9494E-02 6.0247E-02 7.6040E-02 5.5435E-02 5.7841E-02 5.0219E-02 4.1136E-02 3.4124E-02 2.9345E-02 2.6195E-02 2.2527E-02 1.8935E-02 1.7439E-02 1.6145E-02 1.4897E-02 1.3951E-02 1.2377E-02
3.0817E-03 3.8357E-03 4.5393E-03 5.1855E-03 5.7817E-03 6.3240E-03 6.7885E-03 7.1768E-03 7.5514E-03 7.9298E-03 8.3082E-03 8.6761E-03 9.0186E-03 9.3264E-03 1.2155E-02 1.5113E-02 1.5604E-02 1.3684E-02 1.0431E-02 1.0559E-02 1.1057E-02 1.1021E-02 1.3044E-02 1.4796E-02 1.7633E-02 1.5356E-02 1.5700E-02 1.8371E-02 2.0692E-02 2.1786E-02 2.0799E-02 1.7739E-02 1.9354E-02 2.8290E-02 2.9627E-02 2.7199E-02 3.3838E-02 3.7391E-02 3.1942E-02 3.9238E-02 4.0405E-02 6.7291E-02 8.1178E-02 6.2711E-02 6.3305E-02 5.1654E-02 4.1065E-02 3.4416E-02 3.2139E-02 2.6381E-02 2.2550E-02 2.0195E-02 1.8337E-02 1.6746E-02 1.5819E-02 1.4011E-02 1.2397E-02
2.9641E-03 3.7305E-03 4.4325E-03 5.0385E-03 5.5529E-03 6.0432E-03 6.5894E-03 7.0611E-03 7.5179E-03 7.9808E-03 8.4465E-03 8.9044E-03 9.3441E-03 9.7507E-03 1.0105E-02 1.0415E-02 1.3452E-02 1.6355E-02 1.5782E-02 1.2966E-02 1.2053E-02 1.2297E-02 1.2484E-02 1.2522E-02 1.4719E-02 1.6083E-02 1.6559E-02 1.9500E-02 2.2308E-02 2.4020E-02 2.3558E-02 2.0565E-02 1.6142E-02 2.7594E-02 3.3820E-02 3.3602E-02 3.3943E-02 4.0001E-02 3.4418E-02 4.3784E-02 4.7759E-02 7.5580E-02 8.7912E-02 7.0539E-02 6.5700E-02 5.3888E-02 4.4965E-02 3.9726E-02 3.4571E-02 2.7629E-02 2.4443E-02 2.1578E-02 1.9225E-02 1.8047E-02 1.6052E-02 1.3966E-02 1.3399E-02
2.9975E-03 3.7668E-03 4.4646E-03 5.0521E-03 5.5464E-03 5.9830E-03 6.3698E-03 6.7478E-03 7.1534E-03 7.7072E-03 8.2603E-03 8.8082E-03 9.3544E-03 9.8862E-03 1.0370E-02 1.0832E-02 1.1327E-02 1.1896E-02 1.5904E-02 1.8890E-02 1.6982E-02 1.3702E-02 1.4037E-02 1.4368E-02 1.4661E-02 1.5058E-02 1.7252E-02 2.0422E-02 2.3749E-02 2.6234E-02 2.6412E-02 2.4934E-02 1.9707E-02 2.1964E-02 3.7314E-02 3.7976E-02 3.6973E-02 4.1571E-02 3.8922E-02 5.1867E-02 5.6760E-02 8.6963E-02 9.7871E-02 7.8611E-02 7.2055E-02 6.2808E-02 4.9297E-02 4.1835E-02 3.4599E-02 3.0925E-02 2.6850E-02 2.3232E-02 2.0468E-02 1.8388E-02 1.6049E-02 1.5065E-02 1.3703E-02
3.0000E-03 3.7689E-03 4.4622E-03 5.0255E-03 5.4937E-03 5.9128E-03 6.3110E-03 6.7055E-03 7.0878E-03 7.4635E-03 7.8419E-03 8.2908E-03 8.9547E-03 9.6288E-03 1.0282E-02 1.0949E-02 1.1675E-02 1.2451E-02 1.3240E-02 1.4042E-02 1.7995E-02 2.1059E-02 1.8915E-02 1.6007E-02 1.6420E-02 1.6542E-02 1.8015E-02 2.1431E-02 2.5305E-02 2.8616E-02 2.9561E-02 2.6870E-02 2.3378E-02 2.1240E-02 3.2251E-02 3.8741E-02 4.7325E-02 4.1563E-02 4.4788E-02 6.1592E-02 6.9756E-02 1.0152E-01 1.0630E-01 9.4316E-02 8.9333E-02 7.2439E-02 5.2490E-02 4.3513E-02 4.0021E-02 3.4983E-02 2.9637E-02 2.4998E-02 2.1148E-02 1.8464E-02 1.7111E-02 1.5225E-02 1.3787E-02
2.9934E-03 3.7592E-03 4.4445E-03 4.9916E-03 5.4446E-03 5.8476E-03 6.2484E-03 6.6474E-03 7.0337E-03 7.3896E-03 7.7350E-03 8.0101E-03 8.2563E-03 8.8792E-03 9.7030E-03 1.0586E-02 1.1554E-02 1.2587E-02 1.3633E-02 1.4624E-02 1.5525E-02 1.6680E-02 2.2329E-02 2.2747E-02 1.9526E-02 1.8693E-02 1.8995E-02 2.2628E-02 2.6924E-02 3.0983E-02 3.2975E-02 3.1078E-02 2.5203E-02 2.4817E-02 2.2374E-02 3.8637E-02 5.5178E-02 4.4255E-02 4.9754E-02 7.0457E-02 8.3363E-02 1.1839E-01 1.1592E-01 1.2154E-01 1.1026E-01 8.0862E-02 5.4744E-02 5.1620E-02 4.6485E-02 3.9591E-02 3.2521E-02 2.6417E-02 2.0995E-02 1.9271E-02 1.6975E-02 1.5198E-02 1.6043E-02
3.0187E-03 3.7805E-03 4.4510E-03 4.9875E-03 5.4298E-03 5.8120E-03 6.1993E-03 6.5885E-03 6.9727E-03 7.3109E-03 7.6100E-03 7.8343E-03 8.0461E-03 8.2555E-03 8.4996E-03 9.5424E-03 1.0704E-02 1.1962E-02 1.3262E-02 1.4557E-02 1.5831E-02 1.7025E-02 1.9234E-02 2.0338E-02 2.6939E-02 2.2689E-02 2.1123E-02 2.3778E-02 2.8270E-02 3.3096E-02 3.6611E-02 3.6110E-02 3.0393E-02 2.6814E-02 2.5232E-02 2.8946E-02 5.4762E-02 5.1293E-02 5.2782E-02 8.1961E-02 1.0094E-01 1.3442E-01 1.4630E-01 1.5214E-01 1.2860E-01 8.4324E-02 6.3118E-02 6.0351E-02 5.3077E-02 4.3839E-02 3.4514E-02 2.6434E-02 2.1621E-02 1.8787E-02 1.7644E-02 1.7841E-02 1.8305E-02
3.0914E-03 3.8637E-03 4.5392E-03 5.0769E-03 5.5083E-03 5.8676E-03 6.2284E-03 6.5899E-03 6.9468E-03 7.2505E-03 7.4886E-03 7.6570E-03 7.8416E-03 8.0560E-03 8.4411E-03 9.0150E-03 9.4398E-03 1.0427E-02 1.1883E-02 1.3408E-02 1.5020E-02 1.6680E-02 1.8283E-02 1.9831E-02 2.1389E-02 2.2777E-02 2.7366E-02 2.4147E-02 2.8384E-02 3.3715E-02 3.9688E-02 4.0423E-02 3.6535E-02 3.1405E-02 3.2146E-02 2.7982E-02 5.0954E-02 6.4977E-02 6.0027E-02 9.2789E-02 1.2578E-01 1.5623E-01 1.8380E-01 1.8595E-01 1.3840E-01 8.2616E-02 7.4876E-02 6.8650E-02 5.8862E-02 4.6813E-02 3.4475E-02 2.5896E-02 2.0830E-02 2.0552E-02 2.0806E-02 2.0641E-02 2.0124E-02
3.2206E-03 4.0237E-03 4.7272E-03 5.2765E-03 5.6938E-03 6.0228E-03 6.3484E-03 6.6640E-03 6.9638E-03 7.2073E-03 7.3775E-03 7.5097E-03 7.6924E-03 8.1393E-03 8.9942E-03 9.6763E-03 1.0188E-02 1.0573E-02 1.0914E-02 1.1286E-02 1.2785E-02 1.4735E-02 1.6807E-02 1.9069E-02 2.1670E-02 2.4468E-02 2.6614E-02 2.7160E-02 2.7695E-02 3.1513E-02 3.7193E-02 4.1558E-02 4.2268E-02 3.7500E-02 4.1486E-02 3.6037E-02 3.3224E-02 6.7222E-02 6.7613E-02 8.4490E-02 1.3906E-01 1.9318E-01 2.2053E-01 2.0888E-01 1.2993E-01 9.6105E-02 8.9171E-02 7.7103E-02 6.3398E-02 4.6345E-02 3.1801E-02 2.4800E-02 2.2723E-02 2.4278E-02 2.3962E-02 2.2836E-02 2.1103E-02
3.4307E-03 4.2871E-03 5.0387E-03 5.6219E-03 6.0527E-03 6.3741E-03 6.6638E-03 6.9189E-03 7.1337E-03 7.2891E-03 7.3898E-03 7.4941E-03 7.6662E-03 8.5448E-03 9.5245E-03 1.0323E-02 1.0930E-02 1.1382E-02 1.1758E-02 1.2142E-02 1.2621E-02 1.3288E-02 1.4190E-02 1.5909E-02 1.9433E-02 2.3890E-02 2.7930E-02 2.9711E-02 3.1500E-02 3.5215E-02 3.7728E-02 4.0008E-02 4.4760E-02 4.7263E-02 4.1254E-02 4.1633E-02 4.0628E-02 5.0078E-02 7.1761E-02 8.0483E-02 1.5309E-01 2.3075E-01 2.5164E-01 2.1178E-01 1.2152E-01 1.1642E-01 1.0499E-01 8.6610E-02 6.4132E-02 3.9607E-02 3.3826E-02 2.7990E-02 2.8508E-02 2.7534E-02 2.5319E-02 2.3164E-02 2.0722E-02
3.7510E-03 4.6866E-03 5.5035E-03 6.1449E-03 6.6223E-03 6.9654E-03 7.2355E-03 7.4381E-03 7.5895E-03 7.6910E-03 7.7686E-03 7.8587E-03 7.9840E-03 8.8830E-03 9.9850E-03 1.0903E-02 1.1618E-02 1.2154E-02 1.2584E-02 1.2997E-02 1.3473E-02 1.4104E-02 1.4901E-02 1.5871E-02 1.6946E-02 1.8998E-02 2.4470E-02 2.8714E-02 3.3869E-02 4.0097E-02 4.3416E-02 4.4878E-02 4.9589E-02 5.3807E-02 5.5738E-02 5.6681E-02 5.7881E-02 4.5335E-02 9.2100E-02 1.0068E-01 1.8619E-01 2.8139E-01 2.9934E-01 1.9579E-01 1.3720E-01 1.4082E-01 1.2387E-01 8.7216E-02 5.1853E-02 4.5802E-02 3.6508E-02 3.3705E-02 3.2043E-02 2.8232E-02 2.7546E-02 2.7497E-02 2.7193E-02
4.1861E-03 5.2374E-03 6.1555E-03 6.8879E-03 7.4376E-03 7.8243E-03 8.0963E-03 8.2701E-03 8.4006E-03 8.5087E-03 8.6259E-03 8.7329E-03 8.8156E-03 9.1413E-03 1.0357E-02 1.1393E-02 1.2225E-02 1.2861E-02 1.3371E-02 1.3835E-02 1.4315E-02 1.4890E-02 1.5543E-02 1.6251E-02 1.6948E-02 1.7539E-02 1.7902E-02 1.9630E-02 2.7433E-02 3.6274E-02 4.2914E-02 4.8174E-02 5.5184E-02 6.5228E-02 7.0520E-02 7.2729E-02 7.7306E-02 7.7140E-02 7.1861E-02 1.4153E-01 2.0853E-01 3.4426E-01 3.4251E-01 1.7247E-01 1.6132E-01 1.6137E-01 1.2001E-01 6.2768E-02 6.2408E-02 5.0755E-02 4.1763E-02 4.4227E-02 4.3987E-02 4.1907E-02 3.9508E-02 3.6741E-02 3.3829E-02
4.6900E-03 5.8957E-03 6.9578E-03 7.8085E-03 8.4408E-03 8.8739E-03 9.1710E-03 9.3672E-03 9.5410E-03 9.7171E-03 9.9171E-03 1.0062E-02 1.0117E-02 1.0088E-02 1.0643E-02 1.1794E-02 1.2746E-02 1.3493E-02 1.4099E-02 1.4627E-02 1.5112E-02 1.5610E-02 1.6094E-02 1.6536E-02 1.6913E-02 1.7221E-02 1.7409E-02 1.7487E-02 1.8329E-02 1.9403E-02 2.9241E-02 4.0034E-02 5.3901E-02 7.2710E-02 8.3298E-02 9.6121E-02 1.0571E-01 1.3523E-01 1.2739E-01 2.4153E-01 2.6942E-01 4.3521E-01 3.6887E-01 2.1785E-01 1.9203E-01 1.2574E-01 7.6044E-02 6.3839E-02 7.3577E-02 7.7162E-02 7.6159E-02 7.0622E-02 6.2174E-02 5.5625E-02 4.9557E-02 4.2964E-02 3.6951E-02
5.2102E-03 6.5838E-03 7.8022E-03 8.7728E-03 9.4867E-03 9.9640E-03 1.0294E-02 1.0538E-02 1.0783E-02 1.1055E-02 1.1355E-02 1.1566E-02 1.1636E-02 1.1598E-02 1.1529E-02 1.2123E-02 1.3188E-02 1.4044E-02 1.4749E-02 1.5348E-02 1.5847E-02 1.6267E-02 1.6589E-02 1.6812E-02 1.6992E-02 1.7188E-02 1.7252E-02 1.7619E-02 1.9857E-02 2.1442E-02 2.2507E-02 2.5630E-02 2.9566E-02 4.7645E-02 6.7195E-02 9.2066E-02 1.1987E-01 1.4259E-01 2.2293E-01 3.1443E-01 3.7034E-01 5.5776E-01 3.8425E-01 2.7631E-01 1.7398E-01 1.0751E-01 9.8969E-02 1.4480E-01 1.6133E-01 1.3773E-01 1.1310E-01 8.7990E-02 6.9272E-02 5.8001E-02 4.7564E-02 3.8337E-02 3.1178E-02
5.7573E-03 7.2639E-03 8.5860E-03 9.6341E-03 1.0404E-02 1.0917E-02 1.1276E-02 1.1553E-02 1.1840E-02 1.2174E-02 1.2530E-02 1.2788E-02 1.2929E-02 1.3033E-02 1.3222E-02 1.3655E-02 1.4260E-02 1.4826E-02 1.5302E-02 1.5957E-02 1.6477E-02 1.6859E-02 1.7083E-02 1.7176E-02 1.7273E-02 1.7479E-02 1.7516E-02 1.7294E-02 1.8752E-02 1.9201E-02 2.1103E-02 2.4643E-02 2.9206E-02 3.5790E-02 5.0264E-02 6.3698E-02 7.7867E-02 1.3388E-01 2.3354E-01 4.5713E-01 4.1591E-01 7.0595E-01 3.9998E-01 3.4521E-01 1.6208E-01 2.0164E-01 2.3153E-01 2.1051E-01 1.8403E-01 1.3337E-01 9.2743E-02 6.3715E-02 4.6380E-02 3.7008E-02 3.0814E-02 2.8129E-02 2.5082E-02
6.2131E-03 7.8044E-03 9.1682E-03 1.0233E-02 1.1009E-02 1.1547E-02 1.1937E-02 1.2222E-02 1.2490E-02 1.2799E-02 1.3114E-02 1.3369E-02 1.3614E-02 1.3927E-02 1.4356E-02 1.5031E-02 1.5764E-02 1.6248E-02 1.6432E-02 1.6464E-02 1.7010E-02 1.7413E-02 1.7656E-02 1.8424E-02 2.0062E-02 2.1457E-02 2.2081E-02 2.5242E-02 2.4519E-02 2.7006E-02 3.0326E-02 3.8009E-02 3.8505E-02 5.5632E-02 6.9000E-02 1.0011E-01 1.3175E-01 1.9506E-01 2.6705E-01 2.6570E-01 5.3806E-01 9.4552E-01 3.0942E-01 3.9009E-01 3.0197E-01 1.7973E-01 1.4094E-01 1.1551E-01 9.1825E-02 7.7128E-02 6.5424E-02 5.1416E-02 4.0180E-02 3.1903E-02 2.7920E-02 2.3231E-02 2.1377E-02
6.4695E-03 8.1116E-03 9.4825E-03 1.0505E-02 1.1236E-02 1.1774E-02 1.2173E-02 1.2444E-02 1.2661E-02 1.2880E-02 1.3081E-02 1.3279E-02 1.3585E-02 1.4024E-02 1.4513E-02 1.5146E-02 1.5761E-02 1.6096E-02 1.6278E-02 1.6908E-02 1.7476E-02 1.7935E-02 1.8301E-02 1.8603E-02 1.9384E-02 2.1346E-02 2.2310E-02 2.2577E-02 2.2629E-02 2.2309E-02 2.6324E-02 3.6579E-02 3.1833E-02 4.2855E-02 4.6072E-02 5.7407E-02 7.2053E-02 1.3871E-01 3.2284E-01 3.5538E-01 7.6611E-01 8.7861E-01 4.1293E-01 4.5125E-01 3.5032E-01 1.6047E-01 9.4399E-02 7.0570E-02 5.0253E-02 4.0382E-02 3.3177E-02 2.8106E-02 2.6265E-02 2.7959E-02 2.7708E-02 2.6408E-02 2.4934E-02
6.4726E-03 8.0969E-03 9.4292E-03 1.0381E-02 1.1040E-02 1.1543E-02 1.1949E-02 1.2261E-02 1.2483E-02 1.2600E-02 1.2646E-02 1.2747E-02 1.3009E-02 1.3407E-02 1.3818E-02 1.4289E-02 1.4707E-02 1.5671E-02 1.6617E-02 1.7362E-02 1.7959E-02 1.8479E-02 1.9004E-02 1.9593E-02 2.0223E-02 2.0739E-02 2.0631E-02 1.9947E-02 1.9823E-02 2.0816E-02 2.2610E-02 2.5286E-02 2.9958E-02 3.7043E-02 4.5690E-02 6.5824E-02 1.0921E-01 9.7724E-02 2.2909E-01 3.9483E-01 5.2940E-01 5.1362E-01 5.2530E-01 3.3307E-01 1.6717E-01 1.6302E-01 1.3898E-01 1.0149E-01 8.0416E-02 6.0421E-02 4.6938E-02 3.3805E-02 2.9099E-02 2.9924E-02 2.8219E-02 2.7721E-02 3.0381E-02
6.2520E-03 7.7804E-03 9.0311E-03 9.9255E-03 1.0515E-02 1.0948E-02 1.1358E-02 1.1739E-02 1.2000E-02 1.2033E-02 1.1942E-02 1.1954E-02 1.2094E-02 1.2329E-02 1.2596E-02 1.3280E-02 1.4786E-02 1.6042E-02 1.7057E-02 1.7854E-02 1.8496E-02 1.9061E-02 1.9681E-02 2.0467E-02 2.1440E-02 2.2426E-02 2.2708E-02 2.1950E-02 2.1313E-02 2.1543E-02 2.2499E-02 2.4855E-02 3.6861E-02 5.8188E-02 6.5137E-02 4.3769E-02 4.4731E-02 1.3081E-01 1.6692E-01 3.7626E-01 3.9897E-01 3.6505E-01 2.8962E-01 3.0285E-01 2.9939E-01 1.5456E-01 7.9351E-02 9.4720E-02 9.2850E-02 8.1249E-02 6.6083E-02 5.1380E-02 3.9849E-02 3.2140E-02 2.6628E-02 2.2977E-02 2.0236E-02
5.8483E-03 7.2343E-03 8.3569E-03 9.1945E-03 9.7548E-03 1.0152E-02 1.0536E-02 1.0877E-02 1.1103E-02 1.1109E-02 1.0970E-02 1.0933E-02 1.0952E-02 1.0999E-02 1.1666E-02 1.3451E-02 1.5058E-02 1.6409E-02 1.7503E-02 1.8372E-02 1.9080E-02 1.9681E-02 2.0290E-02 2.1036E-02 2.1977E-02 2.2883E-02 2.2948E-02 2.1768E-02 2.1610E-02 2.5536E-02 3.3789E-02 4.7918E-02 4.8977E-02 2.9298E-02 2.9772E-02 3.6435E-02 5.9397E-02 4.9397E-02 1.0828E-01 1.6864E-01 2.1341E-01 2.0598E-01 1.4882E-01 1.8135E-01 2.2300E-01 2.6751E-01 1.6714E-01 8.7952E-02 5.0610E-02 6.0740E-02 6.4171E-02 5.8680E-02 4.9597E-02 4.1496E-02 3.5150E-02 3.0241E-02 2.6308E-02
5.2839E-03 6.5316E-03 7.5189E-03 8.2812E-03 8.8487E-03 9.2652E-03 9.5922E-03 9.8114E-03 9.9111E-03 9.8648E-03 9.7196E-03 9.6435E-03 9.5894E-03 9.7414E-03 1.1689E-02 1.3573E-02 1.5278E-02 1.6711E-02 1.7867E-02 1.8795E-02 1.9565E-02 2.0192E-02 2.0696E-02 2.1125E-02 2.1476E-02 2.1440E-02 2.0317E-02 2.4897E-02 2.9425E-02 3.8005E-02 3.7840E-02 1.6748E-02 1.7236E-02 2.0090E-02 2.9121E-02 3.6506E-02 3.6841E-02 4.2051E-02 9.4319E-02 1.0636E-01 1.1821E-01 1.2598E-01 1.2863E-01 1.3115E-01 1.2451E-01 1.7968E-01 2.0569E-01 1.4752E-01 9.5137E-02 5.4715E-02 3.5646E-02 4.1448E-02 4.1971E-02 3.9796E-02 3.6523E-02 3.3181E-02 2.9922E-02
4.6025E-03 5.7254E-03 6.6325E-03 7.3445E-03 7.8871E-03 8.2867E-03 8.5714E-03 8.7025E-03 8.6712E-03 8.4988E-03 8.2896E-03 8.1303E-03 8.0177E-03 9.5793E-03 1.1602E-02 1.3575E-02 1.5369E-02 1.6872E-02 1.8068E-02 1.9021E-02 1.9807E-02 2.0402E-02 2.0706E-02 2.0599E-02 1.9940E-02 2.1935E-02 3.2405E-02 4.1437E-02 2.8509E-02 1.3595E-02 1.1823E-02 1.4745E-02 1.7536E-02 2.0824E-02 2.6064E-02 3.2238E-02 3.1159E-02 5.9087E-02 5.5095E-02 9.1993E-02 9.0488E-02 9.8922E-02 9.6501E-02 8.5552E-02 1.1204E-01 1.0518E-01 1.3784E-01 1.5787E-01 1.2785E-01 8.2842E-02 5.0930E-02 3.2523E-02 2.5894E-02 2.8658E-02 2.9293E-02 2.8863E-02 2.7777E-02
