20231023_webinar_progetto_murano/data_input/grd_f3_sc_2/Maximum_24h.grd
DSAA
          81           81
 760250.0000  764250.0000
5036750.0000 5040750.0000
  0.9882E-03   0.9455E+00
[rows 50 to 74 of 81, columns 0 to 56 of 81]
4.2536E-03 5.8549E-03 5.8421E-03 6.5043E-03 6.9828E-03 7.3124E-03 7.5436E-03 7.6158E-03 7.5065E-03 7.4255E-03 7.4508E-03 7.5102E-03 7.7579E-03 9.2574E-03 1.1326E-02 1.3367E-02 1.5231E-02 1.6785E-02 1.7991E-02 1.8906E-02 1.9600E-02 2.0030E-02 2.0020E-02 2.2043E-02 2.7400E-02 2.9265E-02 1.9441E-02 1.1816E-02 9.3043E-03 1.0683E-02 1.2917E-02 1.5219E-02 1.9695E-02 1.6583E-02 3.2371E-02 2.6510E-02 4.3522E-02 3.9255E-02 5.0421E-02 8.8005E-02 6.2628E-02 8.1074E-02 7.9685E-02 7.8354E-02 8.7323E-02 9.0310E-02 9.4118E-02 1.1096E-01 1.2220E-01 9.5348E-02 6.6793E-02 4.6022E-02 3.1441E-02 2.1600E-02 1.9492E-02 2.0805E-02 2.1523E-02
3.6184E-03 4.4265E-03 5.1521E-03 5.8790E-03 6.4868E-03 6.9469E-03 7.2794E-03 7.5130E-03 7.6403E-03 7.6363E-03 7.5046E-03 7.3924E-03 7.5008E-03 8.7196E-03 1.0777E-02 1.2834E-02 1.4728E-02 1.6301E-02 1.7475E-02 1.8272E-02 1.8734E-02 2.3302E-02 2.4716E-02 2.5897E-02 1.8798E-02 1.2504E-02 9.7363E-03 1.0416E-02 9.8315E-03 1.1028E-02 1.2541E-02 1.4414E-02 1.6232E-02 2.8546E-02 2.0260E-02 3.1670E-02 3.0008E-02 3.0372E-02 4.9132E-02 6.7101E-02 5.1922E-02 7.0115E-02 6.7272E-02 7.0722E-02 6.6437E-02 7.9870E-02 6.5093E-02 7.6040E-02 8.6056E-02 8.6207E-02 7.2250E-02 5.5260E-02 3.9990E-02 2.8592E-02 2.1014E-02 1.8558E-02 1.4863E-02
3.5603E-03 4.4901E-03 5.3560E-03 6.0770E-03 6.6567E-03 7.0703E-03 7.3340E-03 7.4868E-03 7.5296E-03 7.4435E-03 7.2126E-03 6.9821E-03 6.9516E-03 7.9382E-03 9.9072E-03 1.1906E-02 1.3774E-02 1.5327E-02 1.6439E-02 1.8389E-02 2.0870E-02 1.9901E-02 1.5914E-02 1.4375E-02 1.2248E-02 9.8051E-03 7.7626E-03 8.1115E-03 9.0984E-03 1.4822E-02 1.3633E-02 1.5890E-02 2.4562E-02 2.6206E-02 2.9178E-02 2.8254E-02 2.2560E-02 3.2357E-02 4.5804E-02 5.3355E-02 4.2803E-02 5.8320E-02 5.2793E-02 5.3296E-02 4.8703E-02 6.5021E-02 6.2792E-02 4.9210E-02 7.0248E-02 6.4598E-02 6.5343E-02 5.6559E-02 4.4629E-02 3.4079E-02 2.6055E-02 2.1191E-02 1.5809E-02
3.6043E-03 4.5149E-03 5.3408E-03 6.0079E-03 6.5157E-03 6.8496E-03 7.0264E-03 7.0960E-03 7.0600E-03 6.9106E-03 6.6461E-03 6.9674E-03 7.7772E-03 9.2469E-03 1.1122E-02 1.3195E-02 1.5835E-02 1.9057E-02 2.0064E-02 1.8208E-02 1.5154E-02 1.4382E-02 1.3077E-02 1.1346E-02 9.3701E-03 7.3949E-03 8.9965E-03 1.3263E-02 1.3507E-02 1.1029E-02 1.5680E-02 2.9587E-02 1.8710E-02 2.7866E-02 3.1548E-02 2.1163E-02 2.1119E-02 3.1512E-02 4.7205E-02 4.0503E-02 3.8494E-02 4.9915E-02 4.7292E-02 4.7106E-02 4.5752E-02 5.0128E-02 5.4528E-02 4.6877E-02 5.2118E-02 6.0882E-02 5.0046E-02 4.9734E-02 4.3982E-02 3.6686E-02 2.9978E-02 2.4325E-02 1.9632E-02
3.5383E-03 4.3950E-03 5.1442E-03 5.7246E-03 6.1303E-03 6.3604E-03 6.4362E-03 6.4179E-03 6.3061E-03 6.8003E-03 7.5759E-03 8.5825E-03 9.9416E-03 1.2439E-02 1.4986E-02 1.7994E-02 1.8727E-02 1.5877E-02 1.2784E-02 1.3112E-02 1.2768E-02 1.1789E-02 1.0336E-02 8.6279E-03 6.9148E-03 9.6960E-03 1.3096E-02 1.3440E-02 9.4823E-03 1.4583E-02 2.1302E-02 1.6517E-02 1.8911E-02 2.8813E-02 2.2370E-02 2.0510E-02 2.1594E-02 2.8687E-02 4.7469E-02 3.5730E-02 3.1783E-02 3.8086E-02 4.5001E-02 4.1428E-02 4.3906E-02 3.8381E-02 4.3282E-02 4.2155E-02 3.4780E-02 4.8212E-02 5.0754E-02 4.0331E-02 3.8589E-02 3.5694E-02 3.1579E-02 2.7081E-02 2.2653E-02
3.3539E-03 4.1357E-03 4.7924E-03 5.2741E-03 5.5720E-03 5.6993E-03 5.6837E-03 6.4962E-03 7.4440E-03 8.5874E-03 1.0342E-02 1.2094E-02 1.3318E-02 1.4356E-02 1.3387E-02 1.2810E-02 1.0484E-02 9.6034E-03 1.0355E-02 1.0570E-02 1.0165E-02 9.1922E-03 7.8398E-03 6.9382E-03 9.2625E-03 1.2354E-02 1.2242E-02 7.6061E-03 1.5397E-02 2.5694E-02 1.3966E-02 1.9320E-02 2.3625E-02 2.0083E-02 1.7309E-02 1.7080E-02 1.9227E-02 2.8163E-02 4.4605E-02 3.0961E-02 2.5512E-02 3.5091E-02 4.1115E-02 3.9250E-02 3.9417E-02 3.2923E-02 3.2338E-02 3.4916E-02 3.2299E-02 3.2760E-02 4.5199E-02 4.6588E-02 3.8898E-02 3.1798E-02 3.0577E-02 2.7859E-02 2.4300E-02
3.0875E-03 3.7873E-03 4.3535E-03 4.7411E-03 5.1702E-03 5.9762E-03 6.9894E-03 8.4485E-03 1.0333E-02 1.2229E-02 1.3969E-02 1.4752E-02 1.3795E-02 1.0644E-02 6.4321E-03 7.5460E-03 8.3053E-03 8.1619E-03 7.8018E-03 7.9149E-03 7.5329E-03 7.4501E-03 8.6879E-03 9.6217E-03 1.0754E-02 1.0790E-02 8.9261E-03 1.2699E-02 2.4780E-02 1.5284E-02 1.3887E-02 2.1262E-02 2.3431E-02 1.5150E-02 1.6006E-02 1.7051E-02 1.7298E-02 2.9933E-02 3.7494E-02 2.3487E-02 2.1515E-02 3.0560E-02 3.6058E-02 3.4050E-02 3.2544E-02 2.9631E-02 2.7146E-02 2.7861E-02 2.8171E-02 2.4914E-02 3.4279E-02 4.3484E-02 4.3934E-02 3.7539E-02 2.8399E-02 2.6623E-02 2.4388E-02
2.9092E-03 3.7346E-03 4.4607E-03 5.2214E-03 6.3679E-03 7.8143E-03 9.3475E-03 1.0966E-02 1.2875E-02 1.3595E-02 1.2664E-02 1.0470E-02 7.5837E-03 6.8032E-03 7.0991E-03 7.3242E-03 7.4618E-03 6.5123E-03 5.4344E-03 5.9587E-03 7.7426E-03 9.5244E-03 1.0635E-02 1.0566E-02 8.9551E-03 7.2129E-03 1.2373E-02 2.1380E-02 1.5360E-02 1.5094E-02 1.7608E-02 1.8435E-02 1.4559E-02 1.3250E-02 1.5039E-02 1.5475E-02 1.6002E-02 3.1242E-02 3.2794E-02 1.9731E-02 1.8616E-02 2.6908E-02 3.3272E-02 3.1208E-02 3.2827E-02 2.9497E-02 2.4567E-02 2.1830E-02 2.3553E-02 2.2587E-02 2.3580E-02 3.4403E-02 4.0823E-02 4.0410E-02 3.4671E-02 2.6734E-02 2.2986E-02
3.3522E-03 4.5045E-03 5.5382E-03 6.9802E-03 8.8520E-03 1.0545E-02 1.1574E-02 1.1254E-02 1.0286E-02 8.6216E-03 6.1797E-03 7.2200E-03 7.1543E-03 6.5757E-03 6.2306E-03 5.6333E-03 5.1926E-03 5.5132E-03 6.8606E-03 8.0973E-03 9.2180E-03 1.0037E-02 9.9592E-03 8.2511E-03 6.7680E-03 1.1538E-02 1.9024E-02 1.6818E-02 1.3026E-02 1.5187E-02 2.3081E-02 1.4844E-02 1.2199E-02 1.3149E-02 1.5467E-02 1.4019E-02 1.6630E-02 3.1719E-02 2.8961E-02 2.0924E-02 1.8105E-02 2.3984E-02 2.9927E-02 3.0309E-02 2.8983E-02 2.7450E-02 2.4405E-02 1.9399E-02 1.9146E-02 1.9644E-02 1.8303E-02 2.4664E-02 3.2944E-02 3.7332E-02 3.6420E-02 3.1456E-02 2.4740E-02
4.3071E-03 6.0829E-03 7.6682E-03 9.2352E-03 1.0504E-02 1.0925E-02 1.0109E-02 7.5717E-03 4.5594E-03 5.3437E-03 6.9205E-03 7.4725E-03 6.7288E-03 6.0254E-03 5.3180E-03 4.8486E-03 6.0439E-03 7.3273E-03 8.5406E-03 9.4187E-03 9.7041E-03 9.1066E-03 7.3996E-03 6.1793E-03 1.0326E-02 1.5868E-02 1.3444E-02 1.2711E-02 1.2124E-02 1.9224E-02 1.9648E-02 1.1358E-02 1.3678E-02 1.1949E-02 1.1581E-02 1.3626E-02 1.9876E-02 2.9422E-02 2.3843E-02 1.8953E-02 1.7348E-02 2.2086E-02 2.7316E-02 2.9585E-02 2.4210E-02 2.4191E-02 2.2760E-02 1.8332E-02 1.5285E-02 1.6604E-02 1.6583E-02 1.7031E-02 2.4402E-02 3.0716E-02 3.3734E-02 3.2563E-02 2.8332E-02
5.4512E-03 7.5144E-03 8.7176E-03 8.8375E-03 8.2114E-03 6.8405E-03 4.9310E-03 5.0077E-03 5.5309E-03 6.2152E-03 6.7962E-03 7.1433E-03 6.0516E-03 4.8335E-03 5.3510E-03 6.4294E-03 7.5868E-03 8.5315E-03 9.0762E-03 9.0333E-03 8.2767E-03 6.7860E-03 6.0920E-03 1.0467E-02 1.5407E-02 1.2093E-02 1.2159E-02 1.2671E-02 1.5914E-02 1.7616E-02 1.1563E-02 1.1460E-02 1.1707E-02 1.1821E-02 1.1812E-02 1.1461E-02 2.1336E-02 2.6641E-02 1.9364E-02 1.6383E-02 1.5902E-02 2.0364E-02 2.4130E-02 2.5012E-02 2.2715E-02 2.2030E-02 2.0084E-02 1.7312E-02 1.4426E-02 1.3801E-02 1.4634E-02 1.4416E-02 1.7377E-02 2.3360E-02 2.8187E-02 3.0181E-02 2.8941E-02
5.6918E-03 6.9802E-03 6.7317E-03 5.4371E-03 4.3591E-03 4.8192E-03 5.2371E-03 5.6729E-03 6.1509E-03 6.2020E-03 5.8395E-03 5.6961E-03 5.2184E-03 6.0068E-03 6.8686E-03 7.7582E-03 8.4611E-03 8.6851E-03 8.3076E-03 7.2863E-03 5.7671E-03 5.9818E-03 1.0725E-02 1.6151E-02 1.3365E-02 1.1695E-02 1.0973E-02 1.5591E-02 1.8278E-02 1.1945E-02 1.0211E-02 1.1204E-02 1.1824E-02 1.0966E-02 9.7556E-03 1.1298E-02 2.1693E-02 2.3694E-02 1.6446E-02 1.4868E-02 1.4979E-02 1.8562E-02 2.1260E-02 2.2551E-02 2.2650E-02 2.1800E-02 2.0848E-02 1.7832E-02 1.4967E-02 1.2342E-02 1.2631E-02 1.3104E-02 1.2749E-02 1.7120E-02 2.1972E-02 2.5636E-02 2.6945E-02
3.8974E-03 4.2126E-03 4.2875E-03 4.4223E-03 4.6434E-03 5.1659E-03 5.6266E-03 5.6908E-03 5.5261E-03 4.9493E-03 4.8648E-03 5.7788E-03 6.6458E-03 7.4282E-03 8.0830E-03 8.4936E-03 8.4770E-03 7.8808E-03 6.7636E-03 5.2999E-03 5.7759E-03 1.0334E-02 1.5386E-02 1.3647E-02 1.1209E-02 1.1046E-02 1.2882E-02 1.9099E-02 1.5523E-02 8.2967E-03 9.7320E-03 1.1287E-02 1.1372E-02 9.2496E-03 9.3433E-03 1.3373E-02 2.1339E-02 2.0883E-02 1.4045E-02 1.3422E-02 1.3519E-02 1.6370E-02 1.8275E-02 2.0596E-02 2.1618E-02 2.0104E-02 1.9464E-02 1.7817E-02 1.5595E-02 1.3014E-02 1.0707E-02 1.1604E-02 1.1815E-02 1.2596E-02 1.6577E-02 2.0513E-02 2.3322E-02
2.9298E-03 4.0591E-03 4.4951E-03 4.6429E-03 4.7934E-03 4.9795E-03 4.9904E-03 4.6140E-03 4.1976E-03 5.0058E-03 6.0235E-03 6.9815E-03 7.7906E-03 8.3671E-03 8.6240E-03 8.4263E-03 7.7053E-03 6.4978E-03 5.0151E-03 5.5500E-03 1.0099E-02 1.5184E-02 1.4989E-02 1.1679E-02 1.0516E-02 1.1981E-02 1.5204E-02 1.5092E-02 9.3403E-03 8.8734E-03 9.7955E-03 1.0919E-02 1.1236E-02 9.1803E-03 8.7966E-03 1.5781E-02 2.1437E-02 1.9191E-02 1.2571E-02 1.2546E-02 1.2501E-02 1.4729E-02 1.6198E-02 1.7093E-02 1.9023E-02 1.8773E-02 1.7346E-02 1.7399E-02 1.6093E-02 1.3437E-02 1.0931E-02 1.0075E-02 1.0688E-02 1.0745E-02 1.2437E-02 1.5949E-02 1.9254E-02
3.1594E-03 4.2854E-03 4.5691E-03 4.5316E-03 4.4892E-03 4.1795E-03 3.6624E-03 4.1292E-03 5.0423E-03 6.0313E-03 7.0177E-03 7.8268E-03 8.3641E-03 8.5469E-03 8.3099E-03 7.5572E-03 6.3510E-03 4.8957E-03 5.5309E-03 9.1818E-03 1.3964E-02 1.5228E-02 9.8117E-03 1.0378E-02 1.1804E-02 1.4450E-02 1.3566E-02 9.5071E-03 9.0816E-03 9.3124E-03 1.0075E-02 1.0231E-02 8.9988E-03 8.0705E-03 9.7729E-03 1.7549E-02 2.1647E-02 1.8249E-02 1.1893E-02 1.1969E-02 1.2488E-02 1.3148E-02 1.4197E-02 1.5093E-02 1.6204E-02 1.7045E-02 1.7166E-02 1.7570E-02 1.6332E-02 1.3737E-02 1.1275E-02 9.0669E-03 9.4790E-03 9.8838E-03 9.8416E-03 1.2298E-02 1.5408E-02
3.1745E-03 4.2458E-03 4.4625E-03 4.0982E-03 3.6330E-03 3.4697E-03 4.2182E-03 5.0705E-03 5.9891E-03 6.8937E-03 7.6850E-03 8.1760E-03 8.2883E-03 7.9823E-03 7.2699E-03 6.1438E-03 5.2111E-03 5.8486E-03 8.0800E-03 1.2746E-02 1.3787E-02 9.8256E-03 9.1799E-03 1.1237E-02 1.5370E-02 1.6141E-02 1.0446E-02 8.3958E-03 1.0156E-02 8.8334E-03 8.8861E-03 9.1686E-03 8.1143E-03 8.1509E-03 1.1565E-02 1.7868E-02 2.0179E-02 1.6676E-02 1.1074E-02 1.1291E-02 1.1575E-02 1.2550E-02 1.3737E-02 1.5047E-02 1.5850E-02 1.6131E-02 1.6722E-02 1.7126E-02 1.5766E-02 1.3524E-02 1.1204E-02 9.0066E-03 8.2934E-03 8.9261E-03 9.1789E-03 9.5324E-03 1.2109E-02
2.9293E-03 3.7293E-03 3.8127E-03 3.3655E-03 3.6107E-03 4.3778E-03 5.1772E-03 6.0048E-03 6.8136E-03 7.5035E-03 7.9698E-03 8.0496E-03 7.7074E-03 6.9606E-03 5.9018E-03 5.3557E-03 6.0915E-03 8.0270E-03 1.2420E-02 1.4005E-02 1.0260E-02 9.2500E-03 1.0468E-02 1.3139E-02 1.5658E-02 1.2908E-02 7.8057E-03 8.5706E-03 8.8535E-03 8.0052E-03 7.6309E-03 7.5325E-03 6.8341E-03 7.8019E-03 1.2821E-02 1.7202E-02 1.7810E-02 1.4518E-02 1.0311E-02 1.0631E-02 1.0840E-02 1.1572E-02 1.3329E-02 1.4997E-02 1.6314E-02 1.6857E-02 1.7409E-02 1.7047E-02 1.4972E-02 1.2895E-02 1.0895E-02 8.8883E-03 7.1775E-03 7.9352E-03 8.4000E-03 8.5432E-03 9.5260E-03
2.4205E-03 2.9433E-03 2.9818E-03 3.7202E-03 4.5123E-03 5.3428E-03 6.1273E-03 6.8361E-03 7.4159E-03 7.7788E-03 7.8472E-03 7.5154E-03 6.8044E-03 5.7804E-03 5.3217E-03 6.0110E-03 7.4783E-03 1.1197E-02 1.3790E-02 1.1167E-02 9.2844E-03 1.0840E-02 1.2312E-02 1.3453E-02 1.2288E-02 8.1337E-03 7.0621E-03 8.3155E-03 8.5530E-03 8.2224E-03 8.0478E-03 7.5645E-03 6.8308E-03 7.9754E-03 1.2800E-02 1.5855E-02 1.5644E-02 1.2799E-02 9.6167E-03 1.0342E-02 1.0374E-02 1.0092E-02 1.2059E-02 1.3610E-02 1.5191E-02 1.6026E-02 1.6087E-02 1.6718E-02 1.4962E-02 1.2729E-02 1.0810E-02 8.8896E-03 7.1436E-03 6.9727E-03 7.5736E-03 7.9167E-03 7.9826E-03
2.0955E-03 2.8252E-03 3.6405E-03 4.5133E-03 5.3801E-03 6.2069E-03 6.8917E-03 7.3967E-03 7.6723E-03 7.6704E-03 7.3610E-03 6.7123E-03 5.7976E-03 5.2439E-03 5.8518E-03 6.7235E-03 9.6258E-03 1.1061E-02 1.0341E-02 8.0080E-03 9.5717E-03 1.2001E-02 1.3939E-02 1.3185E-02 9.0936E-03 6.1977E-03 7.3390E-03 8.3937E-03 8.6712E-03 8.4598E-03 7.7497E-03 7.0330E-03 6.5014E-03 8.8264E-03 1.2734E-02 1.4776E-02 1.4143E-02 1.1687E-02 9.0775E-03 9.9282E-03 9.9943E-03 8.7277E-03 1.0750E-02 1.2286E-02 1.3760E-02 1.4586E-02 1.4304E-02 1.5465E-02 1.5071E-02 1.3003E-02 1.0906E-02 8.9100E-03 7.1525E-03 6.0619E-03 6.7349E-03 7.2166E-03 7.4694E-03
2.4947E-03 3.3474E-03 4.2740E-03 5.2238E-03 6.1041E-03 6.8500E-03 7.3595E-03 7.6043E-03 7.5496E-03 7.2008E-03 6.5876E-03 5.7499E-03 5.1927E-03 5.7244E-03 6.2123E-03 8.5984E-03 9.6499E-03 8.1021E-03 8.2354E-03 8.6659E-03 9.5391E-03 1.1688E-02 1.3053E-02 1.0984E-02 6.5724E-03 6.8240E-03 7.6785E-03 8.5406E-03 8.7508E-03 8.4353E-03 7.6599E-03 6.5599E-03 6.3667E-03 9.3826E-03 1.2598E-02 1.3973E-02 1.3153E-02 1.0985E-02 8.7093E-03 9.7787E-03 9.8021E-03 7.6370E-03 9.4860E-03 1.0998E-02 1.2526E-02 1.4383E-02 1.5030E-02 1.4381E-02 1.4234E-02 1.2701E-02 1.0784E-02 8.8522E-03 7.1703E-03 5.9014E-03 5.9342E-03 6.4989E-03 6.8874E-03
2.8576E-03 3.7927E-03 4.7706E-03 5.7202E-03 6.5335E-03 7.1269E-03 7.4175E-03 7.3939E-03 7.0457E-03 6.4293E-03 5.6286E-03 5.1141E-03 5.6223E-03 6.5724E-03 8.5420E-03 9.2040E-03 7.9059E-03 7.7847E-03 8.5504E-03 9.5550E-03 1.0826E-02 1.2332E-02 1.1180E-02 7.9885E-03 6.1558E-03 7.2350E-03 7.8101E-03 8.5164E-03 8.6370E-03 8.2186E-03 7.3118E-03 6.2797E-03 6.3864E-03 9.6568E-03 1.2262E-02 1.3192E-02 1.2318E-02 1.0400E-02 8.5332E-03 9.3287E-03 9.3235E-03 6.7207E-03 8.3190E-03 9.7632E-03 1.1365E-02 1.3507E-02 1.4641E-02 1.3565E-02 1.2996E-02 1.2129E-02 1.0602E-02 8.8330E-03 7.2855E-03 6.1207E-03 5.1849E-03 5.7875E-03 6.2634E-03
3.1486E-03 4.1126E-03 5.0662E-03 5.9235E-03 6.5856E-03 6.9771E-03 7.0462E-03 6.7938E-03 6.2360E-03 5.4632E-03 5.0360E-03 5.5253E-03 6.2274E-03 8.6733E-03 9.3853E-03 7.8211E-03 7.5967E-03 7.4870E-03 8.1639E-03 9.5142E-03 1.1139E-02 1.1633E-02 8.9104E-03 6.3150E-03 6.4949E-03 7.2380E-03 7.9373E-03 8.4427E-03 8.4096E-03 7.8426E-03 6.8219E-03 5.9699E-03 6.9243E-03 9.7828E-03 1.1845E-02 1.2422E-02 1.1531E-02 9.8185E-03 8.0451E-03 8.6972E-03 8.4455E-03 6.1356E-03 7.5259E-03 8.9135E-03 1.0336E-02 1.1977E-02 1.3662E-02 1.3868E-02 1.3154E-02 1.2027E-02 1.0491E-02 8.9094E-03 7.5270E-03 6.4244E-03 5.4437E-03 5.1030E-03 5.6209E-03
3.3320E-03 4.2698E-03 5.1318E-03 5.8261E-03 6.2808E-03 6.4526E-03 6.3282E-03 5.9180E-03 5.2584E-03 4.9497E-03 5.4149E-03 5.7666E-03 7.6732E-03 8.8616E-03 7.9092E-03 7.4205E-03 7.2370E-03 7.2119E-03 8.1676E-03 9.7986E-03 1.0564E-02 9.1841E-03 6.2430E-03 5.9454E-03 6.7533E-03 7.3025E-03 8.0664E-03 8.3397E-03 8.0771E-03 7.3107E-03 6.2103E-03 5.7773E-03 7.3409E-03 9.7830E-03 1.1364E-02 1.1652E-02 1.0757E-02 9.2253E-03 7.6615E-03 8.5333E-03 8.3362E-03 6.1501E-03 7.1133E-03 8.4782E-03 9.7614E-03 1.1223E-02 1.3597E-02 1.4659E-02 1.3445E-02 1.1941E-02 1.0344E-02 8.9848E-03 7.8204E-03 6.7535E-03 5.7204E-03 4.6688E-03 4.9853E-03
3.3734E-03 4.2371E-03 4.9651E-03 5.4694E-03 5.7084E-03 5.6768E-03 5.3991E-03 4.9036E-03 4.8448E-03 5.3027E-03 5.6409E-03 7.2637E-03 7.8916E-03 7.2237E-03 7.0078E-03 7.3247E-03 7.2055E-03 7.5276E-03 8.8292E-03 9.8538E-03 9.0195E-03 6.5437E-03 5.9277E-03 6.2666E-03 6.8258E-03 7.5535E-03 8.0698E-03 8.1087E-03 7.6400E-03 6.7218E-03 5.7140E-03 5.7828E-03 7.6529E-03 9.6921E-03 1.0851E-02 1.0898E-02 1.0012E-02 8.6437E-03 7.7880E-03 8.3807E-03 8.3555E-03 6.1505E-03 6.8818E-03 8.2411E-03 9.5154E-03 1.0882E-02 1.3114E-02 1.4363E-02 1.2876E-02 1.1387E-02 1.0074E-02 8.9970E-03 8.0123E-03 6.9841E-03 5.9092E-03 4.8284E-03 4.3712E-03
3.2719E-03 4.0312E-03 4.6133E-03 4.9419E-03 5.0009E-03 4.8216E-03 4.4557E-03 4.7092E-03 5.1510E-03 5.4943E-03 7.2782E-03 8.0886E-03 6.8566E-03 6.4628E-03 7.2069E-03 7.6394E-03 7.7461E-03 8.5133E-03 9.7742E-03 9.3803E-03 7.0453E-03 5.8466E-03 5.6557E-03 6.3270E-03 7.0183E-03 7.6528E-03 7.9126E-03 7.7190E-03 7.0836E-03 6.0946E-03 5.3174E-03 5.8371E-03 7.8535E-03 9.5318E-03 1.0344E-02 1.0202E-02 9.3262E-03 8.0915E-03 7.5649E-03 8.2901E-03 7.9315E-03 5.8077E-03 6.6000E-03 7.9396E-03 9.2863E-03 1.0813E-02 1.3197E-02 1.4419E-02 1.2533E-02 1.0997E-02 9.9668E-03 9.0830E-03 8.1119E-03 7.0678E-03 5.9775E-03 4.8967E-03 4.5300E-03
