20231023_webinar_progetto_murano/data_input/grd_f3_sc_2/Maximum_24h.grd
DSAA
          81           81
 760250.0000  764250.0000
5036750.0000 5040750.0000
  0.9882E-03   0.9455E+00
[rows 0 to 24 of 81, columns 0 to 56 of 81]
9.8824E-04 1.1318E-03 1.1976E-03 1.2983E-03 1.7176E-03 1.9948E-03 2.0473E-03 1.9058E-03 1.6532E-03 1.3493E-03 1.6692E-03 1.9780E-03 2.1674E-03 2.2576E-03 2.3435E-03 2.5285E-03 2.7830E-03 2.9292E-03 2.8038E-03 2.2314E-03 1.8722E-03 1.8975E-03 1.8876E-03 2.0836E-03 2.4068E-03 2.7860E-03 3.2246E-03 3.7451E-03 4.0920E-03 4.2044E-03 4.2179E-03 4.1228E-03 3.8413E-03 3.8478E-03 4.3588E-03 4.5306E-03 5.4167E-03 5.3635E-03 6.1301E-03 6.3050E-03 5.2802E-03 7.0764E-03 1.0441E-02 1.3617E-02 1.3448E-02 9.8432E-03 9.1469E-03 7.8900E-03 7.8944E-03 7.3985E-03 6.5397E-03 5.7381E-03 5.3607E-03 5.6708E-03 5.3357E-03 3.8728E-03 3.7519E-03
1.2511E-03 1.4392E-03 1.5297E-03 1.6460E-03 2.1579E-03 2.6942E-03 2.9322E-03 2.8164E-03 2.4616E-03 2.0082E-03 2.0314E-03 2.4866E-03 2.8678E-03 3.0721E-03 3.1279E-03 3.2196E-03 3.4657E-03 3.7441E-03 3.7569E-03 3.1953E-03 2.4478E-03 2.5315E-03 2.5497E-03 2.6020E-03 2.9663E-03 3.4495E-03 3.9882E-03 4.5899E-03 5.0125E-03 5.2546E-03 5.3776E-03 5.2862E-03 4.9309E-03 4.9611E-03 5.8694E-03 5.8738E-03 7.1909E-03 7.1742E-03 8.2310E-03 8.8245E-03 7.3746E-03 1.0085E-02 1.4826E-02 1.8711E-02 1.8110E-02 1.3133E-02 1.1943E-02 1.0045E-02 9.8798E-03 9.2766E-03 8.2436E-03 7.2205E-03 7.0499E-03 7.4143E-03 6.6431E-03 4.7802E-03 4.8847E-03
1.4648E-03 1.7030E-03 1.8321E-03 1.8621E-03 2.2487E-03 3.0387E-03 3.5578E-03 3.6056E-03 3.2403E-03 2.6937E-03 2.1824E-03 2.6917E-03 3.2824E-03 3.6106E-03 3.6353E-03 3.6203E-03 3.7962E-03 4.1301E-03 4.3384E-03 4.0025E-03 3.0623E-03 2.7897E-03 3.0172E-03 3.0121E-03 3.3918E-03 3.9154E-03 4.5189E-03 5.2235E-03 5.7855E-03 6.2106E-03 6.4883E-03 6.4297E-03 6.0085E-03 5.3503E-03 6.6180E-03 6.8688E-03 8.3869E-03 8.4304E-03 9.4215E-03 1.0413E-02 8.6809E-03 1.1998E-02 1.6729E-02 2.0266E-02 1.9093E-02 1.5703E-02 1.4065E-02 1.1689E-02 1.1577E-02 1.0821E-02 9.6778E-03 8.5193E-03 7.6891E-03 8.1734E-03 7.0030E-03 5.5554E-03 5.8483E-03
1.5974E-03 1.8919E-03 2.0754E-03 2.1528E-03 2.1347E-03 2.8546E-03 3.6439E-03 4.0489E-03 3.9484E-03 3.4737E-03 2.8739E-03 2.7358E-03 3.4351E-03 3.8499E-03 3.9469E-03 3.9537E-03 4.0552E-03 4.3392E-03 4.6376E-03 4.6179E-03 3.9030E-03 3.0170E-03 3.0106E-03 3.3081E-03 3.7019E-03 4.2445E-03 4.9133E-03 5.7514E-03 6.5384E-03 7.1461E-03 7.5032E-03 7.4517E-03 7.0009E-03 6.2758E-03 6.5348E-03 7.5283E-03 9.1966E-03 9.3128E-03 1.0267E-02 1.1393E-02 9.5343E-03 1.2949E-02 1.7908E-02 2.1267E-02 1.9090E-02 1.7426E-02 1.5378E-02 1.2992E-02 1.3084E-02 1.2124E-02 1.0809E-02 9.5353E-03 8.3556E-03 8.2857E-03 6.6679E-03 6.1703E-03 6.6154E-03
1.6446E-03 1.9973E-03 2.2440E-03 2.3834E-03 2.4168E-03 2.3414E-03 3.1881E-03 3.9716E-03 4.3372E-03 4.1631E-03 3.6119E-03 2.9083E-03 3.2442E-03 3.8380E-03 4.1333E-03 4.2127E-03 4.2450E-03 4.4017E-03 4.6853E-03 4.9581E-03 4.6773E-03 3.4945E-03 3.2358E-03 3.5441E-03 3.9559E-03 4.5797E-03 5.3361E-03 6.2365E-03 7.1585E-03 7.9249E-03 8.3702E-03 8.3553E-03 7.9309E-03 7.1641E-03 6.3455E-03 7.9378E-03 9.7807E-03 9.9184E-03 1.0750E-02 1.2264E-02 1.0375E-02 1.3538E-02 1.9521E-02 2.3365E-02 2.0381E-02 1.8624E-02 1.6229E-02 1.4392E-02 1.4312E-02 1.3238E-02 1.1799E-02 1.0393E-02 9.1226E-03 8.1189E-03 7.2634E-03 6.7653E-03 7.3118E-03
1.8268E-03 2.0215E-03 2.3297E-03 2.5371E-03 2.6342E-03 2.6040E-03 2.4595E-03 3.4375E-03 4.2436E-03 4.5668E-03 4.3065E-03 3.5715E-03 2.7615E-03 3.5543E-03 4.0871E-03 4.3288E-03 4.3930E-03 4.4532E-03 4.6654E-03 5.0898E-03 5.2793E-03 4.4702E-03 3.4359E-03 3.7901E-03 4.2377E-03 4.9089E-03 5.6733E-03 6.6395E-03 7.6697E-03 8.5591E-03 9.1315E-03 9.2252E-03 8.8459E-03 8.0394E-03 7.0411E-03 8.0565E-03 1.0078E-02 1.0353E-02 1.0870E-02 1.2851E-02 1.1089E-02 1.3966E-02 2.0764E-02 2.5606E-02 2.2379E-02 1.9578E-02 1.6887E-02 1.5591E-02 1.5391E-02 1.4153E-02 1.2537E-02 1.1046E-02 9.8186E-03 8.7486E-03 7.8769E-03 7.5667E-03 7.9487E-03
2.8745E-03 3.2187E-03 2.7938E-03 2.5980E-03 2.7681E-03 2.7964E-03 2.6924E-03 2.7161E-03 3.7374E-03 4.6209E-03 4.8825E-03 4.3680E-03 3.4107E-03 2.9370E-03 3.7340E-03 4.2819E-03 4.5388E-03 4.6763E-03 4.8302E-03 5.1632E-03 5.6345E-03 5.4172E-03 3.9179E-03 4.0232E-03 4.4593E-03 5.0853E-03 5.8571E-03 6.9262E-03 8.0532E-03 9.0352E-03 9.7524E-03 1.0003E-02 9.6807E-03 8.8578E-03 7.7881E-03 8.4073E-03 1.0313E-02 1.0852E-02 1.0952E-02 1.3455E-02 1.1946E-02 1.4311E-02 2.1394E-02 2.7175E-02 2.3547E-02 2.0382E-02 1.7405E-02 1.6696E-02 1.6328E-02 1.4892E-02 1.3118E-02 1.1521E-02 1.0256E-02 9.2319E-03 8.3785E-03 8.2007E-03 8.4408E-03
3.8594E-03 4.5687E-03 4.1738E-03 3.2757E-03 2.7837E-03 2.8835E-03 2.8431E-03 2.7100E-03 3.0846E-03 4.1429E-03 5.0316E-03 5.1394E-03 4.4518E-03 3.4647E-03 3.2918E-03 4.0757E-03 4.5648E-03 4.8809E-03 5.1043E-03 5.2892E-03 5.6795E-03 5.9028E-03 4.9623E-03 4.2148E-03 4.6668E-03 5.2866E-03 6.0966E-03 7.2280E-03 8.4088E-03 9.4731E-03 1.0319E-02 1.0663E-02 1.0436E-02 9.6769E-03 8.5560E-03 9.2278E-03 1.0590E-02 1.1263E-02 1.0677E-02 1.3967E-02 1.2660E-02 1.4734E-02 2.2266E-02 2.8095E-02 2.3503E-02 2.1194E-02 1.7869E-02 1.7759E-02 1.7197E-02 1.5647E-02 1.3812E-02 1.2085E-02 1.0646E-02 9.5927E-03 8.7422E-03 8.8270E-03 8.8493E-03
4.0613E-03 5.3498E-03 5.4524E-03 4.7731E-03 3.5714E-03 2.9000E-03 2.9239E-03 2.8721E-03 3.0919E-03 3.2599E-03 4.5648E-03 5.5173E-03 5.5188E-03 4.6230E-03 3.4626E-03 3.6884E-03 4.3603E-03 4.8266E-03 5.2155E-03 5.3873E-03 5.5041E-03 5.9674E-03 5.8923E-03 4.3945E-03 4.8018E-03 5.4734E-03 6.3013E-03 7.4596E-03 8.7193E-03 9.8803E-03 1.0858E-02 1.1319E-02 1.1199E-02 1.0493E-02 9.3296E-03 9.9099E-03 1.0647E-02 1.1395E-02 1.0605E-02 1.4496E-02 1.3464E-02 1.5843E-02 2.4178E-02 2.9221E-02 2.3889E-02 2.2097E-02 1.8340E-02 1.8754E-02 1.7984E-02 1.6351E-02 1.4408E-02 1.2584E-02 1.1065E-02 9.9318E-03 9.0279E-03 9.2887E-03 9.0842E-03
3.4538E-03 5.1621E-03 6.1473E-03 6.1409E-03 5.1576E-03 3.7201E-03 3.0525E-03 3.0693E-03 2.9889E-03 3.0610E-03 3.5610E-03 5.0942E-03 6.0269E-03 5.7989E-03 4.6469E-03 3.3132E-03 3.9825E-03 4.5625E-03 4.9937E-03 5.2056E-03 5.2271E-03 5.6070E-03 6.3089E-03 4.9882E-03 4.9126E-03 5.6576E-03 6.4926E-03 7.6070E-03 8.9375E-03 1.0242E-02 1.1319E-02 1.1978E-02 1.2010E-02 1.1345E-02 1.0127E-02 1.0366E-02 1.1263E-02 1.1385E-02 1.0608E-02 1.5006E-02 1.4138E-02 1.7310E-02 2.6367E-02 3.0403E-02 2.5218E-02 2.2908E-02 1.9327E-02 1.9760E-02 1.8838E-02 1.7057E-02 1.4892E-02 1.2964E-02 1.1465E-02 1.0250E-02 9.4372E-03 9.4102E-03 8.9971E-03
2.3867E-03 4.0030E-03 5.5968E-03 6.5319E-03 6.3998E-03 5.4437E-03 3.8947E-03 3.2294E-03 3.1751E-03 3.0431E-03 2.8190E-03 3.9303E-03 5.6155E-03 6.4500E-03 5.9110E-03 4.4611E-03 3.5162E-03 4.2454E-03 4.7542E-03 5.0729E-03 5.2328E-03 5.4820E-03 6.2642E-03 5.8017E-03 5.0225E-03 5.8117E-03 6.6463E-03 7.7347E-03 9.1047E-03 1.0501E-02 1.1691E-02 1.2565E-02 1.2811E-02 1.2280E-02 1.1031E-02 1.0587E-02 1.1604E-02 1.1637E-02 1.0784E-02 1.5685E-02 1.4806E-02 1.8129E-02 2.7428E-02 3.0821E-02 2.6443E-02 2.3551E-02 2.0320E-02 2.0686E-02 1.9654E-02 1.7640E-02 1.5355E-02 1.3413E-02 1.1870E-02 1.0588E-02 9.6905E-03 9.2887E-03 8.6495E-03
2.2893E-03 2.8288E-03 3.9573E-03 5.5553E-03 6.5608E-03 6.7477E-03 5.7508E-03 3.9214E-03 3.4289E-03 3.1974E-03 3.0312E-03 2.9813E-03 4.4020E-03 6.1145E-03 6.7131E-03 5.8580E-03 4.2269E-03 3.8340E-03 4.7247E-03 5.3764E-03 5.7112E-03 5.9850E-03 6.4944E-03 6.5593E-03 5.3050E-03 5.8872E-03 6.7563E-03 7.8480E-03 9.2060E-03 1.0676E-02 1.2071E-02 1.3136E-02 1.3607E-02 1.3287E-02 1.2091E-02 1.0706E-02 1.1955E-02 1.2113E-02 1.1158E-02 1.5945E-02 1.5520E-02 1.8893E-02 2.8453E-02 3.1348E-02 2.7766E-02 2.4218E-02 2.1121E-02 2.1442E-02 2.0211E-02 1.8042E-02 1.5799E-02 1.3883E-02 1.2246E-02 1.0931E-02 1.0019E-02 9.3256E-03 8.7531E-03
2.1119E-03 2.6908E-03 3.2031E-03 3.9181E-03 5.7447E-03 7.0074E-03 6.9993E-03 5.6806E-03 4.0009E-03 3.6767E-03 3.4313E-03 3.1426E-03 3.4204E-03 4.8294E-03 6.5022E-03 6.8222E-03 5.6449E-03 3.9157E-03 4.4223E-03 5.4546E-03 6.0438E-03 6.5709E-03 6.8948E-03 6.8903E-03 6.0222E-03 5.9090E-03 6.8420E-03 7.9307E-03 9.2144E-03 1.0695E-02 1.2265E-02 1.3603E-02 1.4409E-02 1.4343E-02 1.3276E-02 1.1410E-02 1.2696E-02 1.3008E-02 1.1891E-02 1.6453E-02 1.6339E-02 2.0142E-02 3.0399E-02 3.2797E-02 2.8921E-02 2.4565E-02 2.2199E-02 2.2203E-02 2.0713E-02 1.8481E-02 1.6188E-02 1.4205E-02 1.2556E-02 1.1227E-02 1.0257E-02 9.5508E-03 9.0415E-03
1.8283E-03 2.4227E-03 2.9938E-03 3.4924E-03 4.3576E-03 6.0543E-03 6.9850E-03 6.8440E-03 5.9589E-03 4.3534E-03 3.9706E-03 3.7059E-03 3.3856E-03 3.5013E-03 5.2399E-03 6.8373E-03 6.8844E-03 5.3457E-03 3.8881E-03 4.8263E-03 5.7379E-03 6.5481E-03 6.9477E-03 6.9065E-03 6.9762E-03 6.3833E-03 6.8165E-03 7.9014E-03 9.1677E-03 1.0643E-02 1.2294E-02 1.3930E-02 1.5151E-02 1.5375E-02 1.4494E-02 1.2560E-02 1.3855E-02 1.4432E-02 1.3095E-02 1.7086E-02 1.7103E-02 2.0595E-02 3.1775E-02 3.3708E-02 2.9677E-02 2.4456E-02 2.3430E-02 2.2976E-02 2.1207E-02 1.8923E-02 1.6602E-02 1.4568E-02 1.2891E-02 1.1528E-02 1.0547E-02 9.8768E-03 9.3479E-03
1.8114E-03 2.2760E-03 2.6926E-03 3.2113E-03 3.7256E-03 4.1283E-03 5.5384E-03 6.7685E-03 7.2467E-03 6.4251E-03 4.7335E-03 4.2568E-03 3.9841E-03 3.6649E-03 3.6452E-03 5.7779E-03 7.4513E-03 7.2535E-03 5.4357E-03 3.9942E-03 5.3085E-03 6.3610E-03 6.8757E-03 6.9561E-03 7.4187E-03 7.1124E-03 7.0638E-03 7.8228E-03 9.0646E-03 1.0594E-02 1.2394E-02 1.4247E-02 1.5773E-02 1.6344E-02 1.5690E-02 1.3745E-02 1.4965E-02 1.5912E-02 1.4423E-02 1.7115E-02 1.7574E-02 2.1057E-02 3.3167E-02 3.4481E-02 3.0320E-02 2.4958E-02 2.4368E-02 2.3680E-02 2.1684E-02 1.9301E-02 1.7013E-02 1.5014E-02 1.3279E-02 1.1866E-02 1.0872E-02 1.0195E-02 9.6583E-03
2.1534E-03 2.5345E-03 2.7604E-03 3.0373E-03 3.3682E-03 3.8821E-03 4.3348E-03 5.4392E-03 6.9916E-03 7.6198E-03 6.8730E-03 4.9499E-03 4.5904E-03 4.3589E-03 4.0926E-03 3.9726E-03 6.8791E-03 9.3148E-03 8.8626E-03 6.2479E-03 5.4490E-03 7.0593E-03 7.6009E-03 8.1002E-03 8.2651E-03 8.3309E-03 8.1353E-03 7.8260E-03 9.0499E-03 1.0595E-02 1.2493E-02 1.4506E-02 1.6363E-02 1.7286E-02 1.6892E-02 1.5067E-02 1.5907E-02 1.7194E-02 1.5649E-02 1.7479E-02 1.8187E-02 2.1942E-02 3.6199E-02 3.7080E-02 3.1010E-02 2.6480E-02 2.5316E-02 2.4321E-02 2.2213E-02 1.9744E-02 1.7406E-02 1.5365E-02 1.3622E-02 1.2204E-02 1.1179E-02 1.0507E-02 1.0031E-02
2.4229E-03 2.9120E-03 3.1891E-03 3.2645E-03 3.2035E-03 3.4594E-03 3.9762E-03 4.4278E-03 5.6113E-03 7.4811E-03 8.2940E-03 7.3536E-03 5.1241E-03 5.0295E-03 4.8814E-03 4.6275E-03 4.7905E-03 9.2457E-03 1.1788E-02 9.8436E-03 5.9782E-03 7.6550E-03 8.9807E-03 1.0004E-02 1.0315E-02 1.0411E-02 9.0247E-03 9.1268E-03 9.1081E-03 1.0641E-02 1.2506E-02 1.4552E-02 1.6653E-02 1.8061E-02 1.8128E-02 1.6563E-02 1.6757E-02 1.8088E-02 1.6538E-02 1.8001E-02 1.9377E-02 2.2822E-02 3.8320E-02 3.7979E-02 3.1815E-02 2.7843E-02 2.6185E-02 2.4958E-02 2.2649E-02 2.0161E-02 1.7815E-02 1.5698E-02 1.3952E-02 1.2488E-02 1.1463E-02 1.0817E-02 1.0277E-02
2.5174E-03 3.1066E-03 3.5009E-03 3.6976E-03 3.7445E-03 3.6694E-03 3.4877E-03 4.0019E-03 4.4847E-03 5.7692E-03 8.2089E-03 9.0635E-03 7.4781E-03 5.6903E-03 5.6990E-03 5.5595E-03 5.3348E-03 6.0465E-03 1.0780E-02 1.2399E-02 9.0183E-03 6.6154E-03 9.1705E-03 1.0647E-02 1.0722E-02 1.0916E-02 1.0390E-02 1.0276E-02 9.8051E-03 1.0789E-02 1.2597E-02 1.4694E-02 1.7013E-02 1.8957E-02 1.9544E-02 1.8278E-02 1.6913E-02 1.8267E-02 1.6981E-02 1.8478E-02 2.0398E-02 2.4932E-02 3.9611E-02 3.6671E-02 3.2765E-02 2.9283E-02 2.7431E-02 2.5768E-02 2.3102E-02 2.0500E-02 1.8107E-02 1.5924E-02 1.4146E-02 1.2689E-02 1.1692E-02 1.1046E-02 1.0456E-02
2.5707E-03 3.2298E-03 3.6106E-03 3.9091E-03 4.1405E-03 4.2274E-03 4.1415E-03 3.9110E-03 4.0178E-03 4.5823E-03 6.0719E-03 8.3517E-03 8.6274E-03 7.4098E-03 6.4268E-03 6.4541E-03 6.2716E-03 5.8714E-03 6.5110E-03 1.2034E-02 1.2834E-02 8.8569E-03 7.7768E-03 9.8360E-03 1.0595E-02 1.1795E-02 1.1674E-02 1.1015E-02 1.1165E-02 1.0911E-02 1.2597E-02 1.4703E-02 1.7208E-02 1.9561E-02 2.0717E-02 1.9837E-02 1.6869E-02 1.7728E-02 1.7210E-02 1.8882E-02 2.1551E-02 2.6716E-02 4.1159E-02 3.8689E-02 3.3550E-02 3.0775E-02 2.8781E-02 2.6618E-02 2.3538E-02 2.0689E-02 1.8200E-02 1.6009E-02 1.4233E-02 1.2890E-02 1.1922E-02 1.1213E-02 1.0853E-02
3.3144E-03 4.1002E-03 4.3841E-03 4.3122E-03 4.2556E-03 4.5596E-03 4.6428E-03 4.5138E-03 4.2122E-03 4.1076E-03 4.8044E-03 5.4708E-03 7.4363E-03 8.9024E-03 8.1561E-03 7.2756E-03 7.3061E-03 7.0255E-03 6.4021E-03 7.9406E-03 1.3167E-02 1.2450E-02 7.6593E-03 7.5378E-03 1.0033E-02 1.2357E-02 1.2375E-02 1.1102E-02 1.2117E-02 1.1419E-02 1.2495E-02 1.4470E-02 1.7069E-02 1.9782E-02 2.1562E-02 2.1288E-02 1.8449E-02 1.7777E-02 1.8915E-02 1.9248E-02 2.2492E-02 2.7378E-02 4.3704E-02 4.0573E-02 3.3598E-02 3.2477E-02 3.0014E-02 2.7329E-02 2.3856E-02 2.0813E-02 1.8261E-02 1.6087E-02 1.4371E-02 1.3106E-02 1.2158E-02 1.2378E-02 1.1395E-02
4.0599E-03 5.2821E-03 5.7544E-03 5.4440E-03 4.7515E-03 4.5353E-03 4.8284E-03 4.8862E-03 4.7282E-03 4.4447E-03 4.2757E-03 5.1113E-03 5.9163E-03 7.9756E-03 9.9367E-03 9.7317E-03 8.2842E-03 8.2508E-03 7.7411E-03 6.8266E-03 8.6551E-03 1.3373E-02 1.1469E-02 6.7016E-03 9.1955E-03 1.1299E-02 1.1490E-02 1.0403E-02 1.2469E-02 1.2742E-02 1.2437E-02 1.4171E-02 1.6769E-02 1.9803E-02 2.2271E-02 2.2708E-02 2.0100E-02 1.9074E-02 2.0703E-02 1.9909E-02 2.4052E-02 2.9568E-02 4.7385E-02 4.2197E-02 3.5207E-02 3.3982E-02 3.1417E-02 2.8042E-02 2.4201E-02 2.0979E-02 1.8403E-02 1.6273E-02 1.4642E-02 1.3382E-02 1.3201E-02 1.3013E-02 1.1112E-02
4.2684E-03 6.0328E-03 7.1202E-03 6.9834E-03 6.1341E-03 5.4013E-03 4.8325E-03 4.9055E-03 4.9811E-03 4.9131E-03 4.7344E-03 4.5087E-03 5.4815E-03 6.4667E-03 8.7484E-03 1.1730E-02 1.1036E-02 9.3540E-03 9.1348E-03 8.3718E-03 7.2794E-03 9.2734E-03 1.2766E-02 1.0608E-02 8.1347E-03 1.0849E-02 1.2043E-02 1.1737E-02 1.2143E-02 1.3750E-02 1.3120E-02 1.4176E-02 1.6555E-02 1.9777E-02 2.2720E-02 2.3716E-02 2.1456E-02 2.0944E-02 2.1943E-02 2.0375E-02 2.5639E-02 3.2734E-02 5.2240E-02 4.4527E-02 3.7580E-02 3.5125E-02 3.2889E-02 2.8818E-02 2.4608E-02 2.1213E-02 1.8649E-02 1.6660E-02 1.5127E-02 1.3792E-02 1.3769E-02 1.2502E-02 1.0220E-02
3.5677E-03 5.4639E-03 7.0891E-03 7.8086E-03 7.8412E-03 7.4618E-03 6.6178E-03 5.4985E-03 4.8692E-03 5.0920E-03 5.1865E-03 5.1262E-03 4.9742E-03 5.9552E-03 7.1965E-03 9.6719E-03 1.2870E-02 1.2133E-02 1.0373E-02 1.0017E-02 9.1330E-03 7.8126E-03 1.0785E-02 1.4719E-02 1.0998E-02 9.3366E-03 1.2536E-02 1.4296E-02 1.3484E-02 1.4223E-02 1.4815E-02 1.4695E-02 1.6710E-02 1.9921E-02 2.3001E-02 2.4340E-02 2.2411E-02 2.2249E-02 2.4623E-02 2.1231E-02 2.6043E-02 3.5862E-02 5.3881E-02 4.7425E-02 3.9617E-02 3.7173E-02 3.4445E-02 2.9762E-02 2.5274E-02 2.1805E-02 1.9177E-02 1.7299E-02 1.5727E-02 1.4143E-02 1.3280E-02 1.1041E-02 1.0615E-02
2.5620E-03 3.7125E-03 5.3857E-03 6.9232E-03 8.3735E-03 9.3190E-03 9.0772E-03 7.7363E-03 6.0704E-03 5.0551E-03 5.3006E-03 5.5633E-03 5.7116E-03 5.7840E-03 6.5828E-03 8.0520E-03 9.7434E-03 1.4001E-02 1.2853E-02 1.1502E-02 1.1028E-02 9.8086E-03 8.1404E-03 1.3147E-02 1.5388E-02 1.1830E-02 9.4625E-03 1.2804E-02 1.3923E-02 1.4009E-02 1.6253E-02 1.5833E-02 1.6943E-02 1.9930E-02 2.3030E-02 2.4821E-02 2.3443E-02 2.2243E-02 2.6465E-02 2.3352E-02 2.6437E-02 3.7647E-02 5.5930E-02 5.0277E-02 4.1358E-02 3.9721E-02 3.6011E-02 3.0820E-02 2.6225E-02 2.2722E-02 2.0048E-02 1.8169E-02 1.6351E-02 1.4438E-02 1.2384E-02 1.1491E-02 1.1044E-02
2.7533E-03 3.3327E-03 3.8658E-03 4.5529E-03 6.3798E-03 8.5281E-03 1.0024E-02 1.0108E-02 9.1691E-03 7.4287E-03 5.9999E-03 5.8343E-03 6.1284E-03 6.6170E-03 6.9086E-03 7.2898E-03 8.9495E-03 1.0510E-02 1.3718E-02 1.2640E-02 1.2706E-02 1.1877E-02 1.0260E-02 8.3448E-03 1.3371E-02 1.7174E-02 1.2258E-02 1.0765E-02 1.3468E-02 1.3625E-02 1.7021E-02 1.8027E-02 1.6884E-02 1.9615E-02 2.2647E-02 2.5221E-02 2.4904E-02 2.1513E-02 2.6569E-02 2.4661E-02 2.9601E-02 3.9099E-02 5.6969E-02 5.3141E-02 4.2835E-02 4.2213E-02 3.7302E-02 3.1685E-02 2.7051E-02 2.3546E-02 2.0916E-02 1.8863E-02 1.6702E-02 1.4452E-02 1.2552E-02 1.1990E-02 1.1493E-02
