20231023_webinar_progetto_murano/data_input/calpost_grid/rank(2)_cd_24hr_conc_cd.grd
DSAA
          81          81
     760.250     764.250
    5036.750    5040.750
  0.7735E-01  0.6120E+01
[rows 0 to 24 of 81, columns 0 to 56 of 81]
1.8715E-01 2.0205E-01 2.1444E-01 2.2291E-01 2.2637E-01 2.2458E-01 2.1808E-01 2.0795E-01 1.9571E-01 1.8314E-01 2.1085E-01 2.2461E-01 2.3816E-01 2.5576E-01 2.7001E-01 2.8053E-01 2.8846E-01 2.9453E-01 3.0026E-01 3.0581E-01 3.2071E-01 3.4660E-01 3.6340E-01 3.3435E-01 3.3574E-01 3.5839E-01 3.4867E-01 3.6662E-01 3.8024E-01 3.8582E-01 3.8338E-01 3.7468E-01 3.6254E-01 3.5468E-01 3.6004E-01 3.6523E-01 3.7118E-01 3.6980E-01 3.4976E-01 3.5280E-01 3.6277E-01 3.6918E-01 3.4784E-01 3.3059E-01 3.2427E-01 3.1601E-01 3.0525E-01 2.9326E-01 2.8038E-01 2.6849E-01 2.5824E-01 2.4930E-01 2.4206E-01 2.3490E-01 2.2772E-01 2.1977E-01 2.1170E-01
1.8160E-01 1.9742E-01 2.1215E-01 2.2410E-01 2.3183E-01 2.3381E-01 2.3024E-01 2.2177E-01 2.0991E-01 1.9669E-01 2.0217E-01 2.3217E-01 2.3604E-01 2.5615E-01 2.7332E-01 2.8657E-01 2.9668E-01 3.0439E-01 3.1138E-01 3.1828E-01 3.2590E-01 3.5589E-01 3.7628E-01 3.5646E-01 3.5177E-01 3.7529E-01 3.6466E-01 3.7957E-01 3.9546E-01 4.0242E-01 4.0051E-01 3.9138E-01 3.7804E-01 3.6720E-01 3.7209E-01 3.7655E-01 3.8169E-01 3.8799E-01 3.7236E-01 3.7572E-01 3.8609E-01 3.8570E-01 3.6472E-01 3.5235E-01 3.4511E-01 3.3557E-01 3.2316E-01 3.0975E-01 2.9598E-01 2.8364E-01 2.7292E-01 2.6401E-01 2.5618E-01 2.4867E-01 2.4071E-01 2.3206E-01 2.2261E-01
1.7517E-01 1.9077E-01 2.0679E-01 2.2152E-01 2.3314E-01 2.3969E-01 2.4006E-01 2.3447E-01 2.2402E-01 2.1076E-01 1.9654E-01 2.2174E-01 2.4434E-01 2.5355E-01 2.7369E-01 2.9028E-01 3.0278E-01 3.1261E-01 3.2091E-01 3.2927E-01 3.3740E-01 3.6191E-01 3.8636E-01 3.7923E-01 3.6716E-01 3.9116E-01 3.7947E-01 3.9069E-01 4.0891E-01 4.1752E-01 4.1635E-01 4.0697E-01 3.9251E-01 3.7970E-01 3.8383E-01 3.8748E-01 3.9250E-01 3.9674E-01 3.9578E-01 3.9896E-01 4.0966E-01 4.0172E-01 3.8166E-01 3.7452E-01 3.6635E-01 3.5509E-01 3.4135E-01 3.2638E-01 3.1185E-01 2.9888E-01 2.8786E-01 2.7879E-01 2.7076E-01 2.6268E-01 2.5396E-01 2.4410E-01 2.3322E-01
1.7779E-01 1.8355E-01 1.9945E-01 2.1574E-01 2.3044E-01 2.4141E-01 2.4676E-01 2.4517E-01 2.3744E-01 2.2496E-01 2.1036E-01 2.0972E-01 2.4285E-01 2.4860E-01 2.7144E-01 2.9135E-01 3.0696E-01 3.1893E-01 3.2900E-01 3.3871E-01 3.4868E-01 3.6451E-01 3.9405E-01 4.0277E-01 3.8237E-01 4.0636E-01 3.9387E-01 4.0028E-01 4.2120E-01 4.3195E-01 4.3180E-01 4.2225E-01 4.0670E-01 3.9272E-01 4.0249E-01 4.1036E-01 4.1574E-01 4.1868E-01 4.1312E-01 4.2164E-01 4.2512E-01 4.1807E-01 4.0357E-01 3.9670E-01 3.8731E-01 3.7442E-01 3.5886E-01 3.4276E-01 3.2753E-01 3.1431E-01 3.0339E-01 2.9432E-01 2.8565E-01 2.7700E-01 2.6703E-01 2.5605E-01 2.4342E-01
1.8401E-01 1.8746E-01 1.9161E-01 2.0786E-01 2.2431E-01 2.3892E-01 2.4924E-01 2.5280E-01 2.4908E-01 2.3912E-01 2.2489E-01 2.0940E-01 2.2947E-01 2.6478E-01 2.6679E-01 2.8969E-01 3.0877E-01 3.2327E-01 3.3560E-01 3.4689E-01 3.5875E-01 3.6991E-01 3.9840E-01 4.2007E-01 3.9710E-01 4.2068E-01 4.0765E-01 4.0906E-01 4.3250E-01 4.4580E-01 4.4695E-01 4.3756E-01 4.2084E-01 4.1415E-01 4.2507E-01 4.3312E-01 4.3879E-01 4.4180E-01 4.3285E-01 4.4041E-01 4.3863E-01 4.3476E-01 4.2603E-01 4.1838E-01 4.0735E-01 3.9261E-01 3.7578E-01 3.5853E-01 3.4312E-01 3.2980E-01 3.1952E-01 3.1024E-01 3.0152E-01 2.9190E-01 2.8043E-01 2.6753E-01 2.5331E-01
1.8763E-01 1.9380E-01 1.9655E-01 1.9940E-01 2.1591E-01 2.3263E-01 2.4710E-01 2.5635E-01 2.5798E-01 2.5206E-01 2.3973E-01 2.2422E-01 2.1494E-01 2.5112E-01 2.6628E-01 2.8531E-01 3.0818E-01 3.2621E-01 3.4057E-01 3.5380E-01 3.6774E-01 3.8181E-01 4.0117E-01 4.2874E-01 4.1140E-01 4.3574E-01 4.2245E-01 4.1720E-01 4.4360E-01 4.5953E-01 4.6252E-01 4.5334E-01 4.3568E-01 4.3581E-01 4.4709E-01 4.5554E-01 4.6102E-01 4.6397E-01 4.5654E-01 4.6241E-01 4.5843E-01 4.5352E-01 4.4745E-01 4.3910E-01 4.2654E-01 4.1023E-01 3.9205E-01 3.7453E-01 3.5885E-01 3.4607E-01 3.3593E-01 3.2699E-01 3.1778E-01 3.0703E-01 2.9389E-01 2.7869E-01 2.6249E-01
1.8877E-01 1.9737E-01 2.0325E-01 2.0547E-01 2.0670E-01 2.2361E-01 2.4069E-01 2.5489E-01 2.6291E-01 2.6278E-01 2.5421E-01 2.3979E-01 2.2302E-01 2.3528E-01 2.7547E-01 2.7864E-01 3.0487E-01 3.2683E-01 3.4426E-01 3.5964E-01 3.7555E-01 3.9260E-01 4.1006E-01 4.3613E-01 4.3628E-01 4.5169E-01 4.3829E-01 4.2530E-01 4.5495E-01 4.7379E-01 4.7888E-01 4.7032E-01 4.5173E-01 4.5692E-01 4.6859E-01 4.7701E-01 4.8246E-01 4.8514E-01 4.8106E-01 4.8331E-01 4.7938E-01 4.7443E-01 4.6801E-01 4.5877E-01 4.4467E-01 4.2687E-01 4.0770E-01 3.8982E-01 3.7483E-01 3.6293E-01 3.5320E-01 3.4455E-01 3.3454E-01 3.2213E-01 3.0691E-01 2.8913E-01 2.7205E-01
1.8780E-01 1.9832E-01 2.0694E-01 2.1251E-01 2.1425E-01 2.1358E-01 2.3118E-01 2.4865E-01 2.6265E-01 2.6939E-01 2.6668E-01 2.5540E-01 2.3902E-01 2.2194E-01 2.5846E-01 2.8915E-01 2.9896E-01 3.2503E-01 3.4629E-01 3.6436E-01 3.8238E-01 4.0232E-01 4.2445E-01 4.4520E-01 4.6401E-01 4.6904E-01 4.5599E-01 4.3842E-01 4.6672E-01 4.8887E-01 4.9638E-01 4.8848E-01 4.6894E-01 4.7730E-01 4.8912E-01 4.9737E-01 5.0264E-01 5.0525E-01 5.0516E-01 5.0292E-01 4.9908E-01 4.9428E-01 4.8759E-01 4.7727E-01 4.6194E-01 4.4230E-01 4.2264E-01 4.0531E-01 3.9121E-01 3.8041E-01 3.7140E-01 3.6263E-01 3.5179E-01 3.3721E-01 3.1928E-01 2.9944E-01 2.8145E-01
1.8509E-01 1.9698E-01 2.0767E-01 2.1624E-01 2.2166E-01 2.2283E-01 2.2054E-01 2.3890E-01 2.5703E-01 2.7047E-01 2.7530E-01 2.6980E-01 2.5614E-01 2.3852E-01 2.4012E-01 2.8485E-01 2.9069E-01 3.2074E-01 3.4661E-01 3.6796E-01 3.8840E-01 4.1095E-01 4.3779E-01 4.6473E-01 4.8614E-01 4.9130E-01 4.9094E-01 4.7286E-01 4.7931E-01 5.0487E-01 5.1484E-01 5.0767E-01 4.9242E-01 4.9637E-01 5.0843E-01 5.1668E-01 5.2176E-01 5.2394E-01 5.2379E-01 5.2120E-01 5.1735E-01 5.1292E-01 5.0593E-01 4.9459E-01 4.7755E-01 4.5687E-01 4.3745E-01 4.2075E-01 4.0820E-01 3.9866E-01 3.9037E-01 3.8136E-01 3.6860E-01 3.5153E-01 3.3077E-01 3.0973E-01 2.9127E-01
1.8108E-01 1.9369E-01 2.0570E-01 2.1654E-01 2.2525E-01 2.3063E-01 2.3145E-01 2.2741E-01 2.4697E-01 2.6550E-01 2.7799E-01 2.8108E-01 2.7278E-01 2.5691E-01 2.3871E-01 2.6539E-01 3.1538E-01 3.1401E-01 3.4476E-01 3.7065E-01 3.9386E-01 4.1872E-01 4.4973E-01 4.8368E-01 5.1271E-01 5.0599E-01 5.2914E-01 5.1116E-01 4.9268E-01 5.2185E-01 5.3458E-01 5.2852E-01 5.2368E-01 5.2616E-01 5.2646E-01 5.3466E-01 5.3947E-01 5.4199E-01 5.4109E-01 5.3826E-01 5.3462E-01 5.3045E-01 5.2337E-01 5.1057E-01 4.9222E-01 4.7135E-01 4.5242E-01 4.3715E-01 4.2586E-01 4.1730E-01 4.0992E-01 4.0000E-01 3.8496E-01 3.6477E-01 3.4174E-01 3.1991E-01 3.0240E-01
1.7602E-01 1.8885E-01 2.0152E-01 2.1379E-01 2.2504E-01 2.3417E-01 2.3976E-01 2.4030E-01 2.3478E-01 2.5550E-01 2.7470E-01 2.8665E-01 2.8703E-01 2.7608E-01 2.5851E-01 2.4512E-01 2.9496E-01 3.1897E-01 3.4041E-01 3.7181E-01 3.9877E-01 4.2624E-01 4.6048E-01 5.0104E-01 5.3968E-01 5.2040E-01 5.6662E-01 5.5368E-01 5.2389E-01 5.4048E-01 5.5609E-01 5.5146E-01 5.5690E-01 5.5779E-01 5.5050E-01 5.5249E-01 5.5702E-01 5.6960E-01 5.5789E-01 5.5488E-01 5.5161E-01 5.4771E-01 5.3996E-01 5.2598E-01 5.0594E-01 4.8553E-01 4.6744E-01 4.5415E-01 4.4476E-01 4.3736E-01 4.3018E-01 4.1838E-01 4.0037E-01 3.7694E-01 3.5234E-01 3.3066E-01 3.1371E-01
1.7022E-01 1.8291E-01 1.9573E-01 2.0868E-01 2.2158E-01 2.3347E-01 2.4324E-01 2.4913E-01 2.4952E-01 2.4296E-01 2.6491E-01 2.8458E-01 2.9555E-01 2.9319E-01 2.8001E-01 2.6179E-01 2.7280E-01 3.2988E-01 3.3300E-01 3.7033E-01 4.0285E-01 4.3322E-01 4.7011E-01 5.1664E-01 5.6529E-01 5.5605E-01 5.8312E-01 6.0116E-01 5.6815E-01 5.6179E-01 5.8020E-01 5.8733E-01 5.9192E-01 5.9091E-01 5.8105E-01 5.6985E-01 5.7702E-01 5.9919E-01 5.7704E-01 5.7077E-01 5.6817E-01 5.6437E-01 5.5597E-01 5.4012E-01 5.1983E-01 5.0009E-01 4.8361E-01 4.7237E-01 4.6461E-01 4.5847E-01 4.5013E-01 4.3591E-01 4.1452E-01 3.8822E-01 3.6314E-01 3.4191E-01 3.2515E-01
1.6371E-01 1.7623E-01 1.8889E-01 2.0199E-01 2.1549E-01 2.2913E-01 2.4206E-01 2.5278E-01 2.5938E-01 2.5978E-01 2.5236E-01 2.7609E-01 2.9654E-01 3.0651E-01 3.0225E-01 2.8741E-01 2.6959E-01 3.0745E-01 3.5730E-01 3.6693E-01 4.0655E-01 4.4117E-01 4.8004E-01 5.3048E-01 5.8861E-01 5.9479E-01 5.9904E-01 6.5143E-01 6.1787E-01 5.8497E-01 6.0853E-01 6.2428E-01 6.2825E-01 6.2542E-01 6.1256E-01 5.9027E-01 6.0854E-01 6.3126E-01 6.0167E-01 5.9031E-01 5.8465E-01 5.8090E-01 5.7133E-01 5.6081E-01 5.3350E-01 5.1501E-01 5.0145E-01 4.9238E-01 4.8580E-01 4.8036E-01 4.7039E-01 4.5225E-01 4.2738E-01 3.9924E-01 3.7407E-01 3.5332E-01 3.3653E-01
1.5699E-01 1.6905E-01 1.8137E-01 1.9408E-01 2.0758E-01 2.2194E-01 2.3669E-01 2.5111E-01 2.6326E-01 2.7088E-01 2.7122E-01 2.6324E-01 2.9031E-01 3.1245E-01 3.2190E-01 3.1603E-01 2.9992E-01 2.9431E-01 3.4997E-01 3.6947E-01 4.0911E-01 4.4959E-01 4.9063E-01 5.4291E-01 6.0761E-01 6.2906E-01 6.1442E-01 6.7188E-01 6.7387E-01 6.2188E-01 6.4436E-01 6.6295E-01 6.6604E-01 6.6104E-01 6.4497E-01 6.1937E-01 6.4257E-01 6.6089E-01 6.2786E-01 6.1596E-01 6.0204E-01 5.9753E-01 5.8718E-01 5.8429E-01 5.5541E-01 5.3174E-01 5.2104E-01 5.1426E-01 5.1010E-01 5.0308E-01 4.8950E-01 4.6752E-01 4.3926E-01 4.1038E-01 3.8507E-01 3.6480E-01 3.4792E-01
1.5000E-01 1.6185E-01 1.7359E-01 1.8589E-01 1.9875E-01 2.1289E-01 2.2838E-01 2.4485E-01 2.6107E-01 2.7499E-01 2.8379E-01 2.8478E-01 2.7895E-01 3.0998E-01 3.3480E-01 3.4418E-01 3.3625E-01 3.3028E-01 3.3189E-01 4.0376E-01 4.0861E-01 4.5747E-01 5.0195E-01 5.5385E-01 6.2243E-01 6.5888E-01 6.3423E-01 6.9097E-01 7.3605E-01 6.7611E-01 6.8024E-01 7.0305E-01 7.0574E-01 6.9804E-01 6.7833E-01 6.4896E-01 6.7908E-01 6.8879E-01 6.5528E-01 6.4053E-01 6.2690E-01 6.1424E-01 6.0458E-01 6.0834E-01 5.8300E-01 5.5080E-01 5.4320E-01 5.3863E-01 5.3507E-01 5.2645E-01 5.0903E-01 4.8255E-01 4.5126E-01 4.2229E-01 3.9709E-01 3.7336E-01 3.4310E-01
1.4539E-01 1.5761E-01 1.7071E-01 1.8410E-01 1.9681E-01 2.0808E-01 2.1829E-01 2.3510E-01 2.5340E-01 2.7187E-01 2.8841E-01 2.9989E-01 3.0179E-01 3.0124E-01 3.3819E-01 3.6580E-01 3.7362E-01 3.6683E-01 3.6991E-01 3.8094E-01 4.3377E-01 4.6312E-01 5.1410E-01 5.6604E-01 6.3501E-01 6.8372E-01 6.7394E-01 7.0876E-01 7.7160E-01 7.3817E-01 7.1705E-01 7.4526E-01 7.4746E-01 7.3655E-01 7.1291E-01 6.8678E-01 7.1837E-01 7.1807E-01 6.8817E-01 6.6444E-01 6.5093E-01 6.3005E-01 6.2129E-01 6.3238E-01 6.1133E-01 5.7211E-01 5.6833E-01 5.6661E-01 5.6169E-01 5.4954E-01 5.2768E-01 4.9713E-01 4.6483E-01 4.3374E-01 3.9908E-01 3.6589E-01 3.3512E-01
1.4328E-01 1.5549E-01 1.6830E-01 1.8200E-01 1.9580E-01 2.0902E-01 2.2043E-01 2.2880E-01 2.4188E-01 2.6255E-01 2.8469E-01 3.0564E-01 3.2013E-01 3.2173E-01 3.3218E-01 3.7553E-01 4.0409E-01 4.0732E-01 4.0712E-01 4.0825E-01 4.4644E-01 4.6408E-01 5.2506E-01 5.7979E-01 6.4611E-01 7.0561E-01 7.0890E-01 7.2430E-01 7.9484E-01 8.0907E-01 7.5441E-01 7.8965E-01 7.9155E-01 7.7794E-01 7.4916E-01 7.2757E-01 7.6091E-01 7.4988E-01 7.3730E-01 7.0510E-01 6.7376E-01 6.4998E-01 6.3764E-01 6.5741E-01 6.4164E-01 5.9697E-01 5.9697E-01 5.9646E-01 5.8919E-01 5.7247E-01 5.4607E-01 5.0674E-01 4.6600E-01 4.2785E-01 3.9181E-01 3.5819E-01 3.2681E-01
1.3994E-01 1.5147E-01 1.6401E-01 1.7709E-01 1.9156E-01 2.0718E-01 2.2271E-01 2.3458E-01 2.4346E-01 2.4944E-01 2.7377E-01 3.0095E-01 3.2647E-01 3.4266E-01 3.4152E-01 3.7176E-01 4.1947E-01 4.4557E-01 4.4079E-01 4.4406E-01 4.4432E-01 5.0567E-01 5.3169E-01 5.9345E-01 6.5810E-01 7.2791E-01 7.3840E-01 7.3833E-01 8.1745E-01 8.8543E-01 7.9301E-01 8.3618E-01 8.3934E-01 8.2121E-01 7.8792E-01 7.7110E-01 8.0586E-01 7.9885E-01 7.8978E-01 7.5649E-01 7.0921E-01 6.7385E-01 6.5403E-01 6.8245E-01 6.7246E-01 6.2869E-01 6.2952E-01 6.2796E-01 6.1713E-01 5.9554E-01 5.4882E-01 5.0380E-01 4.6060E-01 4.2093E-01 3.8399E-01 3.4978E-01 3.1855E-01
1.3715E-01 1.4845E-01 1.6060E-01 1.7330E-01 1.8735E-01 2.0202E-01 2.1809E-01 2.3589E-01 2.5171E-01 2.6102E-01 2.6617E-01 2.8777E-01 3.1988E-01 3.4863E-01 3.6458E-01 3.6078E-01 4.1772E-01 4.6666E-01 4.8620E-01 4.7830E-01 4.8095E-01 4.9377E-01 5.2921E-01 6.0436E-01 6.7153E-01 7.5309E-01 7.6432E-01 7.5108E-01 8.3889E-01 9.1781E-01 8.6833E-01 8.8562E-01 8.9039E-01 8.6816E-01 8.2962E-01 8.1748E-01 8.4394E-01 8.5071E-01 8.4545E-01 8.1167E-01 7.5753E-01 6.9692E-01 6.7076E-01 7.0760E-01 7.0369E-01 6.6179E-01 6.6483E-01 6.6058E-01 6.4484E-01 5.9813E-01 5.4720E-01 4.9936E-01 4.5481E-01 4.1340E-01 3.7573E-01 3.4103E-01 3.2219E-01
1.3442E-01 1.4598E-01 1.5806E-01 1.7081E-01 1.8403E-01 1.9856E-01 2.1392E-01 2.3064E-01 2.4941E-01 2.7088E-01 2.8240E-01 2.8886E-01 3.0396E-01 3.4014E-01 3.7190E-01 3.8860E-01 4.0537E-01 4.6670E-01 5.1297E-01 5.2210E-01 5.1745E-01 5.1985E-01 5.7899E-01 6.0776E-01 6.8385E-01 7.6431E-01 7.9107E-01 7.8438E-01 8.5928E-01 9.5030E-01 9.5236E-01 9.3822E-01 9.4645E-01 9.2051E-01 8.7543E-01 8.6855E-01 8.8216E-01 9.0410E-01 9.0399E-01 8.6987E-01 8.0838E-01 7.2965E-01 6.9374E-01 7.3259E-01 7.3558E-01 6.9783E-01 7.0112E-01 6.9248E-01 6.5639E-01 5.9883E-01 5.4440E-01 4.9403E-01 4.4809E-01 4.0545E-01 3.6686E-01 3.5112E-01 3.3694E-01
1.3226E-01 1.4337E-01 1.5589E-01 1.6860E-01 1.8201E-01 1.9633E-01 2.1137E-01 2.2772E-01 2.4555E-01 2.6546E-01 2.8896E-01 3.0876E-01 3.1667E-01 3.2308E-01 3.6376E-01 3.9799E-01 4.1405E-01 4.5221E-01 5.1557E-01 5.5565E-01 5.5208E-01 5.5875E-01 5.6323E-01 5.9924E-01 6.9226E-01 7.7400E-01 8.2226E-01 8.1782E-01 8.7896E-01 9.8388E-01 1.0436E+00 9.9463E-01 1.0083E+00 9.7875E-01 9.2524E-01 9.2461E-01 9.2584E-01 9.5794E-01 9.6351E-01 9.3041E-01 8.6094E-01 7.6684E-01 7.2040E-01 7.5871E-01 7.6922E-01 7.3866E-01 7.3703E-01 7.2275E-01 6.6026E-01 5.9866E-01 5.4106E-01 4.8850E-01 4.4115E-01 4.0101E-01 3.8848E-01 3.7101E-01 3.5157E-01
1.3022E-01 1.4157E-01 1.5358E-01 1.6643E-01 1.8018E-01 1.9474E-01 2.1028E-01 2.2651E-01 2.4408E-01 2.6345E-01 2.8511E-01 3.1099E-01 3.4117E-01 3.5004E-01 3.5679E-01 3.8937E-01 4.2613E-01 4.4194E-01 5.0025E-01 5.6408E-01 5.9462E-01 5.9861E-01 6.0496E-01 6.4355E-01 6.9112E-01 7.8377E-01 8.6130E-01 8.5161E-01 8.9779E-01 1.0185E+00 1.1165E+00 1.0558E+00 1.0773E+00 1.0426E+00 9.7813E-01 9.8707E-01 9.7886E-01 1.0129E+00 1.0234E+00 9.9259E-01 9.1338E-01 8.0252E-01 7.5743E-01 7.8466E-01 8.0329E-01 7.8026E-01 7.7220E-01 7.3347E-01 6.6274E-01 5.9692E-01 5.3673E-01 4.8239E-01 4.3626E-01 4.2734E-01 4.1197E-01 3.9135E-01 3.6736E-01
1.2869E-01 1.3975E-01 1.5178E-01 1.6450E-01 1.7828E-01 1.9334E-01 2.0966E-01 2.2652E-01 2.4429E-01 2.6334E-01 2.8465E-01 3.0845E-01 3.3665E-01 3.7078E-01 3.8687E-01 3.9428E-01 4.1779E-01 4.5913E-01 4.8236E-01 5.4932E-01 6.1059E-01 6.3216E-01 6.4908E-01 6.5647E-01 6.7639E-01 7.8849E-01 8.8872E-01 8.8961E-01 9.1514E-01 1.0530E+00 1.1724E+00 1.1229E+00 1.1536E+00 1.1125E+00 1.0341E+00 1.0474E+00 1.0340E+00 1.0686E+00 1.0829E+00 1.0527E+00 9.6405E-01 8.4344E-01 8.0139E-01 8.1074E-01 8.3680E-01 8.2029E-01 8.0633E-01 7.4007E-01 6.6366E-01 5.9440E-01 5.3161E-01 4.7532E-01 4.6569E-01 4.5474E-01 4.3585E-01 4.1140E-01 3.8418E-01
1.2706E-01 1.3825E-01 1.5023E-01 1.6303E-01 1.7682E-01 1.9180E-01 2.0835E-01 2.2644E-01 2.4505E-01 2.6458E-01 2.8566E-01 3.0917E-01 3.3560E-01 3.6611E-01 4.0256E-01 4.2558E-01 4.3288E-01 4.5236E-01 4.9880E-01 5.2965E-01 5.9994E-01 6.5654E-01 6.9262E-01 7.0572E-01 7.2012E-01 7.8145E-01 8.9275E-01 9.3885E-01 9.3090E-01 1.0857E+00 1.2298E+00 1.1949E+00 1.2365E+00 1.1872E+00 1.0941E+00 1.1055E+00 1.0925E+00 1.1218E+00 1.1368E+00 1.1084E+00 1.0099E+00 8.9302E-01 8.4959E-01 8.4089E-01 8.6914E-01 8.5816E-01 8.3192E-01 7.4397E-01 6.6293E-01 5.9052E-01 5.2573E-01 5.0400E-01 4.9803E-01 4.8284E-01 4.5967E-01 4.3140E-01 4.0058E-01
1.2561E-01 1.3671E-01 1.4868E-01 1.6152E-01 1.7538E-01 1.9047E-01 2.0703E-01 2.2529E-01 2.4492E-01 2.6574E-01 2.8771E-01 3.1088E-01 3.3693E-01 3.6551E-01 3.9831E-01 4.3657E-01 4.6612E-01 4.7395E-01 4.9274E-01 5.4159E-01 5.8040E-01 6.5620E-01 7.2450E-01 7.5725E-01 7.6860E-01 7.8616E-01 8.9034E-01 9.9819E-01 9.4350E-01 1.1156E+00 1.2888E+00 1.2908E+00 1.3298E+00 1.2707E+00 1.1599E+00 1.1703E+00 1.1532E+00 1.1726E+00 1.1816E+00 1.1521E+00 1.0482E+00 9.4782E-01 9.0279E-01 8.9223E-01 9.0316E-01 8.9319E-01 8.4005E-01 7.4516E-01 6.6028E-01 5.8514E-01 5.3988E-01 5.4205E-01 5.3126E-01 5.1092E-01 4.8318E-01 4.5013E-01 4.1534E-01
