20231023_webinar_progetto_murano/data_input/calpost_grid/rank(0)_cd_2952hr_conc_cd.grd
DSAA
          81          81
     760.250     764.250
    5036.750    5040.750
  0.9043E-02  0.9412E+00
[rows 25 to 49 of 81, columns 0 to 56 of 81]
2.8023E-02 2.9940E-02 3.1952E-02 3.4095E-02 3.6397E-02 3.8930E-02 4.1705E-02 4.4755E-02 4.8067E-02 5.1679E-02 5.5609E-02 5.9983E-02 6.4936E-02 7.0605E-02 7.7142E-02 8.4736E-02 9.3639E-02 1.0401E-01 1.1609E-01 1.3010E-01 1.4639E-01 1.6545E-01 1.8717E-01 2.1021E-01 2.3274E-01 2.5517E-01 2.8133E-01 3.1243E-01 3.4180E-01 3.6761E-01 3.9002E-01 4.0446E-01 4.1286E-01 4.0940E-01 3.9771E-01 3.8068E-01 3.6676E-01 3.5379E-01 3.3892E-01 3.2348E-01 3.0715E-01 2.9267E-01 2.7960E-01 2.6693E-01 2.5387E-01 2.3969E-01 2.2450E-01 2.0897E-01 1.9361E-01 1.7897E-01 1.6536E-01 1.5288E-01 1.4144E-01 1.3127E-01 1.2223E-01 1.1373E-01 1.0551E-01
2.8133E-02 3.0088E-02 3.2143E-02 3.4327E-02 3.6675E-02 3.9224E-02 4.2018E-02 4.5080E-02 4.8408E-02 5.2042E-02 5.6024E-02 6.0426E-02 6.5360E-02 7.0930E-02 7.7320E-02 8.4696E-02 9.3301E-02 1.0326E-01 1.1479E-01 1.2812E-01 1.4383E-01 1.6262E-01 1.8491E-01 2.1025E-01 2.3659E-01 2.6249E-01 2.8918E-01 3.2142E-01 3.5614E-01 3.8599E-01 4.1275E-01 4.2951E-01 4.3837E-01 4.3410E-01 4.1998E-01 4.0044E-01 3.8570E-01 3.7055E-01 3.5413E-01 3.3777E-01 3.2165E-01 3.0755E-01 2.9380E-01 2.8027E-01 2.6639E-01 2.5095E-01 2.3473E-01 2.1851E-01 2.0220E-01 1.8653E-01 1.7212E-01 1.5885E-01 1.4651E-01 1.3546E-01 1.2564E-01 1.1642E-01 1.0766E-01
2.8116E-02 3.0066E-02 3.2128E-02 3.4349E-02 3.6734E-02 3.9318E-02 4.2131E-02 4.5193E-02 4.8540E-02 5.2188E-02 5.6189E-02 6.0628E-02 6.5560E-02 7.1106E-02 7.7394E-02 8.4621E-02 9.2941E-02 1.0253E-01 1.1346E-01 1.2604E-01 1.4086E-01 1.5895E-01 1.8109E-01 2.0758E-01 2.3710E-01 2.6737E-01 2.9744E-01 3.3001E-01 3.6914E-01 4.0483E-01 4.3612E-01 4.5656E-01 4.6564E-01 4.6039E-01 4.4340E-01 4.2083E-01 4.0462E-01 3.8683E-01 3.6916E-01 3.5218E-01 3.3684E-01 3.2274E-01 3.0761E-01 2.9342E-01 2.7923E-01 2.6276E-01 2.4552E-01 2.2827E-01 2.1067E-01 1.9411E-01 1.7907E-01 1.6494E-01 1.5165E-01 1.3970E-01 1.2906E-01 1.1923E-01 1.1013E-01
2.8044E-02 2.9928E-02 3.1940E-02 3.4125E-02 3.6502E-02 3.9094E-02 4.1925E-02 4.4992E-02 4.8333E-02 5.2007E-02 5.6047E-02 6.0506E-02 6.5436E-02 7.0953E-02 7.7168E-02 8.4243E-02 9.2310E-02 1.0151E-01 1.1195E-01 1.2388E-01 1.3776E-01 1.5467E-01 1.7588E-01 2.0239E-01 2.3390E-01 2.6823E-01 3.0359E-01 3.3907E-01 3.8002E-01 4.2353E-01 4.5961E-01 4.8510E-01 4.9399E-01 4.8719E-01 4.6664E-01 4.4045E-01 4.2187E-01 4.0172E-01 3.8290E-01 3.6595E-01 3.5168E-01 3.3670E-01 3.2030E-01 3.0615E-01 2.9225E-01 2.7491E-01 2.5647E-01 2.3774E-01 2.1894E-01 2.0190E-01 1.8634E-01 1.7125E-01 1.5688E-01 1.4405E-01 1.3267E-01 1.2240E-01 1.1313E-01
2.7970E-02 2.9776E-02 3.1693E-02 3.3769E-02 3.6057E-02 3.8581E-02 4.1355E-02 4.4405E-02 4.7733E-02 5.1399E-02 5.5433E-02 5.9907E-02 6.4858E-02 7.0373E-02 7.6523E-02 8.3466E-02 9.1321E-02 1.0019E-01 1.1015E-01 1.2143E-01 1.3457E-01 1.5030E-01 1.6981E-01 1.9487E-01 2.2670E-01 2.6442E-01 3.0489E-01 3.4694E-01 3.9023E-01 4.4072E-01 4.8305E-01 5.1356E-01 5.2198E-01 5.1246E-01 4.8723E-01 4.5723E-01 4.3533E-01 4.1344E-01 3.9396E-01 3.7808E-01 3.6396E-01 3.4795E-01 3.3142E-01 3.1835E-01 3.0516E-01 2.8699E-01 2.6711E-01 2.4676E-01 2.2727E-01 2.1019E-01 1.9407E-01 1.7778E-01 1.6231E-01 1.4865E-01 1.3673E-01 1.2619E-01 1.1659E-01
2.7905E-02 2.9640E-02 3.1462E-02 3.3416E-02 3.5554E-02 3.7935E-02 4.0583E-02 4.3517E-02 4.6763E-02 5.0367E-02 5.4352E-02 5.8777E-02 6.3708E-02 6.9209E-02 7.5353E-02 8.2212E-02 8.9921E-02 9.8549E-02 1.0811E-01 1.1881E-01 1.3115E-01 1.4576E-01 1.6360E-01 1.8619E-01 2.1594E-01 2.5460E-01 3.0036E-01 3.4961E-01 4.0050E-01 4.5427E-01 5.0534E-01 5.3930E-01 5.4615E-01 5.3338E-01 5.0207E-01 4.6762E-01 4.4229E-01 4.1940E-01 4.0040E-01 3.8509E-01 3.7039E-01 3.5512E-01 3.4036E-01 3.2915E-01 3.1665E-01 2.9814E-01 2.7714E-01 2.5564E-01 2.3608E-01 2.1917E-01 2.0213E-01 1.8449E-01 1.6798E-01 1.5365E-01 1.4124E-01 1.3036E-01 1.2002E-01
2.7752E-02 2.9477E-02 3.1252E-02 3.3114E-02 3.5125E-02 3.7339E-02 3.9806E-02 4.2562E-02 4.5637E-02 4.9079E-02 5.2921E-02 5.7210E-02 6.2013E-02 6.7425E-02 7.3526E-02 8.0369E-02 8.8012E-02 9.6458E-02 1.0585E-01 1.1615E-01 1.2764E-01 1.4096E-01 1.5708E-01 1.7735E-01 2.0367E-01 2.3945E-01 2.8749E-01 3.4403E-01 4.0436E-01 4.6410E-01 5.2370E-01 5.6255E-01 5.6767E-01 5.5055E-01 5.1070E-01 4.7069E-01 4.4223E-01 4.1761E-01 3.9978E-01 3.8303E-01 3.6952E-01 3.5753E-01 3.4616E-01 3.3669E-01 3.2532E-01 3.0786E-01 2.8663E-01 2.6447E-01 2.4542E-01 2.2854E-01 2.1023E-01 1.9124E-01 1.7392E-01 1.5887E-01 1.4592E-01 1.3422E-01 1.2290E-01
2.7365E-02 2.9137E-02 3.0934E-02 3.2789E-02 3.4748E-02 3.6857E-02 3.9155E-02 4.1710E-02 4.4573E-02 4.7804E-02 5.1408E-02 5.5455E-02 6.0036E-02 6.5221E-02 7.1142E-02 7.7865E-02 8.5408E-02 9.3791E-02 1.0303E-01 1.1312E-01 1.2408E-01 1.3617E-01 1.5023E-01 1.6788E-01 1.9106E-01 2.2213E-01 2.6545E-01 3.2541E-01 3.9452E-01 4.6815E-01 5.3462E-01 5.8327E-01 5.8658E-01 5.6244E-01 5.1293E-01 4.6780E-01 4.3574E-01 4.0826E-01 3.8799E-01 3.6988E-01 3.6077E-01 3.5361E-01 3.4631E-01 3.3897E-01 3.3011E-01 3.1563E-01 2.9520E-01 2.7285E-01 2.5469E-01 2.3788E-01 2.1797E-01 1.9779E-01 1.7970E-01 1.6381E-01 1.5010E-01 1.3736E-01 1.2501E-01
2.6695E-02 2.8517E-02 3.0375E-02 3.2286E-02 3.4282E-02 3.6378E-02 3.8630E-02 4.1058E-02 4.3734E-02 4.6717E-02 5.0070E-02 5.3847E-02 5.8101E-02 6.2953E-02 6.8520E-02 7.4920E-02 8.2262E-02 9.0477E-02 9.9521E-02 1.0937E-01 1.1996E-01 1.3138E-01 1.4385E-01 1.5854E-01 1.7766E-01 2.0427E-01 2.4109E-01 2.9436E-01 3.6994E-01 4.5752E-01 5.4318E-01 6.0223E-01 6.0444E-01 5.6934E-01 5.0905E-01 4.6263E-01 4.2238E-01 3.9148E-01 3.6707E-01 3.5144E-01 3.4638E-01 3.4324E-01 3.3973E-01 3.3539E-01 3.3046E-01 3.2076E-01 3.0244E-01 2.8050E-01 2.6351E-01 2.4657E-01 2.2483E-01 2.0385E-01 1.8492E-01 1.6814E-01 1.5342E-01 1.3958E-01 1.2648E-01
2.5868E-02 2.7671E-02 2.9545E-02 3.1496E-02 3.3549E-02 3.5722E-02 3.8012E-02 4.0446E-02 4.3072E-02 4.5929E-02 4.9066E-02 5.2569E-02 5.6520E-02 6.0981E-02 6.6098E-02 7.2018E-02 7.8905E-02 8.6807E-02 9.5627E-02 1.0516E-01 1.1532E-01 1.2610E-01 1.3759E-01 1.5047E-01 1.6596E-01 1.8719E-01 2.1897E-01 2.6558E-01 3.3277E-01 4.2799E-01 5.4337E-01 6.1168E-01 6.1729E-01 5.6739E-01 4.9852E-01 4.5128E-01 4.0103E-01 3.6844E-01 3.4685E-01 3.3512E-01 3.3105E-01 3.3034E-01 3.2893E-01 3.2668E-01 3.2585E-01 3.2268E-01 3.0826E-01 2.8703E-01 2.7165E-01 2.5390E-01 2.3072E-01 2.0943E-01 1.8955E-01 1.7152E-01 1.5581E-01 1.4110E-01 1.2732E-01
2.5045E-02 2.6777E-02 2.8592E-02 3.0513E-02 3.2561E-02 3.4764E-02 3.7116E-02 3.9637E-02 4.2326E-02 4.5220E-02 4.8326E-02 5.1702E-02 5.5411E-02 5.9539E-02 6.4217E-02 6.9594E-02 7.5869E-02 8.3209E-02 9.1635E-02 1.0089E-01 1.1068E-01 1.2083E-01 1.3141E-01 1.4301E-01 1.5655E-01 1.7478E-01 2.0090E-01 2.3988E-01 3.0011E-01 3.8136E-01 5.0106E-01 6.0751E-01 6.1032E-01 5.4668E-01 4.8275E-01 4.1900E-01 3.7613E-01 3.5036E-01 3.3554E-01 3.2572E-01 3.1999E-01 3.1878E-01 3.1710E-01 3.1565E-01 3.1817E-01 3.2248E-01 3.1296E-01 2.9249E-01 2.7882E-01 2.5958E-01 2.3589E-01 2.1445E-01 1.9327E-01 1.7409E-01 1.5762E-01 1.4195E-01 1.2740E-01
2.4349E-02 2.5986E-02 2.7697E-02 2.9521E-02 3.1474E-02 3.3592E-02 3.5909E-02 3.8456E-02 4.1217E-02 4.4228E-02 4.7464E-02 5.0949E-02 5.4655E-02 5.8647E-02 6.3017E-02 6.7907E-02 7.3558E-02 8.0158E-02 8.7908E-02 9.6777E-02 1.0637E-01 1.1623E-01 1.2608E-01 1.3624E-01 1.4800E-01 1.6470E-01 1.8871E-01 2.2181E-01 2.6901E-01 3.4554E-01 4.2613E-01 5.5453E-01 5.6142E-01 5.0798E-01 4.4893E-01 3.8441E-01 3.5525E-01 3.4045E-01 3.2917E-01 3.2257E-01 3.1523E-01 3.0963E-01 3.0769E-01 3.0670E-01 3.1227E-01 3.2413E-01 3.1862E-01 2.9797E-01 2.8443E-01 2.6304E-01 2.3986E-01 2.1824E-01 1.9583E-01 1.7600E-01 1.5889E-01 1.4161E-01 1.2649E-01
2.3820E-02 2.5360E-02 2.6966E-02 2.8667E-02 3.0487E-02 3.2463E-02 3.4652E-02 3.7076E-02 3.9761E-02 4.2759E-02 4.6078E-02 4.9711E-02 5.3653E-02 5.7856E-02 6.2270E-02 6.6965E-02 7.2106E-02 7.7934E-02 8.4796E-02 9.2886E-02 1.0208E-01 1.1190E-01 1.2158E-01 1.3074E-01 1.4080E-01 1.5562E-01 1.7745E-01 2.0860E-01 2.5283E-01 3.1700E-01 4.0392E-01 4.5637E-01 5.2744E-01 4.6548E-01 4.1770E-01 3.7549E-01 3.4080E-01 3.2812E-01 3.2024E-01 3.2299E-01 3.1362E-01 3.0435E-01 3.0030E-01 3.0035E-01 3.1003E-01 3.2992E-01 3.2726E-01 3.0529E-01 2.8798E-01 2.6415E-01 2.4249E-01 2.2074E-01 1.9734E-01 1.7741E-01 1.5863E-01 1.3987E-01 1.2557E-01
2.3422E-02 2.4891E-02 2.6411E-02 2.8003E-02 2.9708E-02 3.1546E-02 3.3554E-02 3.5790E-02 3.8281E-02 4.1089E-02 4.4258E-02 4.7835E-02 5.1852E-02 5.6311E-02 6.1080E-02 6.6073E-02 7.1230E-02 7.6681E-02 8.2714E-02 8.9628E-02 9.7765E-02 1.0698E-01 1.1666E-01 1.2575E-01 1.3523E-01 1.4876E-01 1.6837E-01 1.9644E-01 2.3667E-01 2.9641E-01 3.8626E-01 4.5140E-01 6.0519E-01 4.7566E-01 4.3005E-01 3.7730E-01 3.3756E-01 3.2925E-01 3.1645E-01 3.3064E-01 3.1894E-01 3.0208E-01 2.9359E-01 2.9619E-01 3.1202E-01 3.4073E-01 3.3916E-01 3.1398E-01 2.8882E-01 2.6421E-01 2.4460E-01 2.2264E-01 1.9860E-01 1.7741E-01 1.5657E-01 1.3819E-01 1.2518E-01
2.3091E-02 2.4522E-02 2.5988E-02 2.7507E-02 2.9121E-02 3.0842E-02 3.2720E-02 3.4785E-02 3.7064E-02 3.9619E-02 4.2508E-02 4.5793E-02 4.9552E-02 5.3848E-02 5.8695E-02 6.4049E-02 6.9781E-02 7.5718E-02 8.1773E-02 8.7975E-02 9.4739E-02 1.0244E-01 1.1111E-01 1.2038E-01 1.3078E-01 1.4425E-01 1.6235E-01 1.8807E-01 2.2524E-01 2.7977E-01 3.6559E-01 4.5865E-01 5.3138E-01 5.4024E-01 4.5694E-01 3.7763E-01 3.2441E-01 3.2553E-01 3.2256E-01 3.3645E-01 3.2389E-01 2.9944E-01 2.8732E-01 2.9745E-01 3.2080E-01 3.5660E-01 3.5249E-01 3.2190E-01 2.8910E-01 2.6536E-01 2.4750E-01 2.2449E-01 1.9871E-01 1.7602E-01 1.5435E-01 1.3648E-01 1.2325E-01
2.2752E-02 2.4154E-02 2.5580E-02 2.7061E-02 2.8615E-02 3.0270E-02 3.2043E-02 3.3975E-02 3.6098E-02 3.8450E-02 4.1087E-02 4.4045E-02 4.7406E-02 5.1239E-02 5.5658E-02 6.0753E-02 6.6627E-02 7.3289E-02 8.0421E-02 8.7586E-02 9.4524E-02 1.0106E-01 1.0785E-01 1.1619E-01 1.2746E-01 1.4209E-01 1.6061E-01 1.8594E-01 2.2201E-01 2.7375E-01 3.4807E-01 4.2691E-01 5.1353E-01 5.5025E-01 4.5433E-01 3.7078E-01 3.0499E-01 3.1135E-01 3.2739E-01 3.5233E-01 3.3618E-01 2.9366E-01 2.7982E-01 3.0622E-01 3.3724E-01 3.7430E-01 3.6394E-01 3.2703E-01 2.9140E-01 2.6948E-01 2.5114E-01 2.2579E-01 1.9768E-01 1.7298E-01 1.5004E-01 1.3265E-01 1.1996E-01
2.2353E-02 2.3713E-02 2.5102E-02 2.6537E-02 2.8049E-02 2.9650E-02 3.1360E-02 3.3204E-02 3.5224E-02 3.7448E-02 3.9917E-02 4.2672E-02 4.5743E-02 4.9194E-02 5.3092E-02 5.7552E-02 6.2785E-02 6.9014E-02 7.6446E-02 8.5067E-02 9.4261E-02 1.0285E-01 1.0995E-01 1.1639E-01 1.2573E-01 1.4100E-01 1.6224E-01 1.8885E-01 2.2456E-01 2.7049E-01 3.2588E-01 3.9653E-01 4.7036E-01 4.7504E-01 4.5441E-01 3.1694E-01 2.8944E-01 2.8714E-01 3.1468E-01 3.6463E-01 3.6190E-01 2.7513E-01 2.6885E-01 3.1591E-01 3.6202E-01 3.9297E-01 3.7224E-01 3.3371E-01 2.9911E-01 2.7614E-01 2.5740E-01 2.2638E-01 1.9418E-01 1.6637E-01 1.4363E-01 1.2882E-01 1.1832E-01
2.1894E-02 2.3214E-02 2.4559E-02 2.5956E-02 2.7422E-02 2.8976E-02 3.0637E-02 3.2426E-02 3.4379E-02 3.6524E-02 3.8892E-02 4.1529E-02 4.4447E-02 4.7702E-02 5.1327E-02 5.5405E-02 6.0041E-02 6.5486E-02 7.1927E-02 7.9660E-02 8.8794E-02 9.9384E-02 1.1076E-01 1.2085E-01 1.2873E-01 1.3963E-01 1.6290E-01 1.9531E-01 2.2979E-01 2.6685E-01 3.0501E-01 3.6775E-01 4.4283E-01 4.8273E-01 4.3539E-01 3.1026E-01 2.7717E-01 2.5673E-01 2.7030E-01 3.7409E-01 4.6701E-01 2.5410E-01 2.5755E-01 3.1110E-01 3.9985E-01 4.3023E-01 3.8166E-01 3.4670E-01 3.0995E-01 2.8829E-01 2.6276E-01 2.2487E-01 1.8733E-01 1.5883E-01 1.3992E-01 1.2799E-01 1.1914E-01
2.1447E-02 2.2730E-02 2.4031E-02 2.5378E-02 2.6800E-02 2.8310E-02 2.9931E-02 3.1686E-02 3.3599E-02 3.5720E-02 3.8070E-02 4.0657E-02 4.3509E-02 4.6681E-02 5.0184E-02 5.4078E-02 5.8439E-02 6.3347E-02 6.8952E-02 7.5289E-02 8.2455E-02 9.0771E-02 1.0079E-01 1.1397E-01 1.3025E-01 1.4473E-01 1.6040E-01 1.9977E-01 2.3935E-01 2.6159E-01 2.8042E-01 3.3643E-01 4.3401E-01 4.9930E-01 4.5487E-01 3.4929E-01 2.6809E-01 2.2621E-01 2.2507E-01 2.6453E-01 2.1773E-01 2.2977E-01 2.5719E-01 3.1272E-01 4.1104E-01 6.2574E-01 4.0460E-01 3.6025E-01 3.2958E-01 3.0001E-01 2.6511E-01 2.2086E-01 1.8200E-01 1.5658E-01 1.4015E-01 1.2897E-01 1.1903E-01
2.1085E-02 2.2340E-02 2.3615E-02 2.4927E-02 2.6309E-02 2.7786E-02 2.9375E-02 3.1107E-02 3.3000E-02 3.5096E-02 3.7411E-02 3.9969E-02 4.2779E-02 4.5879E-02 4.9290E-02 5.3019E-02 5.7104E-02 6.1664E-02 6.6756E-02 7.2395E-02 7.8539E-02 8.5345E-02 9.3031E-02 1.0205E-01 1.1343E-01 1.2894E-01 1.5229E-01 1.8462E-01 2.5854E-01 2.5827E-01 2.4704E-01 2.9610E-01 4.0042E-01 5.3878E-01 4.1214E-01 3.7657E-01 2.5870E-01 2.0647E-01 2.2462E-01 2.9320E-01 3.9337E-01 2.7313E-01 2.8123E-01 3.2608E-01 4.4695E-01 5.3480E-01 4.3002E-01 3.8062E-01 3.4238E-01 3.0444E-01 2.6389E-01 2.1586E-01 1.7720E-01 1.5349E-01 1.3852E-01 1.2687E-01 1.1527E-01
2.0848E-02 2.2091E-02 2.3351E-02 2.4654E-02 2.6016E-02 2.7464E-02 2.9020E-02 3.0723E-02 3.2588E-02 3.4643E-02 3.6911E-02 3.9406E-02 4.2122E-02 4.5073E-02 4.8299E-02 5.1800E-02 5.5639E-02 5.9915E-02 6.4771E-02 7.0198E-02 7.6132E-02 8.2649E-02 8.9744E-02 9.7368E-02 1.0544E-01 1.1366E-01 1.2298E-01 1.3757E-01 1.7798E-01 1.9007E-01 2.2064E-01 2.6173E-01 3.1807E-01 3.0515E-01 3.1718E-01 2.6648E-01 2.2689E-01 2.0094E-01 2.3011E-01 2.7305E-01 2.7889E-01 2.4805E-01 2.6942E-01 3.1704E-01 4.4443E-01 5.9806E-01 4.3480E-01 4.0599E-01 3.5438E-01 3.0212E-01 2.5337E-01 2.0231E-01 1.6900E-01 1.5066E-01 1.3837E-01 1.2511E-01 1.1463E-01
2.0779E-02 2.2024E-02 2.3285E-02 2.4577E-02 2.5930E-02 2.7365E-02 2.8907E-02 3.0590E-02 3.2431E-02 3.4457E-02 3.6673E-02 3.9086E-02 4.1692E-02 4.4525E-02 4.7606E-02 5.0988E-02 5.4738E-02 5.8955E-02 6.3785E-02 6.9302E-02 7.5480E-02 8.2310E-02 8.9776E-02 9.7724E-02 1.0576E-01 1.1355E-01 1.2147E-01 1.3332E-01 1.7011E-01 1.7943E-01 2.0079E-01 2.4347E-01 3.1109E-01 3.4914E-01 3.0121E-01 2.4353E-01 1.8852E-01 1.8978E-01 2.1933E-01 2.5097E-01 2.3949E-01 2.3351E-01 2.5351E-01 3.0433E-01 4.3223E-01 5.6652E-01 5.0392E-01 4.3349E-01 3.7636E-01 3.0317E-01 2.4137E-01 1.9256E-01 1.6537E-01 1.5062E-01 1.3405E-01 1.2156E-01 1.1386E-01
2.0834E-02 2.2088E-02 2.3351E-02 2.4641E-02 2.5982E-02 2.7408E-02 2.8930E-02 3.0571E-02 3.2371E-02 3.4345E-02 3.6483E-02 3.8807E-02 4.1314E-02 4.4028E-02 4.7016E-02 5.0296E-02 5.3952E-02 5.8064E-02 6.2769E-02 6.8096E-02 7.4030E-02 8.0498E-02 8.7448E-02 9.4829E-02 1.0249E-01 1.1091E-01 1.2234E-01 1.4297E-01 1.7360E-01 1.7494E-01 1.9142E-01 2.2570E-01 2.7612E-01 3.2359E-01 3.0852E-01 2.1368E-01 1.7554E-01 1.7850E-01 2.0385E-01 2.2781E-01 2.0983E-01 2.1522E-01 2.4356E-01 2.9190E-01 4.0071E-01 5.8604E-01 5.6076E-01 4.6577E-01 3.9976E-01 3.0467E-01 2.2852E-01 1.8366E-01 1.6216E-01 1.4323E-01 1.2855E-01 1.2074E-01 1.0955E-01
2.0928E-02 2.2169E-02 2.3413E-02 2.4685E-02 2.6000E-02 2.7376E-02 2.8836E-02 3.0408E-02 3.2111E-02 3.3965E-02 3.5974E-02 3.8145E-02 4.0491E-02 4.3045E-02 4.5842E-02 4.8956E-02 5.2469E-02 5.6422E-02 6.0915E-02 6.6099E-02 7.1793E-02 7.7973E-02 8.4642E-02 9.2034E-02 1.0035E-01 1.0908E-01 1.2154E-01 1.4205E-01 1.5817E-01 1.6522E-01 1.8228E-01 2.0785E-01 2.3759E-01 2.8571E-01 3.8032E-01 1.8318E-01 1.6010E-01 1.6494E-01 1.8051E-01 2.1211E-01 1.8449E-01 1.9951E-01 2.3142E-01 2.8189E-01 3.7169E-01 5.8323E-01 6.3668E-01 4.9516E-01 3.9882E-01 2.9305E-01 2.2031E-01 1.8402E-01 1.5869E-01 1.3755E-01 1.2821E-01 1.1506E-01 1.0189E-01
2.0938E-02 2.2141E-02 2.3348E-02 2.4569E-02 2.5833E-02 2.7140E-02 2.8518E-02 2.9986E-02 3.1578E-02 3.3294E-02 3.5152E-02 3.7184E-02 3.9394E-02 4.1824E-02 4.4533E-02 4.7575E-02 5.1046E-02 5.5014E-02 5.9576E-02 6.4762E-02 7.0500E-02 7.6865E-02 8.3627E-02 9.0282E-02 9.6759E-02 1.0515E-01 1.1756E-01 1.3122E-01 1.4227E-01 1.5517E-01 1.7557E-01 1.9983E-01 2.2348E-01 2.6303E-01 2.3087E-01 1.5959E-01 1.4568E-01 1.5231E-01 1.6613E-01 2.0162E-01 1.7346E-01 1.8518E-01 2.1259E-01 2.6760E-01 3.5650E-01 5.4863E-01 6.8713E-01 5.1345E-01 3.6353E-01 2.5078E-01 2.0415E-01 1.8230E-01 1.5479E-01 1.3856E-01 1.2198E-01 1.0831E-01 9.6671E-02
