20231023_webinar_progetto_murano/data_input/calpost_grid/rank(0)_cd_2952hr_conc_cd.grd
DSAA
          81          81
     760.250     764.250
    5036.750    5040.750
  0.9043E-02  0.9412E+00
[rows 50 to 74 of 81, columns 0 to 56 of 81]
2.0798E-02 2.1953E-02 2.3110E-02 2.4284E-02 2.5484E-02 2.6727E-02 2.8028E-02 2.9409E-02 3.0883E-02 3.2484E-02 3.4229E-02 3.6157E-02 3.8294E-02 4.0675E-02 4.3376E-02 4.6465E-02 5.0025E-02 5.4101E-02 5.8797E-02 6.4156E-02 7.0032E-02 7.6039E-02 8.1622E-02 8.6959E-02 9.3144E-02 1.0063E-01 1.0917E-01 1.1809E-01 1.2819E-01 1.4420E-01 1.7183E-01 2.0690E-01 2.3304E-01 2.8186E-01 3.0020E-01 1.5013E-01 1.3384E-01 1.4330E-01 1.6194E-01 1.7404E-01 1.6449E-01 1.7081E-01 1.9332E-01 2.4597E-01 3.4479E-01 5.0962E-01 7.1739E-01 4.5808E-01 2.9674E-01 1.9416E-01 1.8966E-01 1.7220E-01 1.5324E-01 1.3303E-01 1.1560E-01 1.0335E-01 9.4348E-02
2.0522E-02 2.1623E-02 2.2726E-02 2.3841E-02 2.4979E-02 2.6151E-02 2.7378E-02 2.8672E-02 3.0067E-02 3.1577E-02 3.3239E-02 3.5109E-02 3.7233E-02 3.9636E-02 4.2407E-02 4.5578E-02 4.9249E-02 5.3465E-02 5.8278E-02 6.3555E-02 6.8955E-02 7.4176E-02 7.9186E-02 8.4396E-02 8.9928E-02 9.5135E-02 1.0022E-01 1.0631E-01 1.1546E-01 1.3203E-01 1.6423E-01 2.2036E-01 2.5077E-01 2.8099E-01 2.5520E-01 1.3172E-01 1.2333E-01 1.3265E-01 1.5142E-01 1.6330E-01 1.5987E-01 1.5668E-01 1.6939E-01 2.1532E-01 3.1974E-01 5.2569E-01 6.7657E-01 3.4897E-01 2.0851E-01 1.7445E-01 1.6894E-01 1.4923E-01 1.3605E-01 1.2173E-01 1.0894E-01 9.8074E-02 8.9747E-02
2.0106E-02 2.1156E-02 2.2197E-02 2.3252E-02 2.4320E-02 2.5418E-02 2.6563E-02 2.7780E-02 2.9092E-02 3.0546E-02 3.2180E-02 3.4051E-02 3.6193E-02 3.8670E-02 4.1533E-02 4.4811E-02 4.8576E-02 5.2824E-02 5.7490E-02 6.2445E-02 6.7546E-02 7.2615E-02 7.7462E-02 8.1938E-02 8.6058E-02 8.9044E-02 9.1821E-02 9.5866E-02 1.0266E-01 1.1580E-01 1.4643E-01 2.2087E-01 2.3962E-01 2.3168E-01 1.4675E-01 1.1537E-01 1.0971E-01 1.1912E-01 1.3894E-01 1.6567E-01 1.6848E-01 1.5007E-01 1.4710E-01 1.8022E-01 2.7184E-01 5.1491E-01 7.2132E-01 2.0244E-01 1.3974E-01 1.3911E-01 1.3262E-01 1.2552E-01 1.1798E-01 1.0870E-01 1.0094E-01 9.3224E-02 8.5659E-02
1.9557E-02 2.0547E-02 2.1521E-02 2.2499E-02 2.3491E-02 2.4516E-02 2.5599E-02 2.6758E-02 2.8038E-02 2.9497E-02 3.1149E-02 3.3061E-02 3.5270E-02 3.7825E-02 4.0765E-02 4.4105E-02 4.7866E-02 5.2002E-02 5.6530E-02 6.1427E-02 6.6496E-02 7.1359E-02 7.5626E-02 7.9058E-02 8.1531E-02 8.2676E-02 8.3762E-02 8.6246E-02 9.1496E-02 1.0152E-01 1.2111E-01 1.5360E-01 1.4102E-01 1.8995E-01 1.3485E-01 1.0521E-01 9.9635E-02 1.0539E-01 1.2500E-01 1.7206E-01 2.0357E-01 1.4754E-01 1.2830E-01 1.5414E-01 2.1425E-01 3.7402E-01 9.4122E-01 1.1995E-01 1.0833E-01 1.1498E-01 1.2031E-01 1.1438E-01 1.0665E-01 9.8192E-02 9.1092E-02 8.3903E-02 7.6645E-02
1.8904E-02 1.9820E-02 2.0724E-02 2.1635E-02 2.2571E-02 2.3549E-02 2.4600E-02 2.5764E-02 2.7071E-02 2.8564E-02 3.0294E-02 3.2276E-02 3.4560E-02 3.7171E-02 4.0123E-02 4.3449E-02 4.7134E-02 5.1209E-02 5.5700E-02 6.0482E-02 6.5253E-02 6.9601E-02 7.3115E-02 7.5564E-02 7.6950E-02 7.7215E-02 7.7541E-02 7.9332E-02 8.4058E-02 9.3811E-02 1.1404E-01 1.5777E-01 1.4904E-01 1.5212E-01 1.2110E-01 9.4714E-02 8.9476E-02 9.4066E-02 1.1092E-01 1.5849E-01 2.8774E-01 1.3444E-01 1.1944E-01 1.4278E-01 1.8927E-01 2.7687E-01 4.3579E-01 9.9133E-02 9.8027E-02 9.7002E-02 9.3359E-02 9.1346E-02 8.4766E-02 7.9825E-02 7.5774E-02 7.1760E-02 6.7696E-02
1.8185E-02 1.9038E-02 1.9894E-02 2.0771E-02 2.1679E-02 2.2662E-02 2.3741E-02 2.4953E-02 2.6329E-02 2.7903E-02 2.9709E-02 3.1764E-02 3.4087E-02 3.6694E-02 3.9615E-02 4.2887E-02 4.6518E-02 5.0542E-02 5.4862E-02 5.9335E-02 6.3647E-02 6.7468E-02 7.0401E-02 7.2237E-02 7.3182E-02 7.3313E-02 7.3469E-02 7.5041E-02 7.9825E-02 9.0043E-02 1.0827E-01 1.2943E-01 1.2481E-01 1.1289E-01 1.0033E-01 8.6251E-02 8.1039E-02 8.4176E-02 9.6806E-02 1.2607E-01 1.9205E-01 9.8477E-02 1.0864E-01 1.3114E-01 1.7172E-01 2.2909E-01 2.2626E-01 1.1169E-01 1.1741E-01 1.0926E-01 9.3002E-02 8.6668E-02 7.9902E-02 7.2796E-02 6.7591E-02 6.3419E-02 5.9545E-02
1.7478E-02 1.8300E-02 1.9137E-02 2.0012E-02 2.0949E-02 2.1983E-02 2.3128E-02 2.4415E-02 2.5868E-02 2.7513E-02 2.9356E-02 3.1429E-02 3.3728E-02 3.6297E-02 3.9186E-02 4.2418E-02 4.5997E-02 4.9902E-02 5.3984E-02 5.8081E-02 6.2014E-02 6.5413E-02 6.7921E-02 6.9379E-02 7.0036E-02 7.0014E-02 7.0091E-02 7.1692E-02 7.6234E-02 8.4377E-02 9.5119E-02 1.0269E-01 9.9345E-02 9.0907E-02 8.4412E-02 7.7723E-02 7.4414E-02 7.6982E-02 8.6279E-02 1.0237E-01 1.3512E-01 9.6238E-02 9.9063E-02 1.1723E-01 1.4788E-01 1.7772E-01 1.9194E-01 1.2675E-01 1.0411E-01 1.1806E-01 1.0376E-01 8.8322E-02 7.8950E-02 7.1165E-02 6.4503E-02 5.9469E-02 5.5353E-02
1.6866E-02 1.7683E-02 1.8536E-02 1.9450E-02 2.0449E-02 2.1546E-02 2.2760E-02 2.4110E-02 2.5605E-02 2.7252E-02 2.9093E-02 3.1134E-02 3.3411E-02 3.5959E-02 3.8829E-02 4.2014E-02 4.5515E-02 4.9240E-02 5.3095E-02 5.6916E-02 6.0455E-02 6.3400E-02 6.5458E-02 6.6576E-02 6.6938E-02 6.6896E-02 6.7069E-02 6.8649E-02 7.2273E-02 7.7767E-02 8.3184E-02 8.5652E-02 8.2639E-02 7.7780E-02 7.4138E-02 7.0957E-02 6.9065E-02 7.0462E-02 7.6368E-02 9.0433E-02 9.8330E-02 8.7694E-02 9.4670E-02 1.0944E-01 1.3052E-01 1.5466E-01 1.7244E-01 1.2836E-01 1.0099E-01 1.0204E-01 1.0687E-01 9.2593E-02 8.0376E-02 7.1116E-02 6.3552E-02 5.8157E-02 5.3340E-02
1.6373E-02 1.7222E-02 1.8123E-02 1.9089E-02 2.0136E-02 2.1279E-02 2.2523E-02 2.3894E-02 2.5386E-02 2.7017E-02 2.8820E-02 3.0849E-02 3.3135E-02 3.5687E-02 3.8525E-02 4.1660E-02 4.5046E-02 4.8620E-02 5.2275E-02 5.5784E-02 5.8900E-02 6.1340E-02 6.2931E-02 6.3730E-02 6.3966E-02 6.3955E-02 6.4186E-02 6.5477E-02 6.8075E-02 7.1254E-02 7.3835E-02 7.4079E-02 7.1701E-02 6.8799E-02 6.6272E-02 6.4116E-02 6.2776E-02 6.4302E-02 7.0290E-02 7.8665E-02 8.1629E-02 8.1043E-02 8.7596E-02 1.0308E-01 1.1781E-01 1.4753E-01 1.5223E-01 1.2045E-01 9.6408E-02 9.2661E-02 9.3952E-02 9.2791E-02 8.1571E-02 7.1918E-02 6.3911E-02 5.6843E-02 5.1819E-02
1.6024E-02 1.6917E-02 1.7855E-02 1.8853E-02 1.9930E-02 2.1085E-02 2.2336E-02 2.3685E-02 2.5158E-02 2.6786E-02 2.8591E-02 3.0637E-02 3.2914E-02 3.5466E-02 3.8292E-02 4.1369E-02 4.4662E-02 4.8110E-02 5.1521E-02 5.4650E-02 5.7283E-02 5.9246E-02 6.0516E-02 6.1136E-02 6.1256E-02 6.1208E-02 6.1400E-02 6.2197E-02 6.3674E-02 6.5318E-02 6.6245E-02 6.5566E-02 6.3610E-02 6.1508E-02 5.9639E-02 5.8454E-02 5.8603E-02 6.0946E-02 6.5378E-02 6.9540E-02 7.1882E-02 7.4068E-02 8.0956E-02 9.3731E-02 1.1184E-01 1.3681E-01 1.3191E-01 1.0943E-01 9.1697E-02 8.6960E-02 8.1982E-02 8.3047E-02 7.9923E-02 7.1796E-02 6.3556E-02 5.6655E-02 5.0661E-02
1.5788E-02 1.6713E-02 1.7676E-02 1.8686E-02 1.9759E-02 2.0911E-02 2.2150E-02 2.3491E-02 2.4958E-02 2.6592E-02 2.8427E-02 3.0497E-02 3.2793E-02 3.5347E-02 3.8166E-02 4.1202E-02 4.4416E-02 4.7656E-02 5.0745E-02 5.3464E-02 5.5662E-02 5.7268E-02 5.8258E-02 5.8674E-02 5.8648E-02 5.8563E-02 5.8622E-02 5.8924E-02 5.9538E-02 6.0133E-02 6.0074E-02 5.9066E-02 5.7580E-02 5.6196E-02 5.5199E-02 5.5070E-02 5.6197E-02 5.8569E-02 6.1359E-02 6.3764E-02 6.6010E-02 6.9227E-02 7.4951E-02 8.4490E-02 1.0429E-01 1.2112E-01 1.1441E-01 9.9906E-02 8.6876E-02 8.0955E-02 7.4978E-02 7.2411E-02 7.2180E-02 6.9109E-02 6.2627E-02 5.5569E-02 4.9962E-02
1.5625E-02 1.6565E-02 1.7527E-02 1.8532E-02 1.9595E-02 2.0733E-02 2.1970E-02 2.3320E-02 2.4802E-02 2.6473E-02 2.8340E-02 3.0436E-02 3.2767E-02 3.5342E-02 3.8147E-02 4.1128E-02 4.4172E-02 4.7141E-02 4.9868E-02 5.2199E-02 5.4022E-02 5.5307E-02 5.6024E-02 5.6218E-02 5.6133E-02 5.5912E-02 5.5680E-02 5.5528E-02 5.5563E-02 5.5552E-02 5.5107E-02 5.4269E-02 5.3506E-02 5.2946E-02 5.2776E-02 5.3259E-02 5.4566E-02 5.6418E-02 5.8308E-02 6.0258E-02 6.2943E-02 6.6599E-02 7.1207E-02 7.8748E-02 9.3942E-02 1.0367E-01 9.9360E-02 9.1717E-02 8.1998E-02 7.5095E-02 6.9569E-02 6.5022E-02 6.3801E-02 6.2544E-02 5.9783E-02 5.4703E-02 4.9022E-02
1.5496E-02 1.6428E-02 1.7388E-02 1.8389E-02 1.9445E-02 2.0582E-02 2.1821E-02 2.3187E-02 2.4711E-02 2.6417E-02 2.8322E-02 3.0461E-02 3.2820E-02 3.5412E-02 3.8156E-02 4.1003E-02 4.3823E-02 4.6470E-02 4.8820E-02 5.0765E-02 5.2236E-02 5.3236E-02 5.3746E-02 5.3840E-02 5.3647E-02 5.3260E-02 5.2750E-02 5.2341E-02 5.2086E-02 5.1789E-02 5.1430E-02 5.1173E-02 5.1152E-02 5.1354E-02 5.1699E-02 5.2283E-02 5.3197E-02 5.4530E-02 5.6190E-02 5.8428E-02 6.1515E-02 6.5129E-02 6.9358E-02 7.6040E-02 8.6318E-02 9.0472E-02 8.8172E-02 8.4364E-02 7.6949E-02 7.0158E-02 6.4986E-02 6.0358E-02 5.6980E-02 5.5759E-02 5.4611E-02 5.2444E-02 4.8521E-02
1.5371E-02 1.6301E-02 1.7257E-02 1.8253E-02 1.9307E-02 2.0454E-02 2.1714E-02 2.3108E-02 2.4672E-02 2.6419E-02 2.8382E-02 3.0544E-02 3.2916E-02 3.5449E-02 3.8092E-02 4.0733E-02 4.3259E-02 4.5556E-02 4.7506E-02 4.9079E-02 5.0268E-02 5.1068E-02 5.1485E-02 5.1565E-02 5.1272E-02 5.0731E-02 5.0141E-02 4.9726E-02 4.9463E-02 4.9261E-02 4.9233E-02 4.9529E-02 5.0114E-02 5.0742E-02 5.1331E-02 5.1840E-02 5.2377E-02 5.3346E-02 5.5157E-02 5.7758E-02 6.0907E-02 6.4124E-02 6.7731E-02 7.3493E-02 7.9983E-02 8.1480E-02 8.0401E-02 7.8097E-02 7.2179E-02 6.5828E-02 6.0848E-02 5.6544E-02 5.2355E-02 5.0171E-02 4.9358E-02 4.8520E-02 4.6780E-02
1.5255E-02 1.6182E-02 1.7134E-02 1.8135E-02 1.9198E-02 2.0361E-02 2.1643E-02 2.3072E-02 2.4679E-02 2.6470E-02 2.8447E-02 3.0623E-02 3.2949E-02 3.5378E-02 3.7840E-02 4.0220E-02 4.2416E-02 4.4326E-02 4.5905E-02 4.7191E-02 4.8188E-02 4.8915E-02 4.9330E-02 4.9384E-02 4.9066E-02 4.8532E-02 4.8044E-02 4.7742E-02 4.7587E-02 4.7634E-02 4.7993E-02 4.8719E-02 4.9610E-02 5.0441E-02 5.1051E-02 5.1487E-02 5.1986E-02 5.3060E-02 5.5020E-02 5.7718E-02 6.0572E-02 6.3016E-02 6.5841E-02 7.0587E-02 7.4457E-02 7.4841E-02 7.4297E-02 7.2428E-02 6.7453E-02 6.1655E-02 5.7022E-02 5.3124E-02 4.9285E-02 4.6197E-02 4.4953E-02 4.4427E-02 4.3718E-02
1.5138E-02 1.6064E-02 1.7022E-02 1.8025E-02 1.9106E-02 2.0289E-02 2.1606E-02 2.3071E-02 2.4710E-02 2.6517E-02 2.8501E-02 3.0626E-02 3.2860E-02 3.5131E-02 3.7348E-02 3.9424E-02 4.1263E-02 4.2834E-02 4.4150E-02 4.5254E-02 4.6148E-02 4.6859E-02 4.7296E-02 4.7362E-02 4.7107E-02 4.6748E-02 4.6465E-02 4.6320E-02 4.6313E-02 4.6585E-02 4.7219E-02 4.8172E-02 4.9163E-02 4.9989E-02 5.0581E-02 5.1104E-02 5.1843E-02 5.3195E-02 5.5261E-02 5.7686E-02 5.9828E-02 6.1380E-02 6.3647E-02 6.7387E-02 6.9568E-02 6.9544E-02 6.9173E-02 6.7378E-02 6.3056E-02 5.7788E-02 5.3471E-02 5.0022E-02 4.6742E-02 4.3534E-02 4.1599E-02 4.0904E-02 4.0397E-02
1.5021E-02 1.5951E-02 1.6914E-02 1.7935E-02 1.9031E-02 2.0248E-02 2.1598E-02 2.3091E-02 2.4738E-02 2.6536E-02 2.8473E-02 3.0515E-02 3.2604E-02 3.4657E-02 3.6600E-02 3.8361E-02 3.9898E-02 4.1225E-02 4.2396E-02 4.3398E-02 4.4277E-02 4.4970E-02 4.5407E-02 4.5544E-02 4.5467E-02 4.5328E-02 4.5240E-02 4.5226E-02 4.5392E-02 4.5852E-02 4.6655E-02 4.7628E-02 4.8583E-02 4.9339E-02 4.9983E-02 5.0741E-02 5.1845E-02 5.3434E-02 5.5440E-02 5.7336E-02 5.8624E-02 5.9535E-02 6.1460E-02 6.4224E-02 6.5377E-02 6.5187E-02 6.4693E-02 6.2879E-02 5.9061E-02 5.4255E-02 5.0207E-02 4.7086E-02 4.4329E-02 4.1548E-02 3.9204E-02 3.8000E-02 3.7414E-02
1.4900E-02 1.5838E-02 1.6811E-02 1.7857E-02 1.8989E-02 2.0229E-02 2.1598E-02 2.3098E-02 2.4733E-02 2.6499E-02 2.8352E-02 3.0259E-02 3.2150E-02 3.3964E-02 3.5650E-02 3.7145E-02 3.8460E-02 3.9651E-02 4.0745E-02 4.1738E-02 4.2601E-02 4.3299E-02 4.3738E-02 4.3965E-02 4.4076E-02 4.4147E-02 4.4222E-02 4.4342E-02 4.4638E-02 4.5214E-02 4.6072E-02 4.7013E-02 4.7885E-02 4.8614E-02 4.9391E-02 5.0453E-02 5.1875E-02 5.3621E-02 5.5402E-02 5.6639E-02 5.7182E-02 5.7768E-02 5.9369E-02 6.1181E-02 6.1632E-02 6.1338E-02 6.0587E-02 5.8760E-02 5.5373E-02 5.1006E-02 4.7149E-02 4.4242E-02 4.1847E-02 3.9563E-02 3.7302E-02 3.5722E-02 3.4860E-02
1.4781E-02 1.5732E-02 1.6731E-02 1.7799E-02 1.8951E-02 2.0212E-02 2.1588E-02 2.3077E-02 2.4680E-02 2.6367E-02 2.8103E-02 2.9842E-02 3.1526E-02 3.3124E-02 3.4573E-02 3.5881E-02 3.7086E-02 3.8208E-02 3.9266E-02 4.0260E-02 4.1124E-02 4.1798E-02 4.2277E-02 4.2618E-02 4.2890E-02 4.3114E-02 4.3308E-02 4.3516E-02 4.3912E-02 4.4546E-02 4.5387E-02 4.6246E-02 4.7039E-02 4.7836E-02 4.8813E-02 5.0143E-02 5.1806E-02 5.3531E-02 5.4887E-02 5.5510E-02 5.5594E-02 5.6021E-02 5.7205E-02 5.8169E-02 5.8154E-02 5.7731E-02 5.6792E-02 5.4925E-02 5.1870E-02 4.7943E-02 4.4329E-02 4.1555E-02 3.9403E-02 3.7447E-02 3.5484E-02 3.3808E-02 3.2725E-02
1.4673E-02 1.5644E-02 1.6662E-02 1.7751E-02 1.8924E-02 2.0193E-02 2.1555E-02 2.3016E-02 2.4553E-02 2.6137E-02 2.7728E-02 2.9296E-02 3.0799E-02 3.2194E-02 3.3481E-02 3.4675E-02 3.5813E-02 3.6911E-02 3.7976E-02 3.8951E-02 3.9792E-02 4.0454E-02 4.0989E-02 4.1435E-02 4.1829E-02 4.2142E-02 4.2386E-02 4.2666E-02 4.3114E-02 4.3769E-02 4.4544E-02 4.5319E-02 4.6080E-02 4.6978E-02 4.8152E-02 4.9671E-02 5.1343E-02 5.2814E-02 5.3652E-02 5.3822E-02 5.3750E-02 5.4105E-02 5.4806E-02 5.5099E-02 5.4790E-02 5.4218E-02 5.3165E-02 5.1317E-02 4.8535E-02 4.4980E-02 4.1633E-02 3.9023E-02 3.7009E-02 3.5267E-02 3.3622E-02 3.2064E-02 3.0899E-02
1.4585E-02 1.5573E-02 1.6609E-02 1.7713E-02 1.8890E-02 2.0149E-02 2.1484E-02 2.2893E-02 2.4339E-02 2.5803E-02 2.7261E-02 2.8671E-02 3.0001E-02 3.1254E-02 3.2430E-02 3.3567E-02 3.4673E-02 3.5771E-02 3.6815E-02 3.7763E-02 3.8579E-02 3.9245E-02 3.9821E-02 4.0342E-02 4.0801E-02 4.1159E-02 4.1432E-02 4.1744E-02 4.2205E-02 4.2842E-02 4.3539E-02 4.4251E-02 4.5039E-02 4.6048E-02 4.7332E-02 4.8858E-02 5.0345E-02 5.1417E-02 5.1791E-02 5.1704E-02 5.1670E-02 5.1960E-02 5.2234E-02 5.1987E-02 5.1464E-02 5.0834E-02 4.9705E-02 4.7925E-02 4.5401E-02 4.2183E-02 3.9071E-02 3.6653E-02 3.4793E-02 3.3233E-02 3.1781E-02 3.0389E-02 2.9231E-02
1.4514E-02 1.5519E-02 1.6568E-02 1.7673E-02 1.8841E-02 2.0074E-02 2.1364E-02 2.2694E-02 2.4047E-02 2.5402E-02 2.6724E-02 2.7996E-02 2.9203E-02 3.0353E-02 3.1460E-02 3.2560E-02 3.3665E-02 3.4739E-02 3.5750E-02 3.6658E-02 3.7441E-02 3.8115E-02 3.8725E-02 3.9291E-02 3.9778E-02 4.0133E-02 4.0404E-02 4.0730E-02 4.1187E-02 4.1776E-02 4.2421E-02 4.3111E-02 4.3964E-02 4.5033E-02 4.6307E-02 4.7669E-02 4.8813E-02 4.9440E-02 4.9510E-02 4.9368E-02 4.9410E-02 4.9584E-02 4.9510E-02 4.8948E-02 4.8304E-02 4.7620E-02 4.6506E-02 4.4834E-02 4.2517E-02 3.9572E-02 3.6707E-02 3.4436E-02 3.2724E-02 3.1325E-02 3.0012E-02 2.8790E-02 2.7663E-02
1.4460E-02 1.5471E-02 1.6523E-02 1.7617E-02 1.8764E-02 1.9953E-02 2.1183E-02 2.2441E-02 2.3698E-02 2.4946E-02 2.6158E-02 2.7313E-02 2.8426E-02 2.9506E-02 3.0583E-02 3.1663E-02 3.2744E-02 3.3785E-02 3.4750E-02 3.5609E-02 3.6356E-02 3.7032E-02 3.7659E-02 3.8227E-02 3.8694E-02 3.9029E-02 3.9303E-02 3.9628E-02 4.0080E-02 4.0639E-02 4.1251E-02 4.1966E-02 4.2860E-02 4.3927E-02 4.5076E-02 4.6148E-02 4.6905E-02 4.7178E-02 4.7085E-02 4.6955E-02 4.7036E-02 4.7067E-02 4.6742E-02 4.6025E-02 4.5326E-02 4.4633E-02 4.3564E-02 4.1999E-02 3.9870E-02 3.7177E-02 3.4513E-02 3.2352E-02 3.0762E-02 2.9485E-02 2.8359E-02 2.7252E-02 2.6217E-02
1.4410E-02 1.5421E-02 1.6457E-02 1.7536E-02 1.8645E-02 1.9795E-02 2.0968E-02 2.2146E-02 2.3319E-02 2.4469E-02 2.5576E-02 2.6644E-02 2.7692E-02 2.8730E-02 2.9781E-02 3.0837E-02 3.1886E-02 3.2873E-02 3.3774E-02 3.4581E-02 3.5306E-02 3.5975E-02 3.6585E-02 3.7132E-02 3.7561E-02 3.7860E-02 3.8131E-02 3.8472E-02 3.8933E-02 3.9474E-02 4.0076E-02 4.0836E-02 4.1719E-02 4.2698E-02 4.3624E-02 4.4362E-02 4.4763E-02 4.4809E-02 4.4670E-02 4.4597E-02 4.4648E-02 4.4536E-02 4.4039E-02 4.3261E-02 4.2552E-02 4.1855E-02 4.0843E-02 3.9400E-02 3.7441E-02 3.4997E-02 3.2507E-02 3.0441E-02 2.8925E-02 2.7738E-02 2.6749E-02 2.5782E-02 2.4852E-02
1.4351E-02 1.5347E-02 1.6365E-02 1.7416E-02 1.8496E-02 1.9599E-02 2.0711E-02 2.1820E-02 2.2907E-02 2.3970E-02 2.5000E-02 2.6006E-02 2.7005E-02 2.8011E-02 2.9028E-02 3.0054E-02 3.1041E-02 3.1970E-02 3.2810E-02 3.3567E-02 3.4264E-02 3.4903E-02 3.5495E-02 3.5992E-02 3.6359E-02 3.6637E-02 3.6917E-02 3.7293E-02 3.7757E-02 3.8306E-02 3.8952E-02 3.9703E-02 4.0547E-02 4.1338E-02 4.1984E-02 4.2397E-02 4.2545E-02 4.2476E-02 4.2354E-02 4.2313E-02 4.2291E-02 4.2049E-02 4.1428E-02 4.0649E-02 3.9957E-02 3.9257E-02 3.8302E-02 3.7009E-02 3.5239E-02 3.2996E-02 3.0685E-02 2.8698E-02 2.7215E-02 2.6089E-02 2.5189E-02 2.4370E-02 2.3554E-02
