20231023_webinar_progetto_murano/data_input/calpost_grid/rank(2)_cd_24hr_conc_cd.grd
DSAA
          81          81
     760.250     764.250
    5036.750    5040.750
  0.7735E-01  0.6120E+01
[rows 25 to 49 of 81, columns 0 to 56 of 81]
1.2447E-01 1.3519E-01 1.4706E-01 1.5977E-01 1.7354E-01 1.8866E-01 2.0521E-01 2.2339E-01 2.4348E-01 2.6536E-01 2.8853E-01 3.1274E-01 3.3831E-01 3.6642E-01 3.9788E-01 4.3302E-01 4.7351E-01 5.0832E-01 5.1734E-01 5.3540E-01 5.8857E-01 6.3830E-01 7.3353E-01 8.0125E-01 8.2694E-01 8.3064E-01 8.7456E-01 1.0171E+00 1.0055E+00 1.1437E+00 1.3495E+00 1.3952E+00 1.4343E+00 1.3652E+00 1.2370E+00 1.2403E+00 1.2113E+00 1.2156E+00 1.2119E+00 1.1772E+00 1.0749E+00 1.0091E+00 9.5993E-01 9.3463E-01 9.3535E-01 9.2825E-01 8.4486E-01 7.4416E-01 6.6794E-01 5.9426E-01 5.8347E-01 5.7927E-01 5.6398E-01 5.3812E-01 5.0498E-01 4.6723E-01 4.2837E-01
1.2593E-01 1.3323E-01 1.4497E-01 1.5762E-01 1.7135E-01 1.8625E-01 2.0258E-01 2.2077E-01 2.4047E-01 2.6261E-01 2.8657E-01 3.1187E-01 3.3892E-01 3.6746E-01 3.9847E-01 4.3271E-01 4.6985E-01 5.1087E-01 5.5349E-01 5.6449E-01 5.8562E-01 6.4065E-01 7.0557E-01 8.2004E-01 8.8604E-01 8.9643E-01 9.5369E-01 1.0019E+00 1.0868E+00 1.1691E+00 1.4077E+00 1.5005E+00 1.5510E+00 1.4695E+00 1.3331E+00 1.3161E+00 1.2606E+00 1.2451E+00 1.2196E+00 1.1766E+00 1.1295E+00 1.0740E+00 1.0187E+00 9.6385E-01 9.6199E-01 9.6409E-01 8.7257E-01 7.6692E-01 6.9088E-01 6.2073E-01 6.2701E-01 6.1756E-01 5.9576E-01 5.6371E-01 5.2529E-01 4.8312E-01 4.4068E-01
1.2280E-01 1.3144E-01 1.4228E-01 1.5489E-01 1.6838E-01 1.8318E-01 1.9931E-01 2.1693E-01 2.3685E-01 2.5827E-01 2.8210E-01 3.0841E-01 3.3622E-01 3.6629E-01 3.9815E-01 4.3196E-01 4.6799E-01 5.0611E-01 5.4669E-01 5.9575E-01 6.1680E-01 6.4368E-01 6.9919E-01 7.8978E-01 9.2194E-01 9.8221E-01 1.0031E+00 1.0776E+00 1.1609E+00 1.2222E+00 1.4640E+00 1.6094E+00 1.6807E+00 1.5877E+00 1.4335E+00 1.3941E+00 1.3144E+00 1.2531E+00 1.2721E+00 1.2553E+00 1.2034E+00 1.1403E+00 1.0717E+00 1.0085E+00 9.8995E-01 9.6743E-01 8.9550E-01 7.9867E-01 7.1405E-01 6.6892E-01 6.6905E-01 6.5272E-01 6.2448E-01 5.8659E-01 5.4356E-01 4.9662E-01 4.4629E-01
1.2426E-01 1.2892E-01 1.3945E-01 1.5151E-01 1.6462E-01 1.7921E-01 1.9505E-01 2.1238E-01 2.3151E-01 2.5251E-01 2.7577E-01 3.0177E-01 3.3070E-01 3.6148E-01 3.9473E-01 4.2922E-01 4.6454E-01 5.0154E-01 5.4002E-01 5.8039E-01 6.2841E-01 6.7965E-01 7.1490E-01 7.8199E-01 8.9879E-01 1.0394E+00 1.0922E+00 1.1389E+00 1.1932E+00 1.2705E+00 1.5218E+00 1.7112E+00 1.8172E+00 1.7168E+00 1.5295E+00 1.4727E+00 1.3615E+00 1.3224E+00 1.3585E+00 1.3326E+00 1.2734E+00 1.1961E+00 1.1148E+00 1.0465E+00 1.0275E+00 9.6455E-01 9.1218E-01 8.3504E-01 7.4241E-01 7.1442E-01 7.0723E-01 6.8469E-01 6.4989E-01 6.0747E-01 5.5918E-01 4.7929E-01 4.5578E-01
1.2976E-01 1.3474E-01 1.3972E-01 1.4772E-01 1.6038E-01 1.7442E-01 1.9002E-01 2.0727E-01 2.2558E-01 2.4581E-01 2.6812E-01 2.9351E-01 3.2168E-01 3.5312E-01 3.8694E-01 4.2261E-01 4.5859E-01 4.9535E-01 5.3343E-01 5.7137E-01 6.1028E-01 6.5686E-01 7.3208E-01 8.0116E-01 8.8334E-01 1.0317E+00 1.1443E+00 1.2370E+00 1.3163E+00 1.3212E+00 1.5748E+00 1.7835E+00 1.9414E+00 1.8402E+00 1.6176E+00 1.5505E+00 1.3951E+00 1.4105E+00 1.4359E+00 1.4037E+00 1.3286E+00 1.2341E+00 1.1422E+00 1.0760E+00 1.0747E+00 1.0134E+00 9.6125E-01 8.7805E-01 7.8123E-01 7.5381E-01 7.4061E-01 7.1178E-01 6.7212E-01 6.2583E-01 5.2679E-01 4.9972E-01 4.6717E-01
1.3500E-01 1.3926E-01 1.4463E-01 1.5000E-01 1.5574E-01 1.6942E-01 1.8424E-01 2.0093E-01 2.1890E-01 2.3854E-01 2.5975E-01 2.8418E-01 3.1130E-01 3.4177E-01 3.7553E-01 4.1152E-01 4.4847E-01 4.8617E-01 5.2428E-01 5.6228E-01 5.9899E-01 6.3488E-01 6.7860E-01 7.5490E-01 8.9813E-01 9.9653E-01 1.2151E+00 1.3623E+00 1.4440E+00 1.4539E+00 1.5290E+00 1.7758E+00 2.0369E+00 1.9458E+00 1.6962E+00 1.6254E+00 1.4169E+00 1.4651E+00 1.4861E+00 1.4472E+00 1.3515E+00 1.2414E+00 1.1489E+00 1.0972E+00 1.0840E+00 1.0731E+00 1.0249E+00 9.3695E-01 8.3544E-01 7.8455E-01 7.6658E-01 7.3434E-01 6.9157E-01 5.8959E-01 5.4941E-01 5.2541E-01 4.7103E-01
1.4324E-01 1.4859E-01 1.5360E-01 1.5848E-01 1.6324E-01 1.6813E-01 1.7804E-01 1.9390E-01 2.1140E-01 2.3052E-01 2.5137E-01 2.7448E-01 3.0053E-01 3.2942E-01 3.6157E-01 3.9711E-01 4.3496E-01 4.7312E-01 5.1204E-01 5.5040E-01 5.8688E-01 6.2133E-01 6.5250E-01 6.8819E-01 7.6424E-01 9.3756E-01 1.1039E+00 1.3080E+00 1.5261E+00 1.5535E+00 1.6700E+00 1.7446E+00 2.1075E+00 2.0345E+00 1.7479E+00 1.6324E+00 1.4304E+00 1.4368E+00 1.4782E+00 1.4390E+00 1.3321E+00 1.2212E+00 1.1411E+00 1.1125E+00 1.0922E+00 1.1291E+00 1.1086E+00 1.0170E+00 9.0944E-01 8.4641E-01 8.1029E-01 7.5169E-01 6.6561E-01 6.0609E-01 5.9054E-01 5.2908E-01 4.7111E-01
1.4539E-01 1.5200E-01 1.5844E-01 1.6486E-01 1.7143E-01 1.7826E-01 1.8523E-01 1.9231E-01 2.0320E-01 2.2167E-01 2.4225E-01 2.6479E-01 2.8958E-01 3.1702E-01 3.4733E-01 3.8141E-01 4.1870E-01 4.5801E-01 4.9704E-01 5.3532E-01 5.7215E-01 6.0591E-01 6.3397E-01 6.5605E-01 6.8255E-01 7.9722E-01 1.0300E+00 1.2988E+00 1.4592E+00 1.5866E+00 1.6955E+00 1.7776E+00 2.1391E+00 2.1239E+00 1.7959E+00 1.5465E+00 1.4400E+00 1.3372E+00 1.3683E+00 1.3567E+00 1.2865E+00 1.1963E+00 1.1292E+00 1.0806E+00 1.0681E+00 1.1428E+00 1.1783E+00 1.1174E+00 9.9642E-01 9.1925E-01 8.8125E-01 7.6499E-01 7.1630E-01 6.5132E-01 5.9645E-01 5.2790E-01 4.7927E-01
1.4009E-01 1.4747E-01 1.5488E-01 1.6243E-01 1.7033E-01 1.7902E-01 1.8802E-01 1.9754E-01 2.0738E-01 2.1735E-01 2.3199E-01 2.5432E-01 2.7842E-01 3.0478E-01 3.3350E-01 3.6569E-01 4.0138E-01 4.3992E-01 4.7971E-01 5.1808E-01 5.5393E-01 5.8684E-01 6.1396E-01 6.3325E-01 6.4574E-01 6.9863E-01 8.9187E-01 1.0802E+00 1.4718E+00 1.5874E+00 1.7383E+00 1.9959E+00 2.1102E+00 2.2189E+00 1.8328E+00 1.4283E+00 1.3783E+00 1.2819E+00 1.2888E+00 1.2606E+00 1.2136E+00 1.1468E+00 1.0510E+00 9.4162E-01 1.0624E+00 1.1622E+00 1.2068E+00 1.1952E+00 1.0869E+00 9.8651E-01 8.4661E-01 7.7361E-01 7.2971E-01 6.6799E-01 5.9534E-01 5.4076E-01 5.0142E-01
1.2912E-01 1.3642E-01 1.4394E-01 1.5183E-01 1.6028E-01 1.6957E-01 1.7963E-01 1.9033E-01 2.0177E-01 2.1423E-01 2.2666E-01 2.4256E-01 2.6623E-01 2.9168E-01 3.1949E-01 3.4986E-01 3.8348E-01 4.2023E-01 4.5946E-01 4.9795E-01 5.3345E-01 5.6409E-01 5.9118E-01 6.1096E-01 6.2477E-01 6.4188E-01 7.5045E-01 9.8913E-01 1.2535E+00 1.7419E+00 1.7455E+00 2.2020E+00 1.9632E+00 2.2634E+00 1.8233E+00 1.3834E+00 1.2202E+00 1.1364E+00 1.0652E+00 1.0450E+00 1.1057E+00 1.0319E+00 9.2090E-01 8.9284E-01 1.0402E+00 1.1593E+00 1.2130E+00 1.1799E+00 1.0925E+00 1.0077E+00 8.9059E-01 8.1249E-01 7.6563E-01 6.9839E-01 6.2042E-01 5.6474E-01 5.2238E-01
1.1889E-01 1.2547E-01 1.3176E-01 1.3793E-01 1.4476E-01 1.5361E-01 1.6837E-01 1.8417E-01 1.9878E-01 2.1145E-01 2.2044E-01 2.3005E-01 2.5239E-01 2.7729E-01 3.0404E-01 3.3310E-01 3.6490E-01 3.9906E-01 4.3561E-01 4.7401E-01 5.0952E-01 5.4047E-01 5.6520E-01 5.8603E-01 6.0393E-01 6.2203E-01 6.9668E-01 8.4782E-01 1.1105E+00 1.5743E+00 1.8633E+00 2.2091E+00 2.0730E+00 2.1749E+00 1.7573E+00 1.2996E+00 1.0110E+00 9.0261E-01 8.7386E-01 9.3456E-01 9.9687E-01 8.8212E-01 7.8353E-01 8.2747E-01 9.9268E-01 1.1456E+00 1.2027E+00 1.1529E+00 1.1400E+00 1.0373E+00 9.2026E-01 8.4637E-01 8.0011E-01 7.2902E-01 6.4643E-01 5.8751E-01 5.4249E-01
1.2727E-01 1.3537E-01 1.4301E-01 1.5058E-01 1.5807E-01 1.6555E-01 1.7410E-01 1.8359E-01 1.9490E-01 2.1069E-01 2.2861E-01 2.4436E-01 2.5500E-01 2.6868E-01 2.8612E-01 3.1418E-01 3.4366E-01 3.7550E-01 4.0940E-01 4.4522E-01 4.8105E-01 5.1181E-01 5.3710E-01 5.5820E-01 5.7782E-01 6.0175E-01 6.3765E-01 8.0446E-01 9.6638E-01 1.2771E+00 1.5956E+00 2.1401E+00 2.2172E+00 1.8819E+00 1.6267E+00 1.1119E+00 8.3533E-01 8.6650E-01 8.2847E-01 9.1036E-01 8.8397E-01 7.4429E-01 7.3784E-01 7.5401E-01 9.5010E-01 1.1466E+00 1.1974E+00 1.1498E+00 1.1620E+00 1.0442E+00 9.4087E-01 8.7257E-01 8.3109E-01 7.5485E-01 6.6928E-01 6.0756E-01 5.5952E-01
1.2646E-01 1.3194E-01 1.3727E-01 1.4641E-01 1.6014E-01 1.7512E-01 1.8726E-01 1.9801E-01 2.0987E-01 2.2327E-01 2.3844E-01 2.5573E-01 2.7470E-01 2.9422E-01 3.1151E-01 3.2560E-01 3.3699E-01 3.4901E-01 3.7970E-01 4.1265E-01 4.4632E-01 4.7689E-01 5.0317E-01 5.2443E-01 5.6656E-01 6.2782E-01 6.9042E-01 7.2525E-01 9.2274E-01 1.0874E+00 1.4916E+00 1.6127E+00 2.0199E+00 1.4353E+00 1.3425E+00 1.0489E+00 9.0239E-01 8.1961E-01 8.2045E-01 8.6685E-01 8.0649E-01 6.5616E-01 7.3491E-01 8.1390E-01 9.2761E-01 1.1600E+00 1.2233E+00 1.1434E+00 1.1597E+00 1.0554E+00 9.5866E-01 8.9652E-01 8.5511E-01 7.7214E-01 6.8616E-01 6.2215E-01 5.7420E-01
1.2999E-01 1.3578E-01 1.4118E-01 1.4631E-01 1.5128E-01 1.5616E-01 1.6770E-01 1.8477E-01 2.0371E-01 2.2441E-01 2.4639E-01 2.6319E-01 2.8172E-01 3.0208E-01 3.2880E-01 3.5235E-01 3.6110E-01 3.7069E-01 3.8426E-01 3.9921E-01 4.1564E-01 4.3563E-01 4.6201E-01 4.8517E-01 5.3341E-01 6.0405E-01 6.1160E-01 6.6389E-01 8.7344E-01 1.1981E+00 1.6895E+00 1.7420E+00 2.5852E+00 1.7399E+00 1.1203E+00 1.1622E+00 1.0398E+00 8.1108E-01 8.4241E-01 8.6980E-01 7.3405E-01 6.8892E-01 7.4269E-01 8.3897E-01 9.0446E-01 1.1855E+00 1.2892E+00 1.1774E+00 1.1321E+00 1.0729E+00 9.6759E-01 9.0879E-01 8.7307E-01 7.7489E-01 6.9064E-01 6.2737E-01 5.8093E-01
1.3157E-01 1.3738E-01 1.4282E-01 1.4802E-01 1.5311E-01 1.5802E-01 1.6310E-01 1.6827E-01 1.7614E-01 1.9559E-01 2.1747E-01 2.4143E-01 2.6752E-01 2.9580E-01 3.1670E-01 3.4857E-01 3.7892E-01 3.9946E-01 4.1391E-01 3.9507E-01 4.0219E-01 4.0696E-01 4.1712E-01 4.5278E-01 5.0499E-01 5.7978E-01 5.6553E-01 6.5780E-01 8.7523E-01 1.2042E+00 1.6227E+00 1.7237E+00 2.0098E+00 2.1050E+00 1.2070E+00 1.2376E+00 9.3821E-01 8.2626E-01 9.0566E-01 9.8591E-01 7.3050E-01 7.5084E-01 7.7948E-01 8.0922E-01 9.6634E-01 1.2355E+00 1.3604E+00 1.1809E+00 1.0926E+00 1.0659E+00 9.5738E-01 9.1788E-01 8.7046E-01 7.6225E-01 6.8057E-01 6.2400E-01 5.8179E-01
1.3127E-01 1.3703E-01 1.4241E-01 1.4756E-01 1.5255E-01 1.5733E-01 1.6222E-01 1.6719E-01 1.7222E-01 1.7785E-01 1.8515E-01 2.0735E-01 2.3285E-01 2.6173E-01 2.9367E-01 3.2602E-01 3.4652E-01 3.9532E-01 4.2311E-01 4.4277E-01 4.5283E-01 4.1423E-01 4.3745E-01 4.2886E-01 4.7465E-01 5.4307E-01 5.6734E-01 6.1635E-01 7.9106E-01 1.0100E+00 1.2390E+00 1.3764E+00 1.5603E+00 1.4733E+00 1.2318E+00 1.3147E+00 8.2044E-01 8.5100E-01 1.0524E+00 1.1476E+00 8.7820E-01 8.1163E-01 7.9654E-01 8.6070E-01 1.0720E+00 1.3345E+00 1.3733E+00 1.1208E+00 1.0676E+00 1.0302E+00 9.4803E-01 9.4409E-01 8.3478E-01 7.3083E-01 6.6000E-01 6.1260E-01 5.8132E-01
1.2960E-01 1.3521E-01 1.4056E-01 1.4553E-01 1.5024E-01 1.5478E-01 1.5920E-01 1.6383E-01 1.6851E-01 1.7546E-01 1.8799E-01 2.0204E-01 2.1719E-01 2.3216E-01 2.4911E-01 2.8282E-01 3.2118E-01 3.5545E-01 3.7535E-01 4.5066E-01 4.8228E-01 4.9550E-01 4.8805E-01 4.9706E-01 5.1049E-01 5.1580E-01 5.9321E-01 6.0533E-01 7.4286E-01 8.5931E-01 9.6129E-01 1.1101E+00 1.4044E+00 1.3672E+00 1.5807E+00 1.0468E+00 8.6073E-01 8.8634E-01 1.1413E+00 1.4431E+00 1.2816E+00 7.1826E-01 8.9086E-01 1.0956E+00 1.4158E+00 1.4074E+00 1.3003E+00 1.0269E+00 1.0925E+00 1.0111E+00 9.7091E-01 9.6267E-01 8.3358E-01 7.0988E-01 6.4182E-01 6.0622E-01 5.8883E-01
1.2686E-01 1.3235E-01 1.3751E-01 1.4229E-01 1.4679E-01 1.5421E-01 1.6379E-01 1.7410E-01 1.8509E-01 1.9692E-01 2.1072E-01 2.2627E-01 2.4284E-01 2.5938E-01 2.7410E-01 2.8462E-01 2.9074E-01 2.9972E-01 3.4717E-01 3.7065E-01 3.8706E-01 4.8218E-01 5.5342E-01 5.5906E-01 5.4360E-01 5.5594E-01 6.1558E-01 6.9112E-01 6.7547E-01 7.6341E-01 7.7742E-01 9.9186E-01 1.1508E+00 1.2439E+00 1.2074E+00 8.6706E-01 8.0696E-01 8.9555E-01 1.1230E+00 2.2706E+00 2.5092E+00 9.1316E-01 6.9802E-01 1.1342E+00 1.9972E+00 1.4581E+00 1.1878E+00 1.0365E+00 1.1236E+00 1.0033E+00 1.0054E+00 9.3149E-01 8.6994E-01 6.7900E-01 6.3539E-01 6.1348E-01 6.0954E-01
1.2342E-01 1.2888E-01 1.3609E-01 1.4394E-01 1.5255E-01 1.6162E-01 1.7118E-01 1.8108E-01 1.9203E-01 2.0392E-01 2.1698E-01 2.3201E-01 2.4792E-01 2.6488E-01 2.8117E-01 2.9513E-01 3.0590E-01 3.1630E-01 3.2836E-01 3.3867E-01 3.6110E-01 3.6386E-01 4.0090E-01 5.3777E-01 6.6544E-01 6.7661E-01 6.0924E-01 8.4800E-01 9.3223E-01 7.3101E-01 7.0049E-01 9.2216E-01 1.0956E+00 1.2638E+00 1.2443E+00 1.0271E+00 1.1309E+00 8.8170E-01 8.3930E-01 1.2129E+00 8.7418E-01 7.9528E-01 7.7680E-01 8.6846E-01 1.4583E+00 5.9571E+00 1.2542E+00 1.0982E+00 1.0216E+00 1.0226E+00 1.0234E+00 9.1763E-01 8.7574E-01 6.6279E-01 6.3085E-01 6.5281E-01 6.3537E-01
1.2456E-01 1.3135E-01 1.3957E-01 1.4884E-01 1.5845E-01 1.6861E-01 1.7915E-01 1.9017E-01 2.0176E-01 2.1385E-01 2.2629E-01 2.3903E-01 2.5173E-01 2.6450E-01 2.7791E-01 2.9484E-01 3.1033E-01 3.2609E-01 3.4215E-01 3.5784E-01 3.7711E-01 3.7852E-01 3.7709E-01 4.0285E-01 4.4498E-01 6.0524E-01 8.1101E-01 7.7256E-01 1.4003E+00 8.3514E-01 6.2773E-01 7.2915E-01 1.0811E+00 1.2983E+00 1.1483E+00 1.7866E+00 1.5148E+00 7.3106E-01 9.2887E-01 1.0838E+00 1.9164E+00 1.7191E+00 1.1446E+00 9.2615E-01 1.4746E+00 2.2234E+00 1.3632E+00 1.1380E+00 1.0754E+00 1.0090E+00 1.0159E+00 9.9748E-01 8.7629E-01 6.6546E-01 6.9007E-01 6.3298E-01 5.9374E-01
1.2589E-01 1.3515E-01 1.4437E-01 1.5369E-01 1.6316E-01 1.7301E-01 1.7949E-01 1.8675E-01 1.9472E-01 2.0380E-01 2.1498E-01 2.3113E-01 2.4961E-01 2.6101E-01 2.7711E-01 2.9487E-01 3.1225E-01 3.2938E-01 3.4550E-01 3.5854E-01 3.7112E-01 3.8276E-01 3.9312E-01 3.8375E-01 3.7534E-01 3.6368E-01 3.4584E-01 3.9475E-01 6.5103E-01 4.9893E-01 5.5103E-01 7.0230E-01 9.2905E-01 8.5993E-01 1.0201E+00 1.0812E+00 1.2807E+00 6.7800E-01 6.6910E-01 8.3510E-01 7.4439E-01 7.7258E-01 9.6646E-01 9.9325E-01 1.3176E+00 2.6180E+00 1.3614E+00 1.2210E+00 1.1064E+00 9.7814E-01 9.3205E-01 9.5877E-01 8.0145E-01 7.2021E-01 6.5086E-01 6.4314E-01 6.6207E-01
1.2763E-01 1.3650E-01 1.4518E-01 1.5385E-01 1.5995E-01 1.6499E-01 1.7454E-01 1.8547E-01 1.9910E-01 2.1086E-01 2.2548E-01 2.4084E-01 2.5722E-01 2.7436E-01 2.9192E-01 3.0160E-01 3.2813E-01 3.5084E-01 3.6797E-01 3.7645E-01 3.7659E-01 4.0328E-01 4.0484E-01 4.0633E-01 4.0458E-01 3.8947E-01 3.9715E-01 5.0877E-01 9.7603E-01 5.5054E-01 5.0313E-01 6.1914E-01 8.4579E-01 9.0487E-01 1.0311E+00 9.4649E-01 7.8205E-01 5.1143E-01 5.5728E-01 6.8775E-01 6.6792E-01 7.0542E-01 9.1917E-01 1.0998E+00 1.4072E+00 1.8113E+00 1.5706E+00 1.2881E+00 1.2686E+00 1.0800E+00 8.4531E-01 9.1616E-01 8.0448E-01 6.9573E-01 6.3640E-01 6.4014E-01 6.5375E-01
1.2873E-01 1.3648E-01 1.4457E-01 1.5169E-01 1.6174E-01 1.7278E-01 1.8382E-01 1.9616E-01 2.0987E-01 2.2494E-01 2.4138E-01 2.5826E-01 2.7252E-01 2.8039E-01 3.0362E-01 3.2385E-01 3.3937E-01 3.4790E-01 3.5035E-01 3.4792E-01 3.4031E-01 3.3519E-01 3.6542E-01 3.7185E-01 3.5657E-01 4.4769E-01 5.8322E-01 6.4761E-01 8.7020E-01 5.6745E-01 5.1128E-01 6.3127E-01 8.0661E-01 1.0565E+00 1.0806E+00 7.3119E-01 6.4850E-01 5.2014E-01 6.5800E-01 6.5798E-01 5.6570E-01 7.2597E-01 9.2345E-01 1.1467E+00 1.2841E+00 1.8210E+00 1.6856E+00 1.3212E+00 1.3534E+00 1.1723E+00 8.8323E-01 8.4540E-01 7.6781E-01 6.6646E-01 6.7013E-01 6.9635E-01 5.7425E-01
1.3276E-01 1.4131E-01 1.5030E-01 1.5975E-01 1.6975E-01 1.8027E-01 1.9176E-01 2.0423E-01 2.1775E-01 2.3241E-01 2.4765E-01 2.5909E-01 2.7748E-01 2.9140E-01 3.0569E-01 3.1963E-01 3.2525E-01 3.2413E-01 3.1937E-01 3.1300E-01 3.0518E-01 3.1544E-01 3.2040E-01 3.9020E-01 4.5589E-01 4.6174E-01 5.0211E-01 6.3891E-01 6.0948E-01 5.2733E-01 5.0757E-01 5.9767E-01 6.8764E-01 9.6194E-01 2.3611E+00 5.3459E-01 4.8792E-01 4.6829E-01 4.9423E-01 8.5683E-01 5.0752E-01 6.6680E-01 8.9087E-01 1.1588E+00 1.3176E+00 1.7443E+00 1.8644E+00 1.5712E+00 1.6286E+00 1.0864E+00 9.7152E-01 9.9348E-01 7.3490E-01 7.2775E-01 6.9444E-01 6.0578E-01 5.2291E-01
1.3706E-01 1.4491E-01 1.5401E-01 1.6346E-01 1.7350E-01 1.8339E-01 1.9405E-01 2.0511E-01 2.1838E-01 2.2851E-01 2.4072E-01 2.5299E-01 2.6478E-01 2.7681E-01 2.8972E-01 3.0167E-01 2.9985E-01 2.9629E-01 2.9160E-01 2.8702E-01 2.8893E-01 3.3729E-01 3.6393E-01 3.8604E-01 4.1769E-01 4.7380E-01 5.0761E-01 5.1934E-01 4.8877E-01 4.4663E-01 4.8606E-01 6.5360E-01 7.3012E-01 9.8728E-01 6.9807E-01 5.1471E-01 4.0798E-01 4.9818E-01 5.4492E-01 8.6477E-01 6.1560E-01 6.6347E-01 7.8812E-01 8.5519E-01 1.2907E+00 1.7074E+00 1.8743E+00 1.6178E+00 1.4055E+00 1.1663E+00 1.1145E+00 8.5544E-01 8.0910E-01 8.0200E-01 7.6040E-01 7.1184E-01 6.2457E-01
