20231023_webinar_progetto_murano/data_input/calpost_grid/rank(2)_cd_24hr_conc_cd.grd
DSAA
          81          81
     760.250     764.250
    5036.750    5040.750
  0.7735E-01  0.6120E+01
[rows 50 to 74 of 81, columns 0 to 56 of 81]
1.3789E-01 1.4638E-01 1.5498E-01 1.6377E-01 1.7272E-01 1.8711E-01 1.9583E-01 2.0113E-01 2.1059E-01 2.2088E-01 2.3167E-01 2.4325E-01 2.5581E-01 2.6975E-01 2.8015E-01 2.7856E-01 2.7653E-01 2.7512E-01 2.7430E-01 2.9391E-01 3.4623E-01 3.1757E-01 3.2252E-01 3.8590E-01 4.0678E-01 4.4275E-01 4.4788E-01 4.2896E-01 4.0620E-01 4.2567E-01 5.1902E-01 7.5360E-01 1.0032E+00 1.0515E+00 1.4524E+00 4.8804E-01 3.6205E-01 4.2744E-01 5.4958E-01 5.6199E-01 5.3542E-01 6.4610E-01 7.2945E-01 8.5091E-01 1.1784E+00 1.5615E+00 2.2724E+00 1.3697E+00 1.1649E+00 9.1207E-01 9.3586E-01 9.3982E-01 8.9461E-01 8.2371E-01 7.5203E-01 6.9517E-01 6.4927E-01
1.3737E-01 1.4513E-01 1.5847E-01 1.7415E-01 1.7922E-01 1.8300E-01 1.8630E-01 1.9472E-01 2.0409E-01 2.1360E-01 2.2458E-01 2.3668E-01 2.5004E-01 2.6163E-01 2.6139E-01 2.6115E-01 2.6173E-01 2.6407E-01 3.0233E-01 2.9299E-01 2.9129E-01 3.0490E-01 3.5519E-01 3.6189E-01 3.9686E-01 3.9608E-01 3.7521E-01 3.6885E-01 4.1316E-01 4.7068E-01 5.8787E-01 9.7444E-01 1.0704E+00 1.4295E+00 1.0443E+00 4.6979E-01 3.2761E-01 4.2114E-01 5.2913E-01 5.6127E-01 6.1373E-01 5.2872E-01 5.8944E-01 7.6245E-01 1.2428E+00 1.7989E+00 2.2508E+00 1.1723E+00 9.2803E-01 8.7400E-01 9.8994E-01 8.8790E-01 7.2293E-01 6.9548E-01 6.6840E-01 6.3743E-01 6.1008E-01
1.4648E-01 1.5989E-01 1.6419E-01 1.6775E-01 1.7102E-01 1.7339E-01 1.7889E-01 1.8711E-01 1.9561E-01 2.0451E-01 2.1375E-01 2.2330E-01 2.3366E-01 2.4316E-01 2.4900E-01 2.5089E-01 2.5528E-01 2.6082E-01 2.6872E-01 2.7768E-01 2.8575E-01 3.2784E-01 3.3970E-01 3.6691E-01 3.6303E-01 3.3928E-01 3.4354E-01 3.5618E-01 3.9791E-01 4.6593E-01 7.2206E-01 1.3110E+00 1.1003E+00 1.3161E+00 6.7739E-01 5.9554E-01 4.0667E-01 3.7067E-01 5.6956E-01 6.8061E-01 7.3662E-01 5.1748E-01 5.0024E-01 7.4304E-01 1.3487E+00 2.9459E+00 3.0131E+00 6.6481E-01 7.3759E-01 8.2492E-01 7.2649E-01 7.5219E-01 8.1570E-01 7.4381E-01 6.8111E-01 6.3192E-01 5.8757E-01
1.4999E-01 1.5367E-01 1.5685E-01 1.5954E-01 1.6190E-01 1.6415E-01 1.6917E-01 1.7560E-01 1.8189E-01 1.8813E-01 1.9371E-01 1.9849E-01 2.0218E-01 2.0386E-01 2.1703E-01 2.4718E-01 2.5351E-01 2.6115E-01 2.7231E-01 2.8563E-01 2.9872E-01 3.2968E-01 3.4775E-01 3.4165E-01 3.2857E-01 3.3064E-01 3.2422E-01 3.3039E-01 3.7040E-01 4.3012E-01 5.4703E-01 8.7688E-01 8.5202E-01 1.2006E+00 7.1493E-01 4.1717E-01 4.2910E-01 3.8731E-01 4.8457E-01 8.7735E-01 9.5568E-01 6.4998E-01 5.2662E-01 6.2931E-01 1.1074E+00 1.9736E+00 6.1202E+00 8.6030E-01 6.8184E-01 6.8807E-01 7.6342E-01 8.0711E-01 7.7472E-01 7.2130E-01 6.6869E-01 6.1694E-01 5.7186E-01
1.4328E-01 1.4630E-01 1.4915E-01 1.5201E-01 1.5481E-01 1.5803E-01 1.6139E-01 1.6594E-01 1.7128E-01 1.7816E-01 1.8629E-01 1.9636E-01 2.0843E-01 2.2286E-01 2.4074E-01 2.5706E-01 2.7385E-01 2.8824E-01 2.9771E-01 3.0125E-01 3.0270E-01 3.2277E-01 3.1971E-01 3.1141E-01 3.0371E-01 3.1177E-01 3.0951E-01 3.2884E-01 3.7818E-01 4.5156E-01 5.4655E-01 1.2398E+00 8.6259E-01 9.7866E-01 5.9736E-01 3.9004E-01 4.4074E-01 3.6045E-01 5.3724E-01 8.5424E-01 2.1618E+00 8.2450E-01 6.0661E-01 6.6605E-01 1.0564E+00 1.5750E+00 3.1412E+00 7.7454E-01 7.8932E-01 6.4494E-01 6.9133E-01 6.0733E-01 5.7488E-01 6.3391E-01 6.4733E-01 6.0067E-01 6.1853E-01
1.3678E-01 1.4020E-01 1.4372E-01 1.4755E-01 1.5179E-01 1.5710E-01 1.6301E-01 1.7019E-01 1.7889E-01 1.8915E-01 2.0152E-01 2.1532E-01 2.2923E-01 2.3591E-01 2.5285E-01 2.7082E-01 2.8409E-01 2.9397E-01 2.9632E-01 2.9111E-01 3.1497E-01 3.1435E-01 3.0759E-01 2.9580E-01 3.0933E-01 3.3921E-01 3.3810E-01 3.2147E-01 3.5583E-01 4.4959E-01 5.7696E-01 9.2273E-01 7.5001E-01 5.5424E-01 5.0664E-01 3.5038E-01 3.9205E-01 4.0910E-01 6.0640E-01 9.5879E-01 1.6325E+00 6.4400E-01 6.7205E-01 8.1493E-01 9.5698E-01 1.4400E+00 1.4327E+00 6.4291E-01 9.4218E-01 7.0221E-01 8.4659E-01 6.2929E-01 5.4288E-01 4.8843E-01 5.2534E-01 4.6224E-01 4.0906E-01
1.3285E-01 1.3737E-01 1.4225E-01 1.4797E-01 1.5429E-01 1.6196E-01 1.7038E-01 1.7985E-01 1.9112E-01 2.0362E-01 2.1725E-01 2.2378E-01 2.3082E-01 2.3803E-01 2.5130E-01 2.6435E-01 2.7621E-01 2.8586E-01 2.8210E-01 3.0422E-01 3.0592E-01 3.0124E-01 2.9005E-01 2.9125E-01 3.0059E-01 3.0785E-01 3.0898E-01 3.1220E-01 3.2130E-01 3.7007E-01 5.2041E-01 6.5258E-01 5.2076E-01 4.4494E-01 4.1133E-01 3.2536E-01 3.5914E-01 4.9079E-01 6.6416E-01 8.5997E-01 1.4642E+00 6.6471E-01 5.0100E-01 7.0648E-01 8.8808E-01 9.7827E-01 1.2504E+00 8.5850E-01 7.9932E-01 8.6991E-01 7.5879E-01 8.2364E-01 6.4929E-01 4.7452E-01 4.9539E-01 5.2433E-01 4.9212E-01
1.3266E-01 1.3848E-01 1.4513E-01 1.5265E-01 1.6105E-01 1.7002E-01 1.7992E-01 1.9061E-01 2.0224E-01 2.1155E-01 2.1814E-01 2.2470E-01 2.3149E-01 2.3771E-01 2.4835E-01 2.6119E-01 2.7144E-01 2.7003E-01 2.9235E-01 2.9518E-01 2.9190E-01 2.8728E-01 2.8913E-01 2.9568E-01 2.9313E-01 2.8342E-01 2.9630E-01 3.2981E-01 3.3538E-01 3.7931E-01 4.5628E-01 4.7414E-01 3.7797E-01 3.5065E-01 3.5473E-01 3.0424E-01 2.9719E-01 3.3864E-01 3.8775E-01 5.3032E-01 7.8826E-01 5.0719E-01 5.2001E-01 6.9364E-01 7.7829E-01 8.7342E-01 1.0784E+00 1.1148E+00 7.1930E-01 6.8007E-01 8.1801E-01 7.3011E-01 6.8449E-01 5.0765E-01 4.6079E-01 4.4734E-01 4.7089E-01
1.3550E-01 1.4279E-01 1.5077E-01 1.5917E-01 1.6813E-01 1.7745E-01 1.8706E-01 1.9752E-01 2.0650E-01 2.1204E-01 2.1771E-01 2.2303E-01 2.2778E-01 2.3456E-01 2.4823E-01 2.5394E-01 2.5300E-01 2.7467E-01 2.8428E-01 2.8143E-01 2.9206E-01 2.9958E-01 3.0303E-01 2.8984E-01 3.0440E-01 3.0685E-01 3.1647E-01 3.3189E-01 3.4369E-01 3.6918E-01 3.8251E-01 3.5481E-01 3.3540E-01 3.4466E-01 3.1498E-01 2.7790E-01 2.7168E-01 3.0096E-01 3.4826E-01 4.4153E-01 4.7221E-01 4.0691E-01 5.2123E-01 6.9485E-01 8.9957E-01 1.1050E+00 1.1091E+00 9.7792E-01 6.7575E-01 7.1097E-01 7.6316E-01 7.8515E-01 6.3873E-01 5.4086E-01 4.2453E-01 4.8748E-01 4.1296E-01
1.3992E-01 1.4779E-01 1.5614E-01 1.6437E-01 1.7285E-01 1.8160E-01 1.9028E-01 1.9914E-01 2.0605E-01 2.1019E-01 2.1345E-01 2.1614E-01 2.2261E-01 2.3493E-01 2.3513E-01 2.3468E-01 2.5649E-01 2.7372E-01 2.7562E-01 2.9111E-01 3.0234E-01 3.1076E-01 2.7802E-01 2.8838E-01 3.1333E-01 3.2504E-01 3.2462E-01 3.2847E-01 3.3445E-01 3.3174E-01 3.1609E-01 2.9942E-01 3.0194E-01 2.9591E-01 2.7286E-01 2.5555E-01 2.4788E-01 3.0339E-01 3.1799E-01 3.4545E-01 3.6275E-01 3.6026E-01 5.1128E-01 6.6981E-01 9.2403E-01 1.1370E+00 9.5728E-01 9.7282E-01 6.5424E-01 6.7489E-01 6.5602E-01 7.2632E-01 7.3030E-01 6.0473E-01 4.7576E-01 4.5945E-01 4.2165E-01
1.4369E-01 1.5133E-01 1.5880E-01 1.6628E-01 1.7391E-01 1.8137E-01 1.8881E-01 1.9595E-01 2.0214E-01 2.0371E-01 2.0411E-01 2.1168E-01 2.1721E-01 2.1810E-01 2.1937E-01 2.3903E-01 2.6276E-01 2.6827E-01 2.8596E-01 2.9978E-01 3.1124E-01 2.8635E-01 2.6735E-01 2.8359E-01 3.0430E-01 3.1907E-01 3.2751E-01 3.1548E-01 3.0438E-01 2.8766E-01 2.5858E-01 2.5966E-01 2.4381E-01 2.2093E-01 2.3406E-01 2.2983E-01 2.4430E-01 2.8569E-01 2.8483E-01 2.9907E-01 3.2724E-01 3.5473E-01 5.0076E-01 6.5666E-01 8.2784E-01 9.4351E-01 9.0283E-01 8.5127E-01 6.5413E-01 6.1964E-01 6.1050E-01 5.9864E-01 6.8289E-01 6.6684E-01 5.6519E-01 4.7516E-01 4.1521E-01
1.4530E-01 1.5209E-01 1.5847E-01 1.6501E-01 1.7138E-01 1.7757E-01 1.8366E-01 1.8928E-01 1.9390E-01 1.9260E-01 2.0106E-01 2.0319E-01 2.0540E-01 2.0895E-01 2.2246E-01 2.5173E-01 2.5917E-01 2.7788E-01 2.9307E-01 3.0599E-01 2.9447E-01 2.7421E-01 2.5875E-01 2.7867E-01 2.9669E-01 3.1252E-01 3.2842E-01 3.0891E-01 2.8796E-01 2.6401E-01 2.6622E-01 2.5626E-01 2.4999E-01 2.1587E-01 2.2076E-01 2.1385E-01 2.2863E-01 2.5596E-01 2.6267E-01 2.7845E-01 3.0103E-01 3.8225E-01 4.7189E-01 6.1178E-01 7.2976E-01 8.0368E-01 7.8796E-01 7.1884E-01 6.3716E-01 5.7503E-01 5.6109E-01 5.4621E-01 5.3360E-01 5.4064E-01 5.9828E-01 5.1170E-01 4.1161E-01
1.4434E-01 1.5024E-01 1.5602E-01 1.6167E-01 1.6729E-01 1.7255E-01 1.7771E-01 1.8221E-01 1.8141E-01 1.8984E-01 1.9315E-01 1.9725E-01 2.0277E-01 2.1085E-01 2.4088E-01 2.4914E-01 2.6810E-01 2.8352E-01 2.9693E-01 3.0092E-01 2.7718E-01 2.5676E-01 2.5323E-01 2.7315E-01 2.8955E-01 3.0553E-01 3.2269E-01 3.0886E-01 2.8475E-01 2.5987E-01 2.5742E-01 2.4852E-01 2.5121E-01 2.2550E-01 2.1655E-01 2.2195E-01 2.3367E-01 2.5982E-01 2.4982E-01 2.8097E-01 3.4030E-01 3.9576E-01 4.5028E-01 5.0358E-01 6.1154E-01 7.1828E-01 7.1703E-01 6.6741E-01 6.0484E-01 5.3146E-01 5.0685E-01 5.1391E-01 5.0233E-01 4.7726E-01 4.5273E-01 5.0526E-01 4.4146E-01
1.4186E-01 1.4742E-01 1.5294E-01 1.5838E-01 1.6368E-01 1.6852E-01 1.7326E-01 1.7070E-01 1.8212E-01 1.8681E-01 1.9214E-01 1.9917E-01 2.0892E-01 2.2531E-01 2.3739E-01 2.5716E-01 2.7311E-01 2.8622E-01 2.9953E-01 2.8612E-01 2.6746E-01 2.5466E-01 2.5159E-01 2.6862E-01 2.8308E-01 2.9741E-01 3.1117E-01 3.1171E-01 2.8825E-01 2.6763E-01 2.5447E-01 2.5238E-01 2.4708E-01 2.2820E-01 2.2321E-01 2.2846E-01 2.4577E-01 2.5266E-01 2.6630E-01 3.0929E-01 3.4987E-01 3.8056E-01 4.0437E-01 4.5664E-01 6.1077E-01 6.6093E-01 6.6577E-01 6.1941E-01 5.6225E-01 4.8700E-01 5.1080E-01 4.6256E-01 4.6261E-01 4.4700E-01 4.3067E-01 4.0612E-01 4.3997E-01
1.3937E-01 1.4516E-01 1.5098E-01 1.5658E-01 1.6185E-01 1.6254E-01 1.6322E-01 1.7506E-01 1.8238E-01 1.8874E-01 1.9679E-01 2.0671E-01 2.1852E-01 2.3093E-01 2.4486E-01 2.6153E-01 2.7525E-01 2.8781E-01 2.9235E-01 2.7627E-01 2.6332E-01 2.5687E-01 2.5520E-01 2.6393E-01 2.7669E-01 2.8829E-01 2.9743E-01 3.0083E-01 2.8841E-01 2.7335E-01 2.6724E-01 2.5747E-01 2.6052E-01 2.4535E-01 2.2986E-01 2.3946E-01 2.4086E-01 2.5958E-01 2.8876E-01 3.1962E-01 3.4149E-01 3.5339E-01 3.6242E-01 4.7992E-01 5.7219E-01 6.1676E-01 6.1886E-01 5.7892E-01 5.1762E-01 4.4274E-01 4.8546E-01 4.6899E-01 4.3971E-01 4.2694E-01 4.0945E-01 3.9240E-01 3.6814E-01
1.3852E-01 1.4479E-01 1.5088E-01 1.5510E-01 1.5208E-01 1.5632E-01 1.6759E-01 1.7882E-01 1.8549E-01 1.9350E-01 2.0285E-01 2.1061E-01 2.2343E-01 2.3221E-01 2.4880E-01 2.6349E-01 2.7614E-01 2.8978E-01 2.8163E-01 2.6965E-01 2.6242E-01 2.6014E-01 2.5957E-01 2.5927E-01 2.6963E-01 2.7806E-01 2.8329E-01 2.8295E-01 2.7603E-01 2.6443E-01 2.5184E-01 2.5845E-01 2.6708E-01 2.6317E-01 2.5349E-01 2.4936E-01 2.6417E-01 2.8068E-01 3.0140E-01 3.1751E-01 3.2454E-01 3.2115E-01 3.7538E-01 4.9132E-01 5.3483E-01 5.7446E-01 5.7281E-01 5.4210E-01 4.8367E-01 4.1703E-01 4.4547E-01 4.6072E-01 4.3169E-01 4.1432E-01 3.9297E-01 3.7644E-01 3.5876E-01
1.3939E-01 1.4601E-01 1.4497E-01 1.4225E-01 1.4974E-01 1.6049E-01 1.7122E-01 1.8114E-01 1.8859E-01 1.9658E-01 2.0123E-01 2.0985E-01 2.1831E-01 2.3519E-01 2.5065E-01 2.6400E-01 2.7742E-01 2.8349E-01 2.7265E-01 2.6505E-01 2.6238E-01 2.6183E-01 2.5894E-01 2.5436E-01 2.6219E-01 2.6763E-01 2.6909E-01 2.6634E-01 2.5887E-01 2.4873E-01 2.3896E-01 2.5487E-01 2.6358E-01 2.6450E-01 2.5995E-01 2.6142E-01 2.8153E-01 2.9701E-01 3.0673E-01 3.0965E-01 3.0314E-01 3.0979E-01 3.8962E-01 4.9212E-01 5.0256E-01 5.3642E-01 5.3058E-01 5.0741E-01 4.5191E-01 3.9014E-01 4.0496E-01 4.3124E-01 4.2173E-01 4.0067E-01 3.8019E-01 3.6180E-01 3.4653E-01
1.3756E-01 1.3520E-01 1.3343E-01 1.4351E-01 1.5376E-01 1.6384E-01 1.7330E-01 1.8152E-01 1.8806E-01 1.9236E-01 1.9543E-01 2.0290E-01 2.2125E-01 2.3709E-01 2.5130E-01 2.6474E-01 2.7992E-01 2.7264E-01 2.6498E-01 2.6129E-01 2.6043E-01 2.5942E-01 2.5255E-01 2.4942E-01 2.5506E-01 2.5762E-01 2.5641E-01 2.5176E-01 2.4418E-01 2.3711E-01 2.3365E-01 2.4940E-01 2.6082E-01 2.7095E-01 2.6916E-01 2.7910E-01 2.9900E-01 3.0727E-01 3.0775E-01 2.9770E-01 2.7973E-01 3.2297E-01 4.0197E-01 4.7057E-01 4.7598E-01 5.0235E-01 4.9248E-01 4.7467E-01 4.2075E-01 3.6157E-01 3.6573E-01 3.9753E-01 4.0507E-01 3.8207E-01 3.6938E-01 3.4981E-01 3.3409E-01
1.2584E-01 1.2759E-01 1.3741E-01 1.4722E-01 1.5683E-01 1.6564E-01 1.7307E-01 1.7794E-01 1.8212E-01 1.8499E-01 1.8984E-01 2.0800E-01 2.2396E-01 2.3812E-01 2.5187E-01 2.6677E-01 2.7090E-01 2.6278E-01 2.5804E-01 2.5665E-01 2.5598E-01 2.5172E-01 2.4137E-01 2.4381E-01 2.4761E-01 2.5141E-01 2.5459E-01 2.5425E-01 2.5089E-01 2.4545E-01 2.4301E-01 2.5656E-01 2.6653E-01 2.7488E-01 2.8494E-01 2.9703E-01 3.0697E-01 3.1041E-01 3.0255E-01 2.8317E-01 2.7894E-01 3.3613E-01 4.1041E-01 4.5172E-01 4.5173E-01 4.7121E-01 4.5895E-01 4.4267E-01 3.9030E-01 3.4538E-01 3.2972E-01 3.6338E-01 3.7901E-01 3.5936E-01 3.4984E-01 3.3880E-01 3.2267E-01
1.2161E-01 1.3131E-01 1.4085E-01 1.4996E-01 1.5844E-01 1.6329E-01 1.6645E-01 1.6910E-01 1.7020E-01 1.7780E-01 1.9511E-01 2.1116E-01 2.2547E-01 2.3926E-01 2.5380E-01 2.6746E-01 2.5947E-01 2.5387E-01 2.5142E-01 2.5041E-01 2.4759E-01 2.3997E-01 2.3304E-01 2.3800E-01 2.3996E-01 2.4635E-01 2.5107E-01 2.5291E-01 2.5193E-01 2.4881E-01 2.5146E-01 2.6051E-01 2.6786E-01 2.8278E-01 2.9010E-01 3.0254E-01 3.0942E-01 3.0651E-01 2.9093E-01 2.7997E-01 2.9146E-01 3.4699E-01 4.1346E-01 4.3178E-01 4.2798E-01 4.4183E-01 4.2840E-01 4.1059E-01 3.6127E-01 3.2264E-01 2.9633E-01 3.2906E-01 3.4934E-01 3.3522E-01 3.2527E-01 3.2357E-01 3.1190E-01
1.2513E-01 1.3451E-01 1.4340E-01 1.5031E-01 1.5260E-01 1.5472E-01 1.5728E-01 1.6098E-01 1.7094E-01 1.8281E-01 1.9877E-01 2.1318E-01 2.2683E-01 2.4113E-01 2.5688E-01 2.5522E-01 2.4897E-01 2.4559E-01 2.4416E-01 2.4186E-01 2.3634E-01 2.2669E-01 2.2872E-01 2.3201E-01 2.3246E-01 2.3956E-01 2.4505E-01 2.4818E-01 2.4865E-01 2.4729E-01 2.5382E-01 2.6065E-01 2.6879E-01 2.8650E-01 2.9398E-01 3.0384E-01 3.0586E-01 2.9561E-01 2.7298E-01 2.7378E-01 3.0207E-01 3.5419E-01 4.1155E-01 4.1064E-01 4.0441E-01 4.1466E-01 4.0019E-01 3.8033E-01 3.3383E-01 2.8960E-01 2.7992E-01 2.9585E-01 3.1890E-01 3.0870E-01 2.9983E-01 2.9869E-01 3.0108E-01
1.2805E-01 1.3680E-01 1.4032E-01 1.4254E-01 1.4787E-01 1.5219E-01 1.5510E-01 1.6440E-01 1.7072E-01 1.8659E-01 2.0119E-01 2.1472E-01 2.2869E-01 2.4375E-01 2.5045E-01 2.4363E-01 2.3951E-01 2.3728E-01 2.3500E-01 2.3098E-01 2.2347E-01 2.1942E-01 2.2434E-01 2.2626E-01 2.2546E-01 2.3204E-01 2.3767E-01 2.4149E-01 2.4321E-01 2.4705E-01 2.5249E-01 2.5994E-01 2.7038E-01 2.8382E-01 2.9485E-01 3.0073E-01 2.9540E-01 2.7819E-01 2.5866E-01 2.6942E-01 3.1004E-01 3.5677E-01 4.0430E-01 3.9001E-01 3.8196E-01 3.8885E-01 3.7483E-01 3.5282E-01 3.0916E-01 2.6963E-01 2.6325E-01 2.6511E-01 2.8904E-01 2.8083E-01 2.7448E-01 2.7383E-01 2.7690E-01
1.2764E-01 1.3327E-01 1.3877E-01 1.4336E-01 1.4685E-01 1.4908E-01 1.5801E-01 1.5930E-01 1.7471E-01 1.8923E-01 2.0286E-01 2.1653E-01 2.3103E-01 2.4516E-01 2.3839E-01 2.3341E-01 2.3044E-01 2.2820E-01 2.2519E-01 2.1886E-01 2.1057E-01 2.1620E-01 2.1987E-01 2.2076E-01 2.1886E-01 2.2474E-01 2.3042E-01 2.3451E-01 2.3922E-01 2.4402E-01 2.5053E-01 2.5987E-01 2.7227E-01 2.8429E-01 2.9202E-01 2.9112E-01 2.7906E-01 2.5551E-01 2.4523E-01 2.7539E-01 3.1341E-01 3.5419E-01 3.9219E-01 3.6951E-01 3.6150E-01 3.6632E-01 3.5385E-01 3.2788E-01 2.8689E-01 2.5287E-01 2.3821E-01 2.3719E-01 2.5650E-01 2.5279E-01 2.4845E-01 2.4870E-01 2.5311E-01
1.2937E-01 1.3450E-01 1.3856E-01 1.4145E-01 1.4296E-01 1.5212E-01 1.5184E-01 1.6358E-01 1.7776E-01 1.9128E-01 2.0475E-01 2.1864E-01 2.3399E-01 2.3293E-01 2.2761E-01 2.2408E-01 2.2184E-01 2.1875E-01 2.1357E-01 2.0702E-01 2.0747E-01 2.1272E-01 2.1521E-01 2.1514E-01 2.1285E-01 2.1792E-01 2.2415E-01 2.3061E-01 2.3525E-01 2.4110E-01 2.4969E-01 2.6098E-01 2.7294E-01 2.8081E-01 2.8413E-01 2.7658E-01 2.5784E-01 2.3072E-01 2.4943E-01 2.7825E-01 3.1254E-01 3.4721E-01 3.7591E-01 3.5093E-01 3.4304E-01 3.4661E-01 3.3338E-01 3.0533E-01 2.6632E-01 2.3928E-01 2.2921E-01 2.1606E-01 2.2651E-01 2.2622E-01 2.2311E-01 2.3030E-01 2.3025E-01
1.2983E-01 1.3351E-01 1.3589E-01 1.3695E-01 1.4274E-01 1.4652E-01 1.5299E-01 1.6691E-01 1.8029E-01 1.9346E-01 2.0687E-01 2.2137E-01 2.2740E-01 2.2180E-01 2.1784E-01 2.1543E-01 2.1249E-01 2.0832E-01 2.0260E-01 1.9797E-01 2.0477E-01 2.0903E-01 2.1056E-01 2.0981E-01 2.0713E-01 2.1501E-01 2.2102E-01 2.2573E-01 2.3099E-01 2.3923E-01 2.4987E-01 2.6138E-01 2.7149E-01 2.7062E-01 2.7157E-01 2.5735E-01 2.3350E-01 2.2893E-01 2.5232E-01 2.7864E-01 3.0803E-01 3.3689E-01 3.5703E-01 3.3319E-01 3.2547E-01 3.2782E-01 3.1027E-01 2.8510E-01 2.4800E-01 2.2707E-01 2.2033E-01 1.9042E-01 2.0077E-01 2.0266E-01 2.0240E-01 2.1683E-01 2.2344E-01
