20231023_webinar_progetto_murano/data_input/calpost_grid/rank(0)_cd_2952hr_conc_cd.grd
DSAA
          81          81
     760.250     764.250
    5036.750    5040.750
  0.9043E-02  0.9412E+00
[rows 0 to 24 of 81, columns 0 to 56 of 81]
3.5737E-02 3.8115E-02 4.0435E-02 4.2629E-02 4.4653E-02 4.6468E-02 4.8128E-02 4.9716E-02 5.1360E-02 5.3165E-02 5.5183E-02 5.7396E-02 5.9772E-02 6.2266E-02 6.4849E-02 6.7548E-02 7.0478E-02 7.3693E-02 7.7217E-02 8.0964E-02 8.4739E-02 8.8151E-02 9.1253E-02 9.4050E-02 9.6657E-02 9.9096E-02 1.0118E-01 1.0271E-01 1.0368E-01 1.0436E-01 1.0502E-01 1.0569E-01 1.0613E-01 1.0598E-01 1.0499E-01 1.0326E-01 1.0121E-01 9.9336E-02 9.7872E-02 9.6693E-02 9.5423E-02 9.3662E-02 9.1258E-02 8.8408E-02 8.5430E-02 8.2496E-02 7.9602E-02 7.6617E-02 7.3431E-02 7.0079E-02 6.6694E-02 6.3433E-02 6.0498E-02 5.8043E-02 5.6058E-02 5.4466E-02 5.3094E-02
3.5944E-02 3.8326E-02 4.0723E-02 4.3073E-02 4.5306E-02 4.7353E-02 4.9209E-02 5.0930E-02 5.2630E-02 5.4426E-02 5.6417E-02 5.8633E-02 6.1075E-02 6.3678E-02 6.6396E-02 6.9217E-02 7.2209E-02 7.5449E-02 7.9026E-02 8.2915E-02 8.6946E-02 9.0728E-02 9.4258E-02 9.7494E-02 1.0055E-01 1.0343E-01 1.0597E-01 1.0790E-01 1.0913E-01 1.0991E-01 1.1059E-01 1.1127E-01 1.1178E-01 1.1171E-01 1.1072E-01 1.0888E-01 1.0665E-01 1.0459E-01 1.0299E-01 1.0173E-01 1.0037E-01 9.8483E-02 9.5884E-02 9.2802E-02 8.9575E-02 8.6410E-02 8.3277E-02 8.0043E-02 7.6606E-02 7.3032E-02 6.9457E-02 6.6056E-02 6.3020E-02 6.0481E-02 5.8430E-02 5.6765E-02 5.5297E-02
3.6007E-02 3.8353E-02 4.0762E-02 4.3208E-02 4.5625E-02 4.7911E-02 5.0015E-02 5.1927E-02 5.3729E-02 5.5538E-02 5.7494E-02 5.9676E-02 6.2132E-02 6.4828E-02 6.7673E-02 7.0631E-02 7.3694E-02 7.6984E-02 8.0609E-02 8.4588E-02 8.8857E-02 9.3019E-02 9.7009E-02 1.0077E-01 1.0433E-01 1.0773E-01 1.1080E-01 1.1322E-01 1.1481E-01 1.1576E-01 1.1646E-01 1.1716E-01 1.1771E-01 1.1767E-01 1.1668E-01 1.1471E-01 1.1229E-01 1.1002E-01 1.0825E-01 1.0689E-01 1.0543E-01 1.0341E-01 1.0060E-01 9.7252E-02 9.3773E-02 9.0348E-02 8.6954E-02 8.3445E-02 7.9763E-02 7.5969E-02 7.2208E-02 6.8672E-02 6.5527E-02 6.2891E-02 6.0756E-02 5.8988E-02 5.7408E-02
3.5997E-02 3.8267E-02 4.0644E-02 4.3121E-02 4.5659E-02 4.8161E-02 5.0529E-02 5.2693E-02 5.4658E-02 5.6528E-02 5.8467E-02 6.0605E-02 6.3034E-02 6.5752E-02 6.8707E-02 7.1817E-02 7.5017E-02 7.8381E-02 8.2038E-02 8.6096E-02 9.0558E-02 9.5078E-02 9.9568E-02 1.0391E-01 1.0805E-01 1.1204E-01 1.1572E-01 1.1875E-01 1.2082E-01 1.2203E-01 1.2282E-01 1.2346E-01 1.2399E-01 1.2399E-01 1.2300E-01 1.2089E-01 1.1825E-01 1.1574E-01 1.1380E-01 1.1228E-01 1.1071E-01 1.0852E-01 1.0549E-01 1.0187E-01 9.8102E-02 9.4392E-02 9.0705E-02 8.6904E-02 8.2959E-02 7.8942E-02 7.5009E-02 7.1326E-02 6.8053E-02 6.5307E-02 6.3059E-02 6.1177E-02 5.9474E-02
3.5943E-02 3.8138E-02 4.0434E-02 4.2889E-02 4.5472E-02 4.8118E-02 5.0725E-02 5.3164E-02 5.5386E-02 5.7411E-02 5.9383E-02 6.1484E-02 6.3840E-02 6.6540E-02 6.9560E-02 7.2813E-02 7.6175E-02 7.9667E-02 8.3393E-02 8.7532E-02 9.2147E-02 9.6989E-02 1.0201E-01 1.0697E-01 1.1179E-01 1.1641E-01 1.2078E-01 1.2448E-01 1.2720E-01 1.2868E-01 1.2955E-01 1.3022E-01 1.3073E-01 1.3072E-01 1.2968E-01 1.2743E-01 1.2457E-01 1.2184E-01 1.1967E-01 1.1800E-01 1.1628E-01 1.1390E-01 1.1059E-01 1.0667E-01 1.0258E-01 9.8545E-02 9.4548E-02 9.0451E-02 8.6263E-02 8.2025E-02 7.7929E-02 7.4080E-02 7.0652E-02 6.7744E-02 6.5353E-02 6.3329E-02 6.1483E-02
3.5840E-02 3.7995E-02 4.0209E-02 4.2580E-02 4.5141E-02 4.7845E-02 5.0615E-02 5.3330E-02 5.5854E-02 5.8139E-02 6.0240E-02 6.2330E-02 6.4616E-02 6.7258E-02 7.0286E-02 7.3645E-02 7.7210E-02 8.0889E-02 8.4749E-02 8.8970E-02 9.3747E-02 9.8875E-02 1.0440E-01 1.1001E-01 1.1552E-01 1.2085E-01 1.2590E-01 1.3032E-01 1.3368E-01 1.3576E-01 1.3684E-01 1.3751E-01 1.3794E-01 1.3791E-01 1.3681E-01 1.3439E-01 1.3129E-01 1.2829E-01 1.2589E-01 1.2401E-01 1.2208E-01 1.1949E-01 1.1591E-01 1.1167E-01 1.0722E-01 1.0285E-01 9.8515E-02 9.4170E-02 8.9694E-02 8.5256E-02 8.0938E-02 7.6914E-02 7.3313E-02 7.0209E-02 6.7637E-02 6.5443E-02 6.3445E-02
3.5690E-02 3.7825E-02 3.9992E-02 4.2265E-02 4.4728E-02 4.7406E-02 5.0258E-02 5.3181E-02 5.6016E-02 5.8627E-02 6.0975E-02 6.3162E-02 6.5423E-02 6.7971E-02 7.0959E-02 7.4384E-02 7.8137E-02 8.2059E-02 8.6127E-02 9.0484E-02 9.5398E-02 1.0078E-01 1.0676E-01 1.1303E-01 1.1928E-01 1.2536E-01 1.3111E-01 1.3637E-01 1.4053E-01 1.4323E-01 1.4461E-01 1.4530E-01 1.4564E-01 1.4551E-01 1.4431E-01 1.4175E-01 1.3844E-01 1.3518E-01 1.3253E-01 1.3040E-01 1.2821E-01 1.2532E-01 1.2143E-01 1.1683E-01 1.1201E-01 1.0726E-01 1.0262E-01 9.7934E-02 9.3256E-02 8.8615E-02 8.4104E-02 7.9836E-02 7.5995E-02 7.2696E-02 6.9929E-02 6.7565E-02 6.5396E-02
3.5431E-02 3.7618E-02 3.9759E-02 4.1966E-02 4.4320E-02 4.6897E-02 4.9736E-02 5.2765E-02 5.5849E-02 5.8805E-02 6.1501E-02 6.3929E-02 6.6257E-02 6.8757E-02 7.1666E-02 7.5086E-02 7.8986E-02 8.3180E-02 8.7533E-02 9.2106E-02 9.7161E-02 1.0277E-01 1.0917E-01 1.1610E-01 1.2314E-01 1.2998E-01 1.3651E-01 1.4255E-01 1.4759E-01 1.5105E-01 1.5288E-01 1.5365E-01 1.5388E-01 1.5362E-01 1.5229E-01 1.4954E-01 1.4597E-01 1.4246E-01 1.3954E-01 1.3713E-01 1.3464E-01 1.3139E-01 1.2715E-01 1.2217E-01 1.1694E-01 1.1181E-01 1.0682E-01 1.0188E-01 9.6985E-02 9.2136E-02 8.7387E-02 8.2876E-02 7.8768E-02 7.5232E-02 7.2267E-02 6.9705E-02 6.7333E-02
3.5055E-02 3.7301E-02 3.9494E-02 4.1674E-02 4.3940E-02 4.6394E-02 4.9126E-02 5.2147E-02 5.5370E-02 5.8640E-02 6.1729E-02 6.4548E-02 6.7112E-02 6.9656E-02 7.2486E-02 7.5838E-02 7.9815E-02 8.4249E-02 8.8944E-02 9.3835E-02 9.9121E-02 1.0495E-01 1.1176E-01 1.1935E-01 1.2724E-01 1.3488E-01 1.4215E-01 1.4896E-01 1.5489E-01 1.5921E-01 1.6164E-01 1.6261E-01 1.6278E-01 1.6230E-01 1.6077E-01 1.5779E-01 1.5394E-01 1.5017E-01 1.4696E-01 1.4420E-01 1.4135E-01 1.3772E-01 1.3305E-01 1.2764E-01 1.2199E-01 1.1652E-01 1.1115E-01 1.0599E-01 1.0087E-01 9.5787E-02 9.0750E-02 8.5966E-02 8.1589E-02 7.7817E-02 7.4621E-02 7.1847E-02 6.9241E-02
3.4535E-02 3.6864E-02 3.9128E-02 4.1342E-02 4.3570E-02 4.5930E-02 4.8515E-02 5.1429E-02 5.4685E-02 5.8139E-02 6.1615E-02 6.4912E-02 6.7881E-02 7.0644E-02 7.3494E-02 7.6767E-02 8.0721E-02 8.5345E-02 9.0420E-02 9.5764E-02 1.0141E-01 1.0756E-01 1.1476E-01 1.2295E-01 1.3164E-01 1.4016E-01 1.4817E-01 1.5569E-01 1.6246E-01 1.6772E-01 1.7089E-01 1.7220E-01 1.7225E-01 1.7157E-01 1.6980E-01 1.6648E-01 1.6229E-01 1.5822E-01 1.5472E-01 1.5160E-01 1.4830E-01 1.4421E-01 1.3907E-01 1.3319E-01 1.2713E-01 1.2120E-01 1.1559E-01 1.1018E-01 1.0484E-01 9.9491E-02 9.4167E-02 8.9083E-02 8.4425E-02 8.0429E-02 7.7009E-02 7.3986E-02 7.1132E-02
3.3886E-02 3.6276E-02 3.8623E-02 4.0911E-02 4.3174E-02 4.5486E-02 4.7962E-02 5.0724E-02 5.3878E-02 5.7403E-02 6.1157E-02 6.4937E-02 6.8459E-02 7.1636E-02 7.4680E-02 7.7966E-02 8.1894E-02 8.6626E-02 9.2083E-02 9.7979E-02 1.0419E-01 1.1075E-01 1.1838E-01 1.2719E-01 1.3662E-01 1.4601E-01 1.5472E-01 1.6282E-01 1.7031E-01 1.7647E-01 1.8051E-01 1.8226E-01 1.8236E-01 1.8141E-01 1.7922E-01 1.7554E-01 1.7100E-01 1.6664E-01 1.6282E-01 1.5929E-01 1.5548E-01 1.5087E-01 1.4522E-01 1.3884E-01 1.3230E-01 1.2602E-01 1.2013E-01 1.1449E-01 1.0889E-01 1.0322E-01 9.7590E-02 9.2191E-02 8.7286E-02 8.3057E-02 7.9397E-02 7.6107E-02 7.2974E-02
3.3143E-02 3.5569E-02 3.7971E-02 4.0340E-02 4.2685E-02 4.5021E-02 4.7445E-02 5.0076E-02 5.3075E-02 5.6518E-02 6.0387E-02 6.4532E-02 6.8621E-02 7.2419E-02 7.5915E-02 7.9419E-02 8.3391E-02 8.8210E-02 9.3951E-02 1.0042E-01 1.0734E-01 1.1452E-01 1.2265E-01 1.3198E-01 1.4218E-01 1.5236E-01 1.6181E-01 1.7042E-01 1.7844E-01 1.8545E-01 1.9045E-01 1.9277E-01 1.9294E-01 1.9170E-01 1.8910E-01 1.8494E-01 1.8002E-01 1.7535E-01 1.7123E-01 1.6729E-01 1.6294E-01 1.5773E-01 1.5151E-01 1.4461E-01 1.3758E-01 1.3096E-01 1.2481E-01 1.1892E-01 1.1302E-01 1.0701E-01 1.0104E-01 9.5330E-02 9.0182E-02 8.5699E-02 8.1770E-02 7.8192E-02 7.4784E-02
3.2313E-02 3.4736E-02 3.7177E-02 3.9615E-02 4.2041E-02 4.4468E-02 4.6921E-02 4.9508E-02 5.2379E-02 5.5680E-02 5.9501E-02 6.3833E-02 6.8424E-02 7.2976E-02 7.7240E-02 8.1298E-02 8.5529E-02 9.0463E-02 9.6406E-02 1.0336E-01 1.1104E-01 1.1902E-01 1.2775E-01 1.3755E-01 1.4836E-01 1.5935E-01 1.6953E-01 1.7857E-01 1.8697E-01 1.9466E-01 2.0053E-01 2.0358E-01 2.0396E-01 2.0239E-01 1.9931E-01 1.9468E-01 1.8935E-01 1.8442E-01 1.8000E-01 1.7559E-01 1.7065E-01 1.6481E-01 1.5798E-01 1.5046E-01 1.4299E-01 1.3603E-01 1.2965E-01 1.2350E-01 1.1725E-01 1.1085E-01 1.0452E-01 9.8512E-02 9.3105E-02 8.8334E-02 8.4080E-02 8.0216E-02 7.6567E-02
3.1457E-02 3.3830E-02 3.6261E-02 3.8735E-02 4.1240E-02 4.3763E-02 4.6321E-02 4.8960E-02 5.1783E-02 5.4960E-02 5.8649E-02 6.3013E-02 6.7970E-02 7.3249E-02 7.8486E-02 8.3446E-02 8.8295E-02 9.3511E-02 9.9588E-02 1.0685E-01 1.1516E-01 1.2402E-01 1.3343E-01 1.4371E-01 1.5507E-01 1.6681E-01 1.7773E-01 1.8724E-01 1.9587E-01 2.0405E-01 2.1078E-01 2.1463E-01 2.1529E-01 2.1353E-01 2.0993E-01 2.0475E-01 1.9899E-01 1.9377E-01 1.8909E-01 1.8421E-01 1.7865E-01 1.7211E-01 1.6457E-01 1.5645E-01 1.4854E-01 1.4131E-01 1.3474E-01 1.2830E-01 1.2166E-01 1.1482E-01 1.0809E-01 1.0179E-01 9.6042E-02 9.0933E-02 8.6354E-02 8.2211E-02 7.8358E-02
3.0622E-02 3.2908E-02 3.5281E-02 3.7753E-02 4.0299E-02 4.2912E-02 4.5583E-02 4.8345E-02 5.1226E-02 5.4369E-02 5.7976E-02 6.2291E-02 6.7432E-02 7.3283E-02 7.9513E-02 8.5674E-02 9.1514E-02 9.7268E-02 1.0351E-01 1.1084E-01 1.1954E-01 1.2924E-01 1.3950E-01 1.5040E-01 1.6219E-01 1.7456E-01 1.8624E-01 1.9631E-01 2.0524E-01 2.1372E-01 2.2120E-01 2.2597E-01 2.2710E-01 2.2522E-01 2.2108E-01 2.1526E-01 2.0900E-01 2.0351E-01 1.9852E-01 1.9313E-01 1.8690E-01 1.7960E-01 1.7134E-01 1.6261E-01 1.5429E-01 1.4686E-01 1.4008E-01 1.3331E-01 1.2621E-01 1.1891E-01 1.1181E-01 1.0513E-01 9.9009E-02 9.3500E-02 8.8600E-02 8.4214E-02 8.0186E-02
2.9854E-02 3.2028E-02 3.4311E-02 3.6726E-02 3.9274E-02 4.1944E-02 4.4737E-02 4.7602E-02 5.0622E-02 5.3845E-02 5.7479E-02 6.1788E-02 6.7015E-02 7.3221E-02 8.0256E-02 8.7628E-02 9.4766E-02 1.0143E-01 1.0805E-01 1.1540E-01 1.2417E-01 1.3436E-01 1.4555E-01 1.5722E-01 1.6951E-01 1.8247E-01 1.9495E-01 2.0579E-01 2.1508E-01 2.2385E-01 2.3201E-01 2.3771E-01 2.3946E-01 2.3754E-01 2.3283E-01 2.2629E-01 2.1949E-01 2.1368E-01 2.0837E-01 2.0241E-01 1.9542E-01 1.8735E-01 1.7833E-01 1.6899E-01 1.6032E-01 1.5274E-01 1.4573E-01 1.3858E-01 1.3094E-01 1.2315E-01 1.1565E-01 1.0854E-01 1.0198E-01 9.6050E-02 9.0840E-02 8.6259E-02 8.2114E-02
2.9194E-02 3.1270E-02 3.3485E-02 3.5775E-02 3.8239E-02 4.0907E-02 4.3742E-02 4.6730E-02 4.9888E-02 5.3291E-02 5.7052E-02 6.1469E-02 6.6763E-02 7.3159E-02 8.0677E-02 8.8999E-02 9.7500E-02 1.0548E-01 1.1289E-01 1.2042E-01 1.2899E-01 1.3933E-01 1.5121E-01 1.6385E-01 1.7695E-01 1.9044E-01 2.0378E-01 2.1560E-01 2.2551E-01 2.3453E-01 2.4325E-01 2.4988E-01 2.5241E-01 2.5055E-01 2.4535E-01 2.3796E-01 2.3057E-01 2.2442E-01 2.1874E-01 2.1217E-01 2.0435E-01 1.9541E-01 1.8561E-01 1.7571E-01 1.6672E-01 1.5901E-01 1.5175E-01 1.4411E-01 1.3589E-01 1.2758E-01 1.1959E-01 1.1201E-01 1.0494E-01 9.8619E-02 9.3149E-02 8.8424E-02 8.4185E-02
2.8648E-02 3.0624E-02 3.2698E-02 3.4917E-02 3.7313E-02 3.9914E-02 4.2741E-02 4.5784E-02 4.9072E-02 5.2625E-02 5.6587E-02 6.1169E-02 6.6596E-02 7.3090E-02 8.0795E-02 8.9647E-02 9.9231E-02 1.0870E-01 1.1742E-01 1.2553E-01 1.3402E-01 1.4416E-01 1.5639E-01 1.7007E-01 1.8420E-01 1.9852E-01 2.1274E-01 2.2570E-01 2.3645E-01 2.4591E-01 2.5512E-01 2.6262E-01 2.6597E-01 2.6430E-01 2.5860E-01 2.5034E-01 2.4229E-01 2.3578E-01 2.2968E-01 2.2238E-01 2.1368E-01 2.0390E-01 1.9332E-01 1.8288E-01 1.7368E-01 1.6577E-01 1.5819E-01 1.4999E-01 1.4113E-01 1.3221E-01 1.2365E-01 1.1552E-01 1.0795E-01 1.0126E-01 9.5605E-02 9.0820E-02 8.6484E-02
2.8202E-02 3.0131E-02 3.2143E-02 3.4268E-02 3.6557E-02 3.9059E-02 4.1823E-02 4.4863E-02 4.8200E-02 5.1873E-02 5.5985E-02 6.0753E-02 6.6339E-02 7.2931E-02 8.0657E-02 8.9689E-02 9.9853E-02 1.1056E-01 1.2086E-01 1.3020E-01 1.3919E-01 1.4906E-01 1.6120E-01 1.7561E-01 1.9105E-01 2.0659E-01 2.2182E-01 2.3602E-01 2.4801E-01 2.5817E-01 2.6781E-01 2.7613E-01 2.8027E-01 2.7887E-01 2.7267E-01 2.6349E-01 2.5473E-01 2.4778E-01 2.4114E-01 2.3306E-01 2.2345E-01 2.1279E-01 2.0145E-01 1.9057E-01 1.8119E-01 1.7311E-01 1.6506E-01 1.5621E-01 1.4663E-01 1.3702E-01 1.2783E-01 1.1910E-01 1.1102E-01 1.0408E-01 9.8304E-02 9.3445E-02 8.8985E-02
2.7847E-02 2.9764E-02 3.1740E-02 3.3820E-02 3.6029E-02 3.8443E-02 4.1107E-02 4.4080E-02 4.7391E-02 5.1107E-02 5.5297E-02 6.0183E-02 6.5876E-02 7.2540E-02 8.0289E-02 8.9265E-02 9.9559E-02 1.1095E-01 1.2274E-01 1.3383E-01 1.4403E-01 1.5415E-01 1.6589E-01 1.8052E-01 1.9729E-01 2.1449E-01 2.3106E-01 2.4655E-01 2.6014E-01 2.7139E-01 2.8154E-01 2.9058E-01 2.9543E-01 2.9424E-01 2.8766E-01 2.7751E-01 2.6794E-01 2.6056E-01 2.5327E-01 2.4423E-01 2.3368E-01 2.2211E-01 2.1011E-01 1.9887E-01 1.8938E-01 1.8103E-01 1.7240E-01 1.6277E-01 1.5234E-01 1.4202E-01 1.3212E-01 1.2281E-01 1.1433E-01 1.0719E-01 1.0132E-01 9.6321E-02 9.1585E-02
2.7590E-02 2.9500E-02 3.1478E-02 3.3549E-02 3.5738E-02 3.8108E-02 4.0695E-02 4.3563E-02 4.6798E-02 5.0462E-02 5.4651E-02 5.9558E-02 6.5271E-02 7.1944E-02 7.9663E-02 8.8519E-02 9.8678E-02 1.1027E-01 1.2294E-01 1.3583E-01 1.4790E-01 1.5912E-01 1.7085E-01 1.8522E-01 2.0284E-01 2.2192E-01 2.4029E-01 2.5730E-01 2.7264E-01 2.8539E-01 2.9628E-01 3.0601E-01 3.1140E-01 3.1035E-01 3.0348E-01 2.9237E-01 2.8202E-01 2.7415E-01 2.6609E-01 2.5596E-01 2.4437E-01 2.3196E-01 2.1941E-01 2.0798E-01 1.9828E-01 1.8952E-01 1.8020E-01 1.6963E-01 1.5829E-01 1.4720E-01 1.3662E-01 1.2676E-01 1.1800E-01 1.1067E-01 1.0464E-01 9.9342E-02 9.4146E-02
2.7419E-02 2.9305E-02 3.1286E-02 3.3380E-02 3.5615E-02 3.7991E-02 4.0567E-02 4.3395E-02 4.6551E-02 5.0130E-02 5.4256E-02 5.9090E-02 6.4735E-02 7.1302E-02 7.8881E-02 8.7605E-02 9.7605E-02 1.0907E-01 1.2206E-01 1.3618E-01 1.5035E-01 1.6370E-01 1.7633E-01 1.9040E-01 2.0812E-01 2.2881E-01 2.4948E-01 2.6833E-01 2.8560E-01 3.0035E-01 3.1234E-01 3.2273E-01 3.2859E-01 3.2754E-01 3.2025E-01 3.0827E-01 2.9713E-01 2.8869E-01 2.7964E-01 2.6834E-01 2.5562E-01 2.4236E-01 2.2948E-01 2.1798E-01 2.0801E-01 1.9860E-01 1.8842E-01 1.7677E-01 1.6448E-01 1.5260E-01 1.4142E-01 1.3113E-01 1.2209E-01 1.1454E-01 1.0819E-01 1.0240E-01 9.6649E-02
2.7420E-02 2.9277E-02 3.1254E-02 3.3356E-02 3.5629E-02 3.8073E-02 4.0707E-02 4.3547E-02 4.6682E-02 5.0182E-02 5.4189E-02 5.8893E-02 6.4366E-02 7.0733E-02 7.8084E-02 8.6574E-02 9.6364E-02 1.0768E-01 1.2063E-01 1.3526E-01 1.5104E-01 1.6677E-01 1.8156E-01 1.9622E-01 2.1352E-01 2.3512E-01 2.5833E-01 2.7967E-01 2.9897E-01 3.1616E-01 3.2969E-01 3.4075E-01 3.4713E-01 3.4584E-01 3.3806E-01 3.2515E-01 3.1326E-01 3.0417E-01 2.9386E-01 2.8135E-01 2.6754E-01 2.5355E-01 2.4055E-01 2.2900E-01 2.1852E-01 2.0822E-01 1.9690E-01 1.8413E-01 1.7096E-01 1.5839E-01 1.4667E-01 1.3600E-01 1.2664E-01 1.1869E-01 1.1176E-01 1.0536E-01 9.9038E-02
2.7557E-02 2.9415E-02 3.1385E-02 3.3497E-02 3.5787E-02 3.8279E-02 4.0986E-02 4.3921E-02 4.7081E-02 5.0565E-02 5.4490E-02 5.9016E-02 6.4279E-02 7.0397E-02 7.7461E-02 8.5643E-02 9.5177E-02 1.0625E-01 1.1906E-01 1.3372E-01 1.5020E-01 1.6800E-01 1.8558E-01 2.0224E-01 2.1967E-01 2.4123E-01 2.6656E-01 2.9117E-01 3.1282E-01 3.3272E-01 3.4840E-01 3.6036E-01 3.6731E-01 3.6547E-01 3.5690E-01 3.4297E-01 3.3040E-01 3.2039E-01 3.0868E-01 2.9506E-01 2.8011E-01 2.6565E-01 2.5272E-01 2.4100E-01 2.2981E-01 2.1839E-01 2.0569E-01 1.9181E-01 1.7787E-01 1.6467E-01 1.5244E-01 1.4131E-01 1.3148E-01 1.2289E-01 1.1531E-01 1.0825E-01 1.0129E-01
2.7800E-02 2.9675E-02 3.1648E-02 3.3769E-02 3.6061E-02 3.8577E-02 4.1343E-02 4.4344E-02 4.7601E-02 5.1138E-02 5.5021E-02 5.9443E-02 6.4503E-02 7.0366E-02 7.7143E-02 8.4996E-02 9.4216E-02 1.0500E-01 1.1753E-01 1.3195E-01 1.4855E-01 1.6736E-01 1.8752E-01 2.0732E-01 2.2653E-01 2.4777E-01 2.7410E-01 3.0228E-01 3.2718E-01 3.4992E-01 3.6849E-01 3.8152E-01 3.8917E-01 3.8656E-01 3.7673E-01 3.6152E-01 3.4831E-01 3.3702E-01 3.2373E-01 3.0914E-01 2.9330E-01 2.7863E-01 2.6580E-01 2.5374E-01 2.4164E-01 2.2885E-01 2.1485E-01 2.0006E-01 1.8541E-01 1.7158E-01 1.5871E-01 1.4703E-01 1.3645E-01 1.2708E-01 1.1879E-01 1.1103E-01 1.0343E-01
