20231023_webinar_progetto_murano/data_input/grd_f3_sc_3/Average_Period.grd
DSAA
          81           81
 760250.0000  764250.0000
5036750.0000 5040750.0000
  0.2450E-04   0.1233E+00
[rows 0 to 24 of 81, columns 0 to 56 of 81]
5.0180E-05 6.3877E-05 7.5626E-05 8.5645E-05 9.2803E-05 9.7641E-05 1.0236E-04 1.0672E-04 1.1123E-04 1.1697E-04 1.2466E-04 1.3331E-04 1.4170E-04 1.4953E-04 1.5841E-04 1.6905E-04 1.7935E-04 1.8607E-04 1.8980E-04 1.9161E-04 1.9164E-04 1.9152E-04 1.9239E-04 1.9447E-04 1.9771E-04 2.0341E-04 2.1459E-04 2.3157E-04 2.4333E-04 2.4608E-04 2.4461E-04 2.4467E-04 2.5282E-04 2.6672E-04 2.7804E-04 2.8546E-04 2.9297E-04 3.0232E-04 3.1152E-04 3.1729E-04 3.2285E-04 3.3387E-04 3.4917E-04 3.6470E-04 3.7114E-04 3.6514E-04 3.5256E-04 3.3864E-04 3.2382E-04 3.0940E-04 2.9704E-04 2.8646E-04 2.7730E-04 2.6963E-04 2.6204E-04 2.5223E-04 2.4002E-04
6.3640E-05 8.1343E-05 9.6557E-05 1.0926E-04 1.1814E-04 1.2400E-04 1.2944E-04 1.3467E-04 1.4071E-04 1.4765E-04 1.5640E-04 1.6606E-04 1.7664E-04 1.8706E-04 1.9784E-04 2.1033E-04 2.2463E-04 2.3603E-04 2.4296E-04 2.4539E-04 2.4420E-04 2.4294E-04 2.4362E-04 2.4619E-04 2.4972E-04 2.5581E-04 2.6882E-04 2.8975E-04 3.0588E-04 3.1131E-04 3.0974E-04 3.0946E-04 3.1938E-04 3.3781E-04 3.5257E-04 3.6324E-04 3.7347E-04 3.8578E-04 3.9673E-04 4.0432E-04 4.1249E-04 4.2881E-04 4.4842E-04 4.6586E-04 4.7217E-04 4.6162E-04 4.4290E-04 4.2404E-04 4.0467E-04 3.8578E-04 3.6948E-04 3.5522E-04 3.4270E-04 3.3239E-04 3.2239E-04 3.0954E-04 2.9391E-04
7.4791E-05 9.5477E-05 1.1264E-04 1.2643E-04 1.3646E-04 1.4403E-04 1.5065E-04 1.5646E-04 1.6304E-04 1.6988E-04 1.7822E-04 1.8845E-04 2.0052E-04 2.1320E-04 2.2565E-04 2.3971E-04 2.5712E-04 2.7253E-04 2.8328E-04 2.8819E-04 2.8707E-04 2.8451E-04 2.8473E-04 2.8804E-04 2.9271E-04 2.9974E-04 3.1236E-04 3.3320E-04 3.5322E-04 3.6357E-04 3.6414E-04 3.6446E-04 3.7523E-04 3.9551E-04 4.1329E-04 4.2576E-04 4.3642E-04 4.5148E-04 4.6569E-04 4.7553E-04 4.8699E-04 5.0749E-04 5.2860E-04 5.4640E-04 5.5200E-04 5.3809E-04 5.1566E-04 4.9382E-04 4.7207E-04 4.5025E-04 4.3071E-04 4.1358E-04 3.9907E-04 3.8708E-04 3.7483E-04 3.5845E-04 3.3975E-04
8.3474E-05 1.0628E-04 1.2405E-04 1.3747E-04 1.4783E-04 1.5674E-04 1.6459E-04 1.7098E-04 1.7767E-04 1.8440E-04 1.9236E-04 2.0260E-04 2.1537E-04 2.2986E-04 2.4386E-04 2.5942E-04 2.7871E-04 2.9668E-04 3.1026E-04 3.1846E-04 3.1913E-04 3.1682E-04 3.1736E-04 3.2062E-04 3.2593E-04 3.3491E-04 3.4706E-04 3.6649E-04 3.8770E-04 4.0319E-04 4.0882E-04 4.1119E-04 4.2184E-04 4.4231E-04 4.6392E-04 4.7974E-04 4.9160E-04 5.0777E-04 5.2401E-04 5.3519E-04 5.4766E-04 5.6825E-04 5.9133E-04 6.1315E-04 6.1820E-04 6.0185E-04 5.7720E-04 5.5326E-04 5.2995E-04 5.0502E-04 4.8207E-04 4.6350E-04 4.4889E-04 4.3448E-04 4.1803E-04 3.9835E-04 3.7842E-04
9.1478E-05 1.1576E-04 1.3332E-04 1.4532E-04 1.5493E-04 1.6385E-04 1.7210E-04 1.7895E-04 1.8599E-04 1.9356E-04 2.0180E-04 2.1129E-04 2.2341E-04 2.3817E-04 2.5454E-04 2.7185E-04 2.9165E-04 3.1139E-04 3.2810E-04 3.3947E-04 3.4439E-04 3.4515E-04 3.4606E-04 3.4889E-04 3.5397E-04 3.6397E-04 3.7628E-04 3.9493E-04 4.1675E-04 4.3619E-04 4.4785E-04 4.5372E-04 4.6444E-04 4.8402E-04 5.0769E-04 5.2595E-04 5.3971E-04 5.5877E-04 5.7613E-04 5.8792E-04 5.9838E-04 6.2014E-04 6.4788E-04 6.7434E-04 6.7885E-04 6.5932E-04 6.3342E-04 6.0787E-04 5.8103E-04 5.5244E-04 5.2687E-04 5.0752E-04 4.9280E-04 4.7571E-04 4.5484E-04 4.3297E-04 4.1249E-04
9.8816E-05 1.2435E-04 1.4123E-04 1.5173E-04 1.5991E-04 1.6775E-04 1.7600E-04 1.8335E-04 1.9100E-04 1.9908E-04 2.0770E-04 2.1693E-04 2.2848E-04 2.4311E-04 2.5990E-04 2.7788E-04 2.9786E-04 3.1837E-04 3.3772E-04 3.5324E-04 3.6452E-04 3.6982E-04 3.7170E-04 3.7508E-04 3.7954E-04 3.9005E-04 4.0509E-04 4.2391E-04 4.4589E-04 4.6849E-04 4.8480E-04 4.9464E-04 5.0601E-04 5.2504E-04 5.4974E-04 5.6745E-04 5.8242E-04 6.0360E-04 6.2243E-04 6.3480E-04 6.4695E-04 6.7092E-04 7.0466E-04 7.3532E-04 7.3900E-04 7.1401E-04 6.8545E-04 6.5894E-04 6.2796E-04 5.9540E-04 5.6858E-04 5.4825E-04 5.3184E-04 5.1229E-04 4.8791E-04 4.6370E-04 4.4130E-04
1.0544E-04 1.3219E-04 1.4874E-04 1.5773E-04 1.6403E-04 1.7017E-04 1.7786E-04 1.8601E-04 1.9458E-04 2.0299E-04 2.1186E-04 2.2141E-04 2.3265E-04 2.4660E-04 2.6310E-04 2.8040E-04 2.9958E-04 3.2067E-04 3.4105E-04 3.5952E-04 3.7604E-04 3.8719E-04 3.9159E-04 3.9480E-04 4.0162E-04 4.1692E-04 4.3406E-04 4.5166E-04 4.7412E-04 5.0098E-04 5.2146E-04 5.3405E-04 5.4425E-04 5.6545E-04 5.9335E-04 6.0998E-04 6.2315E-04 6.4269E-04 6.6370E-04 6.7760E-04 6.9274E-04 7.2024E-04 7.5884E-04 7.9308E-04 7.9576E-04 7.6715E-04 7.3576E-04 7.0762E-04 6.7319E-04 6.3769E-04 6.0880E-04 5.8653E-04 5.6770E-04 5.4399E-04 5.1625E-04 4.8948E-04 4.6556E-04
1.1095E-04 1.3905E-04 1.5589E-04 1.6430E-04 1.6896E-04 1.7307E-04 1.7967E-04 1.8811E-04 1.9715E-04 2.0606E-04 2.1572E-04 2.2639E-04 2.3766E-04 2.4995E-04 2.6476E-04 2.8050E-04 2.9864E-04 3.2009E-04 3.4246E-04 3.6309E-04 3.8389E-04 4.0117E-04 4.1033E-04 4.1363E-04 4.2232E-04 4.4254E-04 4.6233E-04 4.7867E-04 5.0033E-04 5.3049E-04 5.5546E-04 5.6894E-04 5.7920E-04 6.0043E-04 6.3102E-04 6.5053E-04 6.6126E-04 6.7717E-04 7.0164E-04 7.1973E-04 7.3520E-04 7.6448E-04 8.0819E-04 8.4563E-04 8.4504E-04 8.1431E-04 7.8341E-04 7.5383E-04 7.1726E-04 6.8059E-04 6.4857E-04 6.2292E-04 6.0057E-04 5.7324E-04 5.4291E-04 5.1412E-04 4.8767E-04
1.1212E-04 1.4187E-04 1.6027E-04 1.7000E-04 1.7496E-04 1.7707E-04 1.8133E-04 1.8922E-04 1.9836E-04 2.0840E-04 2.1897E-04 2.3095E-04 2.4254E-04 2.5268E-04 2.6391E-04 2.7863E-04 2.9767E-04 3.1915E-04 3.4294E-04 3.6527E-04 3.8923E-04 4.1185E-04 4.2715E-04 4.3393E-04 4.4408E-04 4.6634E-04 4.8985E-04 5.0629E-04 5.2602E-04 5.5518E-04 5.8371E-04 6.0078E-04 6.1215E-04 6.3102E-04 6.6379E-04 6.8584E-04 6.9655E-04 7.1550E-04 7.4065E-04 7.6042E-04 7.7651E-04 8.0676E-04 8.5384E-04 8.9395E-04 8.8921E-04 8.5573E-04 8.2656E-04 7.9782E-04 7.6037E-04 7.2105E-04 6.8682E-04 6.5828E-04 6.3098E-04 6.0010E-04 5.6791E-04 5.3746E-04 5.0871E-04
1.0961E-04 1.4072E-04 1.6228E-04 1.7525E-04 1.8120E-04 1.8220E-04 1.8389E-04 1.8988E-04 1.9814E-04 2.0923E-04 2.2109E-04 2.3434E-04 2.4691E-04 2.5595E-04 2.6432E-04 2.7779E-04 2.9783E-04 3.1981E-04 3.4263E-04 3.6590E-04 3.9195E-04 4.1885E-04 4.3964E-04 4.5317E-04 4.6624E-04 4.9024E-04 5.1786E-04 5.3726E-04 5.5507E-04 5.7990E-04 6.0989E-04 6.3194E-04 6.4416E-04 6.6233E-04 6.9414E-04 7.1911E-04 7.3259E-04 7.5604E-04 7.8483E-04 8.0335E-04 8.1908E-04 8.5214E-04 9.0568E-04 9.4636E-04 9.3701E-04 9.0033E-04 8.7065E-04 8.4135E-04 8.0216E-04 7.5923E-04 7.2161E-04 6.9069E-04 6.5969E-04 6.2425E-04 5.8977E-04 5.5799E-04 5.2843E-04
1.0703E-04 1.3920E-04 1.6390E-04 1.8013E-04 1.8824E-04 1.8948E-04 1.8939E-04 1.9240E-04 1.9854E-04 2.0865E-04 2.2114E-04 2.3543E-04 2.4885E-04 2.5928E-04 2.6809E-04 2.7986E-04 2.9838E-04 3.1992E-04 3.4245E-04 3.6651E-04 3.9352E-04 4.2324E-04 4.4940E-04 4.7131E-04 4.8989E-04 5.1356E-04 5.4246E-04 5.6912E-04 5.8548E-04 6.0567E-04 6.3472E-04 6.6124E-04 6.7642E-04 6.9401E-04 7.2226E-04 7.5169E-04 7.7190E-04 7.9547E-04 8.2661E-04 8.4551E-04 8.6349E-04 9.0406E-04 9.6216E-04 1.0002E-03 9.8679E-04 9.4806E-04 9.1534E-04 8.8305E-04 8.4062E-04 7.9419E-04 7.5373E-04 7.1910E-04 6.8459E-04 6.4686E-04 6.1049E-04 5.7631E-04 5.4568E-04
1.0525E-04 1.3760E-04 1.6366E-04 1.8293E-04 1.9448E-04 1.9813E-04 1.9840E-04 1.9888E-04 2.0175E-04 2.0815E-04 2.1899E-04 2.3240E-04 2.4700E-04 2.6176E-04 2.7456E-04 2.8553E-04 3.0065E-04 3.2132E-04 3.4365E-04 3.6692E-04 3.9418E-04 4.2557E-04 4.5714E-04 4.8670E-04 5.1294E-04 5.3893E-04 5.6725E-04 5.9826E-04 6.1517E-04 6.3269E-04 6.6084E-04 6.9167E-04 7.1282E-04 7.2745E-04 7.5238E-04 7.8444E-04 8.0610E-04 8.3408E-04 8.6354E-04 8.8752E-04 9.1243E-04 9.5862E-04 1.0188E-03 1.0551E-03 1.0386E-03 9.9692E-04 9.6193E-04 9.2573E-04 8.7736E-04 8.2811E-04 7.8572E-04 7.4611E-04 7.0745E-04 6.6804E-04 6.2942E-04 5.9287E-04 5.6053E-04
1.0439E-04 1.3559E-04 1.6174E-04 1.8308E-04 1.9804E-04 2.0562E-04 2.0837E-04 2.0878E-04 2.0908E-04 2.1172E-04 2.1892E-04 2.2969E-04 2.4447E-04 2.6345E-04 2.8068E-04 2.9269E-04 3.0568E-04 3.2495E-04 3.4810E-04 3.7117E-04 3.9779E-04 4.2927E-04 4.6226E-04 4.9804E-04 5.3393E-04 5.6599E-04 5.9343E-04 6.2505E-04 6.4761E-04 6.6189E-04 6.8740E-04 7.2124E-04 7.4802E-04 7.6332E-04 7.8667E-04 8.2065E-04 8.4642E-04 8.7616E-04 9.0191E-04 9.3092E-04 9.5909E-04 1.0104E-03 1.0805E-03 1.1214E-03 1.0966E-03 1.0478E-03 1.0110E-03 9.6938E-04 9.1378E-04 8.6146E-04 8.1622E-04 7.7260E-04 7.2977E-04 6.8793E-04 6.4704E-04 6.0854E-04 5.7514E-04
1.0471E-04 1.3544E-04 1.6038E-04 1.8095E-04 1.9771E-04 2.0899E-04 2.1615E-04 2.2029E-04 2.2061E-04 2.2047E-04 2.2325E-04 2.3034E-04 2.4400E-04 2.6335E-04 2.8201E-04 2.9687E-04 3.1307E-04 3.3188E-04 3.5546E-04 3.8028E-04 4.0633E-04 4.3456E-04 4.6562E-04 5.0600E-04 5.4966E-04 5.8991E-04 6.2136E-04 6.5594E-04 6.8431E-04 6.9759E-04 7.1748E-04 7.4802E-04 7.8026E-04 7.9876E-04 8.2193E-04 8.5927E-04 8.9099E-04 9.2098E-04 9.4574E-04 9.7832E-04 1.0106E-03 1.0684E-03 1.1474E-03 1.1883E-03 1.1556E-03 1.1017E-03 1.0605E-03 1.0133E-03 9.5330E-04 8.9861E-04 8.5019E-04 8.0121E-04 7.5319E-04 7.0869E-04 6.6656E-04 6.2721E-04 5.9222E-04
1.0494E-04 1.3601E-04 1.6018E-04 1.7871E-04 1.9434E-04 2.0772E-04 2.1978E-04 2.2892E-04 2.3240E-04 2.3209E-04 2.3274E-04 2.3675E-04 2.4597E-04 2.6194E-04 2.8093E-04 3.0086E-04 3.2491E-04 3.4688E-04 3.6885E-04 3.9511E-04 4.2236E-04 4.4838E-04 4.7823E-04 5.1898E-04 5.6707E-04 6.1952E-04 6.5816E-04 6.8896E-04 7.2260E-04 7.3994E-04 7.5729E-04 7.7929E-04 8.1001E-04 8.3545E-04 8.6107E-04 9.0310E-04 9.3596E-04 9.6467E-04 9.9676E-04 1.0346E-03 1.0705E-03 1.1323E-03 1.2171E-03 1.2548E-03 1.2172E-03 1.1638E-03 1.1156E-03 1.0584E-03 9.9449E-04 9.3750E-04 8.8597E-04 8.3222E-04 7.7884E-04 7.3120E-04 6.8680E-04 6.4663E-04 6.1098E-04
1.0440E-04 1.3556E-04 1.5967E-04 1.7693E-04 1.9063E-04 2.0357E-04 2.1738E-04 2.3074E-04 2.3960E-04 2.4366E-04 2.4688E-04 2.4934E-04 2.5370E-04 2.6477E-04 2.8311E-04 3.0960E-04 3.4303E-04 3.7107E-04 3.9243E-04 4.1696E-04 4.4678E-04 4.7383E-04 5.0699E-04 5.4692E-04 6.0044E-04 6.5810E-04 6.9763E-04 7.2255E-04 7.5286E-04 7.8534E-04 8.0127E-04 8.1473E-04 8.4444E-04 8.7341E-04 9.0041E-04 9.4666E-04 9.8596E-04 1.0174E-03 1.0567E-03 1.0973E-03 1.1369E-03 1.2039E-03 1.2910E-03 1.3268E-03 1.2823E-03 1.2251E-03 1.1709E-03 1.1064E-03 1.0375E-03 9.7747E-04 9.2035E-04 8.6147E-04 8.0508E-04 7.5383E-04 7.0756E-04 6.6717E-04 6.3080E-04
1.0408E-04 1.3512E-04 1.5953E-04 1.7710E-04 1.9000E-04 2.0153E-04 2.1276E-04 2.2668E-04 2.4024E-04 2.5223E-04 2.6133E-04 2.6499E-04 2.6721E-04 2.7462E-04 2.8979E-04 3.1572E-04 3.4920E-04 3.8456E-04 4.1392E-04 4.4039E-04 4.7326E-04 5.0438E-04 5.3874E-04 5.8218E-04 6.3377E-04 6.8621E-04 7.3328E-04 7.6404E-04 7.9158E-04 8.3123E-04 8.4677E-04 8.6176E-04 8.8655E-04 9.1977E-04 9.4738E-04 9.9200E-04 1.0397E-03 1.0774E-03 1.1221E-03 1.1601E-03 1.1990E-03 1.2679E-03 1.3688E-03 1.4026E-03 1.3485E-03 1.2848E-03 1.2262E-03 1.1575E-03 1.0835E-03 1.0185E-03 9.5319E-04 8.8859E-04 8.3043E-04 7.7701E-04 7.2986E-04 6.8875E-04 6.4981E-04
1.0441E-04 1.3542E-04 1.5991E-04 1.7804E-04 1.9152E-04 2.0274E-04 2.1282E-04 2.2541E-04 2.3937E-04 2.5493E-04 2.6906E-04 2.7875E-04 2.8358E-04 2.8980E-04 3.0324E-04 3.2320E-04 3.5056E-04 3.8587E-04 4.2844E-04 4.6727E-04 5.0223E-04 5.3091E-04 5.6589E-04 6.1199E-04 6.5454E-04 7.0634E-04 7.6863E-04 8.1497E-04 8.3323E-04 8.6627E-04 8.9976E-04 9.1814E-04 9.3934E-04 9.7356E-04 1.0007E-03 1.0441E-03 1.0942E-03 1.1414E-03 1.1893E-03 1.2213E-03 1.2622E-03 1.3424E-03 1.4500E-03 1.4802E-03 1.4195E-03 1.3546E-03 1.2907E-03 1.2138E-03 1.1350E-03 1.0655E-03 9.9253E-04 9.2046E-04 8.5771E-04 8.0228E-04 7.5390E-04 7.0992E-04 6.6707E-04
1.0543E-04 1.3637E-04 1.6038E-04 1.7831E-04 1.9244E-04 2.0490E-04 2.1574E-04 2.2739E-04 2.3955E-04 2.5386E-04 2.6983E-04 2.8635E-04 2.9811E-04 3.0564E-04 3.1852E-04 3.3585E-04 3.5651E-04 3.8574E-04 4.2927E-04 4.7544E-04 5.1523E-04 5.4622E-04 5.8095E-04 6.2543E-04 6.7162E-04 7.2500E-04 7.9298E-04 8.4967E-04 8.7778E-04 8.9996E-04 9.3755E-04 9.6266E-04 9.8656E-04 1.0148E-03 1.0536E-03 1.0940E-03 1.1486E-03 1.2102E-03 1.2649E-03 1.2981E-03 1.3411E-03 1.4252E-03 1.5382E-03 1.5638E-03 1.5000E-03 1.4343E-03 1.3628E-03 1.2786E-03 1.1954E-03 1.1191E-03 1.0384E-03 9.5868E-04 8.8992E-04 8.3238E-04 7.8097E-04 7.3063E-04 6.8279E-04
1.0753E-04 1.3809E-04 1.6156E-04 1.7882E-04 1.9258E-04 2.0607E-04 2.1819E-04 2.3052E-04 2.4276E-04 2.5528E-04 2.6987E-04 2.8822E-04 3.0740E-04 3.2258E-04 3.3644E-04 3.5250E-04 3.7001E-04 3.9277E-04 4.2266E-04 4.6271E-04 5.0846E-04 5.4669E-04 5.8421E-04 6.3214E-04 6.8412E-04 7.4147E-04 8.0800E-04 8.7587E-04 9.2799E-04 9.4427E-04 9.7235E-04 1.0094E-03 1.0344E-03 1.0632E-03 1.1107E-03 1.1601E-03 1.2230E-03 1.2827E-03 1.3416E-03 1.3781E-03 1.4280E-03 1.5265E-03 1.6469E-03 1.6689E-03 1.5922E-03 1.5177E-03 1.4406E-03 1.3515E-03 1.2619E-03 1.1713E-03 1.0780E-03 9.9279E-04 9.2285E-04 8.6512E-04 8.0978E-04 7.5304E-04 6.9917E-04
1.0980E-04 1.4068E-04 1.6394E-04 1.8057E-04 1.9421E-04 2.0819E-04 2.2063E-04 2.3421E-04 2.4717E-04 2.5875E-04 2.7301E-04 2.8979E-04 3.0943E-04 3.3330E-04 3.5484E-04 3.7288E-04 3.8916E-04 4.0567E-04 4.2231E-04 4.5098E-04 4.9317E-04 5.4279E-04 5.8720E-04 6.3716E-04 6.8995E-04 7.4588E-04 8.1066E-04 8.8912E-04 9.6563E-04 9.9923E-04 1.0141E-03 1.0512E-03 1.0831E-03 1.1177E-03 1.1744E-03 1.2343E-03 1.2976E-03 1.3582E-03 1.4188E-03 1.4698E-03 1.5304E-03 1.6410E-03 1.7819E-03 1.7978E-03 1.7006E-03 1.6109E-03 1.5207E-03 1.4199E-03 1.3230E-03 1.2157E-03 1.1106E-03 1.0240E-03 9.5389E-04 8.9383E-04 8.3492E-04 7.7537E-04 7.1659E-04
1.1041E-04 1.4199E-04 1.6581E-04 1.8293E-04 1.9743E-04 2.1183E-04 2.2461E-04 2.3847E-04 2.5040E-04 2.6239E-04 2.7770E-04 2.9329E-04 3.1083E-04 3.3542E-04 3.6241E-04 3.8637E-04 4.0493E-04 4.1944E-04 4.3251E-04 4.5280E-04 4.8753E-04 5.3769E-04 5.8621E-04 6.3612E-04 6.8278E-04 7.3466E-04 8.0433E-04 8.9670E-04 9.8659E-04 1.0487E-03 1.0621E-03 1.0923E-03 1.1401E-03 1.1826E-03 1.2445E-03 1.3101E-03 1.3794E-03 1.4458E-03 1.5073E-03 1.5801E-03 1.6483E-03 1.7709E-03 1.9294E-03 1.9239E-03 1.8118E-03 1.7121E-03 1.6033E-03 1.4866E-03 1.3764E-03 1.2552E-03 1.1455E-03 1.0595E-03 9.8613E-04 9.1910E-04 8.5633E-04 7.9263E-04 7.2664E-04
1.0655E-04 1.3832E-04 1.6366E-04 1.8338E-04 2.0053E-04 2.1559E-04 2.2934E-04 2.4332E-04 2.5582E-04 2.6818E-04 2.8246E-04 2.9696E-04 3.1341E-04 3.3525E-04 3.6155E-04 3.9041E-04 4.1743E-04 4.3447E-04 4.5118E-04 4.7008E-04 4.9258E-04 5.2945E-04 5.7646E-04 6.2816E-04 6.7501E-04 7.2772E-04 7.9926E-04 8.9410E-04 9.9166E-04 1.0800E-03 1.1216E-03 1.1372E-03 1.1968E-03 1.2523E-03 1.3123E-03 1.3891E-03 1.4681E-03 1.5567E-03 1.6293E-03 1.7082E-03 1.7814E-03 1.9199E-03 2.0841E-03 2.0483E-03 1.9286E-03 1.8177E-03 1.6941E-03 1.5627E-03 1.4298E-03 1.2940E-03 1.1852E-03 1.1009E-03 1.0256E-03 9.4968E-04 8.7648E-04 8.0377E-04 7.3226E-04
9.9837E-05 1.2988E-04 1.5542E-04 1.7747E-04 1.9848E-04 2.1761E-04 2.3510E-04 2.5050E-04 2.6378E-04 2.7566E-04 2.8795E-04 3.0117E-04 3.1654E-04 3.3597E-04 3.6164E-04 3.9455E-04 4.3136E-04 4.5728E-04 4.7728E-04 4.9470E-04 5.0961E-04 5.2992E-04 5.5956E-04 6.1547E-04 6.7798E-04 7.3147E-04 8.0354E-04 8.9597E-04 9.9616E-04 1.1026E-03 1.1916E-03 1.2095E-03 1.2569E-03 1.3248E-03 1.3779E-03 1.4631E-03 1.5508E-03 1.6663E-03 1.7598E-03 1.8444E-03 1.9191E-03 2.0730E-03 2.2382E-03 2.1864E-03 2.0616E-03 1.9296E-03 1.7849E-03 1.6412E-03 1.4819E-03 1.3386E-03 1.2328E-03 1.1466E-03 1.0658E-03 9.8162E-04 8.9701E-04 8.1538E-04 7.4156E-04
9.3270E-05 1.2094E-04 1.4510E-04 1.6680E-04 1.8903E-04 2.1275E-04 2.3534E-04 2.5526E-04 2.7032E-04 2.8365E-04 2.9807E-04 3.1369E-04 3.2840E-04 3.4420E-04 3.6788E-04 3.9942E-04 4.3543E-04 4.6983E-04 5.0162E-04 5.1811E-04 5.2310E-04 5.3569E-04 5.5742E-04 6.0916E-04 6.7910E-04 7.4268E-04 8.0826E-04 8.8501E-04 9.8656E-04 1.0946E-03 1.2209E-03 1.2835E-03 1.3146E-03 1.3997E-03 1.4537E-03 1.5476E-03 1.6453E-03 1.7669E-03 1.8785E-03 1.9772E-03 2.0684E-03 2.2396E-03 2.4135E-03 2.3548E-03 2.2143E-03 2.0542E-03 1.8873E-03 1.7205E-03 1.5386E-03 1.3954E-03 1.2913E-03 1.1982E-03 1.1024E-03 1.0058E-03 9.1253E-04 8.2868E-04 7.5776E-04
