20231023_webinar_progetto_murano/data_input/grd_f3_sc_3/Average_Period.grd
DSAA
          81           81
 760250.0000  764250.0000
5036750.0000 5040750.0000
  0.2450E-04   0.1233E+00
[rows 50 to 74 of 81, columns 0 to 56 of 81]
6.9362E-05 9.1624E-05 1.0709E-04 1.1783E-04 1.2546E-04 1.3269E-04 1.3744E-04 1.3959E-04 1.4383E-04 1.5103E-04 1.5793E-04 1.6601E-04 1.7286E-04 1.7736E-04 1.8389E-04 1.9466E-04 2.0523E-04 2.1538E-04 2.2193E-04 2.4149E-04 2.4937E-04 2.6472E-04 2.8057E-04 3.0769E-04 3.2860E-04 3.4993E-04 3.4038E-04 2.9157E-04 2.9211E-04 3.0510E-04 3.5732E-04 4.2379E-04 5.2067E-04 6.5320E-04 8.5968E-04 9.9279E-04 1.3314E-03 1.8156E-03 2.2948E-03 2.9513E-03 2.7626E-03 2.3376E-03 2.1512E-03 2.1419E-03 2.1383E-03 2.0366E-03 1.8995E-03 1.6776E-03 1.4217E-03 1.2383E-03 1.1643E-03 1.0530E-03 9.4991E-04 8.4982E-04 7.6337E-04 7.0206E-04 6.5930E-04
6.4405E-05 8.2890E-05 9.6925E-05 1.0850E-04 1.1722E-04 1.2306E-04 1.2636E-04 1.2982E-04 1.3507E-04 1.4088E-04 1.4636E-04 1.5221E-04 1.5925E-04 1.6577E-04 1.7665E-04 1.9585E-04 2.0775E-04 2.2341E-04 2.2924E-04 2.4952E-04 2.6486E-04 2.8232E-04 3.0335E-04 3.1294E-04 2.9265E-04 2.8214E-04 2.6380E-04 2.5326E-04 2.7123E-04 3.0810E-04 3.6207E-04 4.2656E-04 5.0429E-04 6.8245E-04 7.5961E-04 9.6757E-04 1.2867E-03 1.5801E-03 1.9178E-03 2.2303E-03 2.0468E-03 1.7690E-03 1.6835E-03 1.6114E-03 1.6631E-03 1.6755E-03 1.5690E-03 1.5090E-03 1.3419E-03 1.1404E-03 1.0241E-03 9.4330E-04 8.8175E-04 8.1162E-04 7.3251E-04 6.7112E-04 6.2982E-04
6.0669E-05 7.7024E-05 9.0208E-05 1.0145E-04 1.1013E-04 1.1573E-04 1.1888E-04 1.2299E-04 1.2723E-04 1.3307E-04 1.3963E-04 1.4846E-04 1.6008E-04 1.6387E-04 1.7658E-04 1.9764E-04 2.1140E-04 2.2780E-04 2.3895E-04 2.6512E-04 2.8477E-04 2.8383E-04 2.7153E-04 2.5189E-04 2.4659E-04 2.4960E-04 2.4792E-04 2.5296E-04 2.6819E-04 3.1198E-04 3.5883E-04 4.3333E-04 5.5405E-04 6.3480E-04 7.8188E-04 9.9917E-04 1.1671E-03 1.4235E-03 1.6758E-03 1.8127E-03 1.6516E-03 1.4308E-03 1.3966E-03 1.3319E-03 1.3426E-03 1.4323E-03 1.3640E-03 1.3189E-03 1.2605E-03 1.1048E-03 9.5298E-04 8.7437E-04 8.0941E-04 7.4857E-04 6.9614E-04 6.5716E-04 6.1483E-04
5.7203E-05 7.2337E-05 8.4174E-05 9.3804E-05 1.0151E-04 1.0784E-04 1.1278E-04 1.1719E-04 1.2238E-04 1.3209E-04 1.4033E-04 1.4402E-04 1.5483E-04 1.6183E-04 1.7589E-04 1.9170E-04 2.1247E-04 2.3161E-04 2.4421E-04 2.5000E-04 2.4160E-04 2.2655E-04 2.1576E-04 2.1160E-04 2.1733E-04 2.3214E-04 2.5270E-04 2.6788E-04 2.7448E-04 2.9733E-04 3.4365E-04 4.5745E-04 5.1616E-04 6.3109E-04 7.9249E-04 9.2647E-04 1.0295E-03 1.2532E-03 1.4866E-03 1.5245E-03 1.3516E-03 1.1877E-03 1.1901E-03 1.1186E-03 1.0908E-03 1.1778E-03 1.1755E-03 1.1357E-03 1.0898E-03 1.0580E-03 9.3572E-04 8.0588E-04 7.3011E-04 6.8107E-04 6.4175E-04 6.1572E-04 5.8964E-04
5.3703E-05 6.8160E-05 7.9127E-05 8.7792E-05 9.7037E-05 1.0596E-04 1.1150E-04 1.1709E-04 1.2234E-04 1.3127E-04 1.4251E-04 1.4971E-04 1.5913E-04 1.6922E-04 1.7842E-04 1.9008E-04 2.0088E-04 2.0652E-04 2.0795E-04 1.9781E-04 1.9312E-04 1.9155E-04 1.9612E-04 2.0019E-04 2.0635E-04 2.2720E-04 2.5582E-04 2.5981E-04 2.6509E-04 3.0201E-04 3.7893E-04 4.4982E-04 4.9890E-04 6.3371E-04 7.5395E-04 8.3080E-04 9.5658E-04 1.1474E-03 1.2894E-03 1.2677E-03 1.1432E-03 1.0299E-03 1.0073E-03 9.7898E-04 9.3974E-04 1.0022E-03 1.0323E-03 1.0106E-03 9.7148E-04 9.4209E-04 8.8721E-04 8.0304E-04 7.0315E-04 6.3567E-04 5.9518E-04 5.7153E-04 5.4856E-04
5.2108E-05 6.8545E-05 8.0005E-05 8.9241E-05 9.4530E-05 1.0232E-04 1.0740E-04 1.1428E-04 1.2420E-04 1.3756E-04 1.4805E-04 1.5732E-04 1.6739E-04 1.7269E-04 1.7567E-04 1.7829E-04 1.7774E-04 1.7228E-04 1.7040E-04 1.6907E-04 1.7765E-04 1.8508E-04 1.8892E-04 1.9010E-04 1.9970E-04 2.2087E-04 2.3744E-04 2.4086E-04 2.7442E-04 3.4529E-04 3.8022E-04 4.2902E-04 5.3219E-04 6.3160E-04 7.0897E-04 7.7066E-04 8.7513E-04 1.0180E-03 1.1209E-03 1.0643E-03 9.8195E-04 8.8481E-04 8.5991E-04 8.4774E-04 8.2273E-04 8.6746E-04 9.1563E-04 9.0349E-04 8.6769E-04 8.3089E-04 8.2965E-04 7.8362E-04 7.1375E-04 6.2807E-04 5.7103E-04 5.5680E-04 5.3129E-04
5.2358E-05 6.9034E-05 7.8379E-05 8.7125E-05 9.5802E-05 1.0121E-04 1.0809E-04 1.1649E-04 1.2504E-04 1.3881E-04 1.4710E-04 1.5678E-04 1.6026E-04 1.5650E-04 1.5472E-04 1.5253E-04 1.5123E-04 1.4748E-04 1.5157E-04 1.6182E-04 1.7187E-04 1.7839E-04 1.8346E-04 1.8668E-04 1.9206E-04 2.0005E-04 2.1389E-04 2.4733E-04 3.0199E-04 3.4146E-04 3.6840E-04 4.5726E-04 5.4755E-04 5.9404E-04 6.3515E-04 7.0532E-04 8.0880E-04 9.1917E-04 9.7636E-04 9.1765E-04 8.3544E-04 7.8132E-04 7.7708E-04 7.5491E-04 7.4484E-04 7.4720E-04 7.9367E-04 8.2469E-04 7.8341E-04 7.4702E-04 7.3153E-04 7.2359E-04 6.9628E-04 6.3155E-04 5.6719E-04 5.2273E-04 5.0398E-04
5.1532E-05 6.6721E-05 7.7462E-05 8.7523E-05 9.8624E-05 1.0438E-04 1.1061E-04 1.1904E-04 1.2618E-04 1.3284E-04 1.3440E-04 1.3533E-04 1.3395E-04 1.3170E-04 1.3191E-04 1.3071E-04 1.3515E-04 1.3983E-04 1.4669E-04 1.5358E-04 1.5841E-04 1.6704E-04 1.7932E-04 1.8143E-04 1.8190E-04 1.9309E-04 2.2858E-04 2.7448E-04 3.0496E-04 3.2689E-04 4.0432E-04 4.9161E-04 5.2509E-04 5.6283E-04 5.8670E-04 6.5472E-04 7.4772E-04 8.4159E-04 8.6554E-04 8.1267E-04 7.4758E-04 6.9156E-04 7.0462E-04 6.9333E-04 6.9006E-04 6.6612E-04 6.8828E-04 7.2903E-04 7.0987E-04 6.7701E-04 6.5634E-04 6.5498E-04 6.5077E-04 6.1685E-04 5.6351E-04 5.1443E-04 4.7124E-04
5.2896E-05 6.9425E-05 8.0903E-05 9.0872E-05 1.0102E-04 1.0958E-04 1.1583E-04 1.1946E-04 1.1925E-04 1.1551E-04 1.1290E-04 1.1300E-04 1.1648E-04 1.1971E-04 1.2063E-04 1.2358E-04 1.3154E-04 1.4016E-04 1.4181E-04 1.4250E-04 1.4615E-04 1.5799E-04 1.7014E-04 1.7166E-04 1.8057E-04 2.1547E-04 2.6418E-04 2.8967E-04 3.0450E-04 3.4523E-04 4.2215E-04 4.6699E-04 4.8766E-04 5.1902E-04 5.7132E-04 6.4899E-04 7.0847E-04 7.7488E-04 7.7351E-04 7.2222E-04 6.7070E-04 6.1938E-04 6.1857E-04 6.3660E-04 6.3779E-04 6.2536E-04 6.0654E-04 6.4446E-04 6.4555E-04 6.1536E-04 5.9601E-04 5.9574E-04 6.0087E-04 5.8850E-04 5.5743E-04 5.1143E-04 4.6933E-04
5.4926E-05 7.3280E-05 8.7186E-05 9.6478E-05 1.0128E-04 1.0595E-04 1.0821E-04 1.0487E-04 9.9954E-05 9.6263E-05 1.0097E-04 1.0764E-04 1.1080E-04 1.1359E-04 1.1700E-04 1.2325E-04 1.3073E-04 1.3326E-04 1.3566E-04 1.3898E-04 1.4300E-04 1.5133E-04 1.6220E-04 1.7133E-04 1.9442E-04 2.3973E-04 2.7527E-04 2.7361E-04 3.0303E-04 3.6189E-04 4.1377E-04 4.4075E-04 4.5476E-04 4.7170E-04 5.4437E-04 6.1804E-04 6.6467E-04 7.1301E-04 6.9624E-04 6.4604E-04 5.9905E-04 5.5742E-04 5.6035E-04 5.9264E-04 5.9212E-04 5.8537E-04 5.5179E-04 5.6539E-04 5.9411E-04 5.6952E-04 5.4969E-04 5.4569E-04 5.4751E-04 5.4585E-04 5.2812E-04 4.9614E-04 4.6232E-04
5.6980E-05 7.5683E-05 8.9226E-05 9.5938E-05 9.3911E-05 9.1209E-05 9.0382E-05 9.1137E-05 9.3609E-05 9.4027E-05 9.8969E-05 1.0380E-04 1.0629E-04 1.1047E-04 1.1592E-04 1.2064E-04 1.2715E-04 1.2746E-04 1.3364E-04 1.3952E-04 1.4371E-04 1.5291E-04 1.6296E-04 1.7958E-04 2.1377E-04 2.4496E-04 2.6575E-04 2.6955E-04 3.1586E-04 3.5914E-04 3.8915E-04 4.2368E-04 4.2623E-04 4.5075E-04 5.0320E-04 5.5601E-04 6.1508E-04 6.5296E-04 6.4118E-04 5.9523E-04 5.4630E-04 5.1843E-04 5.1594E-04 5.3285E-04 5.4174E-04 5.4523E-04 5.1795E-04 5.1294E-04 5.5496E-04 5.3702E-04 5.0758E-04 5.0036E-04 5.0157E-04 5.0036E-04 4.9007E-04 4.7194E-04 4.4629E-04
5.6370E-05 7.0887E-05 7.7840E-05 8.0197E-05 7.8252E-05 7.8699E-05 8.2627E-05 8.9118E-05 9.4333E-05 9.5636E-05 9.6646E-05 9.8704E-05 1.0261E-04 1.0913E-04 1.1400E-04 1.1906E-04 1.2594E-04 1.2724E-04 1.3332E-04 1.3976E-04 1.4633E-04 1.5904E-04 1.7267E-04 1.9164E-04 2.1689E-04 2.3612E-04 2.5749E-04 2.8696E-04 3.2493E-04 3.3739E-04 3.6832E-04 4.0138E-04 4.0002E-04 4.3509E-04 4.7534E-04 5.1907E-04 5.7415E-04 5.9599E-04 5.7823E-04 5.4241E-04 5.0768E-04 4.8435E-04 4.7345E-04 4.8643E-04 4.9334E-04 5.1078E-04 4.8478E-04 4.6775E-04 4.9927E-04 5.0925E-04 4.8107E-04 4.6445E-04 4.6581E-04 4.6449E-04 4.5500E-04 4.3995E-04 4.2210E-04
4.9094E-05 5.9843E-05 6.4757E-05 6.9445E-05 7.2976E-05 7.7686E-05 8.4736E-05 9.0927E-05 9.3232E-05 9.3442E-05 9.3290E-05 9.6567E-05 1.0219E-04 1.0812E-04 1.1231E-04 1.1847E-04 1.2342E-04 1.2723E-04 1.3220E-04 1.3961E-04 1.4956E-04 1.7066E-04 1.9063E-04 1.9976E-04 2.0893E-04 2.2548E-04 2.6236E-04 3.0976E-04 3.2714E-04 3.2955E-04 3.5254E-04 3.6435E-04 3.7713E-04 4.2464E-04 4.5258E-04 4.9220E-04 5.3871E-04 5.4515E-04 5.1997E-04 4.9321E-04 4.6891E-04 4.5109E-04 4.3853E-04 4.5688E-04 4.7256E-04 4.7439E-04 4.4808E-04 4.2738E-04 4.4652E-04 4.6900E-04 4.5585E-04 4.3668E-04 4.3359E-04 4.2812E-04 4.2122E-04 4.1057E-04 3.9421E-04
4.1925E-05 5.3400E-05 6.2391E-05 7.0434E-05 7.5222E-05 8.0011E-05 8.5524E-05 8.8553E-05 9.0299E-05 9.3318E-05 9.5378E-05 9.8861E-05 1.0457E-04 1.0967E-04 1.1318E-04 1.1844E-04 1.2464E-04 1.3083E-04 1.3780E-04 1.4522E-04 1.6082E-04 1.8674E-04 1.9828E-04 2.0154E-04 2.1046E-04 2.3515E-04 2.7850E-04 3.0756E-04 3.0942E-04 3.1943E-04 3.3712E-04 3.4784E-04 3.7010E-04 4.0037E-04 4.2311E-04 4.6968E-04 5.0826E-04 5.0312E-04 4.7865E-04 4.6034E-04 4.3723E-04 4.2283E-04 4.1059E-04 4.2907E-04 4.4889E-04 4.5199E-04 4.2754E-04 3.9892E-04 4.0035E-04 4.2218E-04 4.2458E-04 4.1038E-04 4.0298E-04 3.9536E-04 3.8529E-04 3.7879E-04 3.7064E-04
4.0835E-05 5.4764E-05 6.5511E-05 7.2950E-05 7.6189E-05 7.8681E-05 8.1285E-05 8.4001E-05 8.8397E-05 9.4125E-05 9.8005E-05 1.0196E-04 1.0791E-04 1.1124E-04 1.1552E-04 1.2085E-04 1.2889E-04 1.3817E-04 1.4714E-04 1.5807E-04 1.7707E-04 1.9421E-04 1.9735E-04 2.0531E-04 2.1874E-04 2.5047E-04 2.8879E-04 2.9971E-04 2.9868E-04 3.1659E-04 3.1691E-04 3.2888E-04 3.6081E-04 3.8956E-04 4.1884E-04 4.6643E-04 4.8857E-04 4.7191E-04 4.4635E-04 4.2763E-04 4.1800E-04 4.0167E-04 3.8712E-04 3.9953E-04 4.2261E-04 4.2809E-04 4.0147E-04 3.8181E-04 3.7960E-04 3.8853E-04 3.9716E-04 3.8033E-04 3.6597E-04 3.6006E-04 3.5564E-04 3.5592E-04 3.5192E-04
4.1910E-05 5.6513E-05 6.6378E-05 7.1438E-05 7.3515E-05 7.6002E-05 7.9284E-05 8.4609E-05 9.0956E-05 9.7314E-05 1.0123E-04 1.0420E-04 1.0702E-04 1.1172E-04 1.1843E-04 1.2481E-04 1.3319E-04 1.4408E-04 1.5983E-04 1.7514E-04 1.8469E-04 1.9171E-04 1.9934E-04 2.1431E-04 2.3524E-04 2.6622E-04 2.8761E-04 2.9374E-04 3.0225E-04 3.1323E-04 3.0771E-04 3.2480E-04 3.5655E-04 3.8553E-04 4.2337E-04 4.6524E-04 4.7452E-04 4.4846E-04 4.1936E-04 4.0657E-04 4.0204E-04 3.8700E-04 3.7813E-04 3.8231E-04 3.9831E-04 3.9550E-04 3.7367E-04 3.5897E-04 3.5589E-04 3.6458E-04 3.7373E-04 3.6139E-04 3.4146E-04 3.3066E-04 3.2831E-04 3.2941E-04 3.3032E-04
4.3794E-05 5.6074E-05 6.3535E-05 6.7652E-05 7.0286E-05 7.4486E-05 8.0700E-05 8.8004E-05 9.5063E-05 9.9202E-05 1.0138E-04 1.0373E-04 1.0651E-04 1.1256E-04 1.2042E-04 1.2902E-04 1.3861E-04 1.5141E-04 1.7100E-04 1.8361E-04 1.8556E-04 1.9064E-04 2.0340E-04 2.2877E-04 2.5155E-04 2.6928E-04 2.7844E-04 2.7987E-04 2.8913E-04 2.9589E-04 2.9813E-04 3.1372E-04 3.3791E-04 3.6681E-04 4.0714E-04 4.3844E-04 4.3679E-04 4.1192E-04 3.8800E-04 3.8020E-04 3.7626E-04 3.6255E-04 3.5595E-04 3.5664E-04 3.6493E-04 3.6430E-04 3.4766E-04 3.3528E-04 3.3606E-04 3.4291E-04 3.4650E-04 3.4281E-04 3.2594E-04 3.1138E-04 3.0176E-04 3.0079E-04 3.0550E-04
4.3197E-05 5.3966E-05 6.1023E-05 6.5850E-05 7.0397E-05 7.6601E-05 8.3506E-05 9.0505E-05 9.6021E-05 9.8092E-05 9.9841E-05 1.0328E-04 1.0865E-04 1.1577E-04 1.2377E-04 1.3468E-04 1.4810E-04 1.5968E-04 1.7237E-04 1.7988E-04 1.8194E-04 1.9091E-04 2.1152E-04 2.3681E-04 2.5175E-04 2.5845E-04 2.6195E-04 2.6646E-04 2.7138E-04 2.7754E-04 2.8657E-04 2.9908E-04 3.1957E-04 3.4805E-04 3.8173E-04 4.0016E-04 3.9230E-04 3.7297E-04 3.6038E-04 3.5421E-04 3.4802E-04 3.3769E-04 3.2849E-04 3.2745E-04 3.3398E-04 3.3750E-04 3.2675E-04 3.1419E-04 3.1713E-04 3.1966E-04 3.2377E-04 3.1868E-04 3.0596E-04 2.9194E-04 2.7802E-04 2.7506E-04 2.8113E-04
4.1503E-05 5.3329E-05 6.1168E-05 6.6589E-05 7.1895E-05 7.8876E-05 8.5800E-05 9.2561E-05 9.5479E-05 9.7867E-05 1.0035E-04 1.0448E-04 1.1163E-04 1.1917E-04 1.2786E-04 1.4166E-04 1.5725E-04 1.6346E-04 1.6607E-04 1.7281E-04 1.8163E-04 1.9751E-04 2.1846E-04 2.3559E-04 2.4340E-04 2.4843E-04 2.5456E-04 2.6332E-04 2.6927E-04 2.7476E-04 2.8243E-04 2.9459E-04 3.1306E-04 3.3633E-04 3.6492E-04 3.7907E-04 3.6861E-04 3.4899E-04 3.4043E-04 3.3648E-04 3.3027E-04 3.2185E-04 3.1554E-04 3.1479E-04 3.1619E-04 3.1682E-04 3.0685E-04 2.9631E-04 2.9799E-04 2.9727E-04 2.9990E-04 2.9820E-04 2.8486E-04 2.7505E-04 2.6143E-04 2.5497E-04 2.5916E-04
4.1406E-05 5.4207E-05 6.2463E-05 6.7925E-05 7.3228E-05 8.0207E-05 8.7339E-05 9.2937E-05 9.5863E-05 9.8695E-05 1.0185E-04 1.0701E-04 1.1440E-04 1.2258E-04 1.3418E-04 1.4973E-04 1.6060E-04 1.6158E-04 1.6046E-04 1.6759E-04 1.8358E-04 2.0458E-04 2.2299E-04 2.3488E-04 2.4116E-04 2.4532E-04 2.5240E-04 2.6141E-04 2.6721E-04 2.7204E-04 2.7952E-04 2.9203E-04 3.0736E-04 3.2663E-04 3.4918E-04 3.5961E-04 3.4788E-04 3.3020E-04 3.2287E-04 3.2324E-04 3.1878E-04 3.1036E-04 3.0447E-04 3.0199E-04 3.0094E-04 3.0064E-04 2.9405E-04 2.8322E-04 2.7761E-04 2.7468E-04 2.8057E-04 2.8355E-04 2.7015E-04 2.5965E-04 2.4762E-04 2.3849E-04 2.3861E-04
4.2413E-05 5.5099E-05 6.3384E-05 6.9383E-05 7.5590E-05 8.2170E-05 8.8560E-05 9.3180E-05 9.5080E-05 9.8462E-05 1.0297E-04 1.0862E-04 1.1704E-04 1.2856E-04 1.4232E-04 1.5421E-04 1.5875E-04 1.5847E-04 1.5973E-04 1.7088E-04 1.8929E-04 2.0972E-04 2.2409E-04 2.3203E-04 2.3668E-04 2.4150E-04 2.5054E-04 2.5955E-04 2.6379E-04 2.6666E-04 2.7496E-04 2.8674E-04 2.9991E-04 3.1644E-04 3.3116E-04 3.3528E-04 3.2512E-04 3.1337E-04 3.1004E-04 3.1292E-04 3.0994E-04 3.0030E-04 2.9190E-04 2.8843E-04 2.8553E-04 2.8435E-04 2.8222E-04 2.7160E-04 2.6505E-04 2.6027E-04 2.6245E-04 2.6508E-04 2.5891E-04 2.4937E-04 2.3954E-04 2.2859E-04 2.2336E-04
4.3805E-05 5.5244E-05 6.4110E-05 7.1572E-05 7.8231E-05 8.3979E-05 8.8764E-05 9.0766E-05 9.2605E-05 9.7447E-05 1.0336E-04 1.0987E-04 1.2077E-04 1.3499E-04 1.4507E-04 1.5091E-04 1.5503E-04 1.5674E-04 1.6397E-04 1.7914E-04 1.9899E-04 2.1464E-04 2.2108E-04 2.2573E-04 2.3162E-04 2.3760E-04 2.4767E-04 2.5627E-04 2.5888E-04 2.6090E-04 2.6768E-04 2.7720E-04 2.9063E-04 3.0481E-04 3.1630E-04 3.1592E-04 3.0498E-04 2.9618E-04 2.9590E-04 3.0047E-04 2.9840E-04 2.8767E-04 2.7794E-04 2.7401E-04 2.7236E-04 2.7137E-04 2.6925E-04 2.6312E-04 2.5953E-04 2.5374E-04 2.5003E-04 2.5077E-04 2.4707E-04 2.3866E-04 2.2960E-04 2.2089E-04 2.1326E-04
4.4422E-05 5.5877E-05 6.5365E-05 7.3112E-05 7.9275E-05 8.4020E-05 8.7771E-05 8.9685E-05 9.1628E-05 9.6184E-05 1.0386E-04 1.1361E-04 1.2420E-04 1.3339E-04 1.3872E-04 1.4372E-04 1.4910E-04 1.5606E-04 1.6860E-04 1.8714E-04 2.0522E-04 2.1443E-04 2.1756E-04 2.2203E-04 2.2795E-04 2.3592E-04 2.4540E-04 2.5039E-04 2.5090E-04 2.5344E-04 2.6056E-04 2.6855E-04 2.7972E-04 2.9370E-04 3.0530E-04 3.0229E-04 2.8943E-04 2.8115E-04 2.8230E-04 2.8814E-04 2.8586E-04 2.7496E-04 2.6443E-04 2.6002E-04 2.6105E-04 2.6259E-04 2.6177E-04 2.5560E-04 2.4889E-04 2.4424E-04 2.4201E-04 2.4120E-04 2.3415E-04 2.2467E-04 2.1775E-04 2.1599E-04 2.0826E-04
4.4871E-05 5.6572E-05 6.5870E-05 7.2896E-05 7.8395E-05 8.3398E-05 8.6831E-05 8.9636E-05 9.2572E-05 9.7961E-05 1.0724E-04 1.1793E-04 1.2491E-04 1.2870E-04 1.3152E-04 1.3799E-04 1.4642E-04 1.5897E-04 1.7624E-04 1.9463E-04 2.0630E-04 2.1051E-04 2.1412E-04 2.1960E-04 2.2590E-04 2.3304E-04 2.4032E-04 2.4264E-04 2.4204E-04 2.4508E-04 2.5291E-04 2.5936E-04 2.6838E-04 2.8231E-04 2.9220E-04 2.8779E-04 2.7494E-04 2.6822E-04 2.7049E-04 2.7509E-04 2.7235E-04 2.6301E-04 2.5230E-04 2.4803E-04 2.5078E-04 2.5387E-04 2.5197E-04 2.4308E-04 2.3539E-04 2.3118E-04 2.2863E-04 2.2640E-04 2.2092E-04 2.1438E-04 2.0743E-04 2.0595E-04 2.0146E-04
4.5959E-05 5.7067E-05 6.4948E-05 7.0757E-05 7.5780E-05 8.0753E-05 8.5661E-05 9.0730E-05 9.6475E-05 1.0485E-04 1.1480E-04 1.2072E-04 1.2312E-04 1.2575E-04 1.2991E-04 1.3823E-04 1.4827E-04 1.6325E-04 1.8194E-04 1.9655E-04 2.0343E-04 2.0707E-04 2.1093E-04 2.1624E-04 2.2221E-04 2.2739E-04 2.3212E-04 2.3397E-04 2.3305E-04 2.3547E-04 2.4281E-04 2.4844E-04 2.5703E-04 2.6816E-04 2.7530E-04 2.7105E-04 2.6167E-04 2.5818E-04 2.5985E-04 2.6144E-04 2.5873E-04 2.4927E-04 2.4039E-04 2.3711E-04 2.3918E-04 2.4280E-04 2.4059E-04 2.3358E-04 2.2603E-04 2.2060E-04 2.1734E-04 2.1135E-04 2.0644E-04 2.0109E-04 1.9637E-04 1.9356E-04 1.9381E-04
