20231023_webinar_progetto_murano/data_input/grd_f3_sc_3/Average_Period.grd
DSAA
          81           81
 760250.0000  764250.0000
5036750.0000 5040750.0000
  0.2450E-04   0.1233E+00
[rows 25 to 49 of 81, columns 0 to 56 of 81]
8.9963E-05 1.1646E-04 1.3915E-04 1.5923E-04 1.7964E-04 2.0273E-04 2.2696E-04 2.5098E-04 2.7168E-04 2.9038E-04 3.1064E-04 3.3101E-04 3.4738E-04 3.6190E-04 3.8007E-04 4.0556E-04 4.3595E-04 4.6865E-04 5.0464E-04 5.3417E-04 5.4713E-04 5.5722E-04 5.7382E-04 6.1438E-04 6.7930E-04 7.4246E-04 8.0653E-04 8.7022E-04 9.5863E-04 1.0863E-03 1.2284E-03 1.3444E-03 1.3856E-03 1.4616E-03 1.5412E-03 1.6318E-03 1.7496E-03 1.8840E-03 2.0135E-03 2.1076E-03 2.2188E-03 2.4271E-03 2.6148E-03 2.5368E-03 2.3696E-03 2.1823E-03 1.9988E-03 1.8051E-03 1.6066E-03 1.4634E-03 1.3549E-03 1.2513E-03 1.1398E-03 1.0266E-03 9.2551E-04 8.4368E-04 7.7675E-04
8.8379E-05 1.1425E-04 1.3615E-04 1.5544E-04 1.7443E-04 1.9469E-04 2.1645E-04 2.3959E-04 2.6244E-04 2.8749E-04 3.1576E-04 3.4166E-04 3.6331E-04 3.8215E-04 3.9733E-04 4.1430E-04 4.3957E-04 4.6837E-04 5.0109E-04 5.3883E-04 5.7736E-04 5.9858E-04 6.0937E-04 6.2797E-04 6.7460E-04 7.3208E-04 8.0375E-04 8.6720E-04 9.4626E-04 1.0793E-03 1.2233E-03 1.3812E-03 1.4630E-03 1.5292E-03 1.6262E-03 1.7188E-03 1.8488E-03 1.9914E-03 2.1510E-03 2.2683E-03 2.3946E-03 2.6419E-03 2.8349E-03 2.7230E-03 2.5299E-03 2.3212E-03 2.1244E-03 1.9056E-03 1.7071E-03 1.5563E-03 1.4310E-03 1.3082E-03 1.1744E-03 1.0480E-03 9.4350E-04 8.6157E-04 7.9788E-04
8.6677E-05 1.1164E-04 1.3277E-04 1.5180E-04 1.7149E-04 1.9136E-04 2.0986E-04 2.2917E-04 2.4894E-04 2.7256E-04 3.0274E-04 3.3517E-04 3.6650E-04 3.9428E-04 4.1234E-04 4.2469E-04 4.4206E-04 4.6999E-04 5.0412E-04 5.4278E-04 5.8491E-04 6.2743E-04 6.5475E-04 6.6590E-04 6.8649E-04 7.2711E-04 7.9350E-04 8.7738E-04 9.5834E-04 1.0680E-03 1.2122E-03 1.3827E-03 1.5372E-03 1.6175E-03 1.7220E-03 1.8163E-03 1.9524E-03 2.0951E-03 2.2576E-03 2.4128E-03 2.5993E-03 2.8977E-03 3.1008E-03 2.9354E-03 2.7089E-03 2.4872E-03 2.2673E-03 2.0200E-03 1.8179E-03 1.6595E-03 1.5134E-03 1.3612E-03 1.2086E-03 1.0712E-03 9.6399E-04 8.8382E-04 8.2388E-04
8.4574E-05 1.0866E-04 1.2856E-04 1.4685E-04 1.6650E-04 1.8622E-04 2.0342E-04 2.2085E-04 2.3849E-04 2.5765E-04 2.8118E-04 3.1243E-04 3.5065E-04 3.8715E-04 4.1381E-04 4.3140E-04 4.4895E-04 4.7476E-04 5.0332E-04 5.4098E-04 5.8045E-04 6.2066E-04 6.6200E-04 6.9609E-04 7.1881E-04 7.4419E-04 7.9871E-04 8.8211E-04 9.8522E-04 1.0864E-03 1.2152E-03 1.3523E-03 1.5604E-03 1.6917E-03 1.7961E-03 1.9270E-03 2.0549E-03 2.2217E-03 2.4270E-03 2.6176E-03 2.8457E-03 3.1823E-03 3.3849E-03 3.1964E-03 2.9186E-03 2.6677E-03 2.4120E-03 2.1379E-03 1.9276E-03 1.7564E-03 1.5818E-03 1.4013E-03 1.2320E-03 1.0919E-03 9.8668E-04 9.0888E-04 8.4572E-04
8.3232E-05 1.0670E-04 1.2531E-04 1.4197E-04 1.5998E-04 1.7817E-04 1.9505E-04 2.1197E-04 2.2843E-04 2.4593E-04 2.6544E-04 2.9050E-04 3.2152E-04 3.5528E-04 3.9078E-04 4.2404E-04 4.5203E-04 4.7638E-04 5.0225E-04 5.3331E-04 5.6477E-04 6.0448E-04 6.5043E-04 7.0036E-04 7.4904E-04 7.7717E-04 8.2209E-04 8.8988E-04 9.9135E-04 1.1141E-03 1.2067E-03 1.3316E-03 1.5226E-03 1.7363E-03 1.8830E-03 2.0416E-03 2.1822E-03 2.3926E-03 2.6271E-03 2.8860E-03 3.1428E-03 3.5140E-03 3.7232E-03 3.5001E-03 3.1714E-03 2.8700E-03 2.5578E-03 2.2687E-03 2.0483E-03 1.8471E-03 1.6314E-03 1.4228E-03 1.2497E-03 1.1206E-03 1.0186E-03 9.3193E-04 8.5468E-04
8.2695E-05 1.0500E-04 1.2195E-04 1.3836E-04 1.5599E-04 1.7210E-04 1.8873E-04 2.0477E-04 2.1929E-04 2.3559E-04 2.5390E-04 2.7373E-04 2.9604E-04 3.2059E-04 3.5195E-04 3.9174E-04 4.3612E-04 4.7568E-04 5.0813E-04 5.3251E-04 5.5349E-04 5.8488E-04 6.3463E-04 6.9633E-04 7.5905E-04 8.1002E-04 8.5895E-04 8.9853E-04 9.7285E-04 1.0996E-03 1.2190E-03 1.3381E-03 1.5147E-03 1.7523E-03 1.9720E-03 2.1559E-03 2.3353E-03 2.5554E-03 2.8532E-03 3.1462E-03 3.4721E-03 3.9577E-03 4.1638E-03 3.8708E-03 3.4632E-03 3.0840E-03 2.7145E-03 2.4138E-03 2.1710E-03 1.9145E-03 1.6592E-03 1.4443E-03 1.2842E-03 1.1578E-03 1.0479E-03 9.4591E-04 8.5466E-04
8.0944E-05 1.0329E-04 1.2031E-04 1.3666E-04 1.5356E-04 1.6781E-04 1.8382E-04 1.9948E-04 2.1325E-04 2.2736E-04 2.4315E-04 2.6180E-04 2.8128E-04 2.9909E-04 3.2229E-04 3.5421E-04 3.9783E-04 4.4797E-04 4.9734E-04 5.3599E-04 5.6114E-04 5.8246E-04 6.1697E-04 6.7632E-04 7.4822E-04 8.1553E-04 8.7776E-04 9.1424E-04 9.8114E-04 1.1081E-03 1.2418E-03 1.3722E-03 1.5034E-03 1.7175E-03 2.0462E-03 2.2912E-03 2.5361E-03 2.7779E-03 3.0843E-03 3.4416E-03 3.8704E-03 4.4518E-03 4.6780E-03 4.3361E-03 3.8182E-03 3.3513E-03 2.9315E-03 2.5987E-03 2.2852E-03 1.9707E-03 1.6901E-03 1.4823E-03 1.3281E-03 1.1898E-03 1.0636E-03 9.5040E-04 8.5263E-04
7.7363E-05 9.9352E-05 1.1715E-04 1.3413E-04 1.4907E-04 1.6188E-04 1.7607E-04 1.9228E-04 2.0777E-04 2.2135E-04 2.3707E-04 2.5456E-04 2.7211E-04 2.8831E-04 3.0648E-04 3.2862E-04 3.6009E-04 4.0336E-04 4.5409E-04 5.0956E-04 5.6154E-04 6.0258E-04 6.3244E-04 6.6365E-04 7.1251E-04 7.8678E-04 8.6104E-04 9.5259E-04 1.0382E-03 1.1205E-03 1.2309E-03 1.3820E-03 1.5254E-03 1.7314E-03 2.0546E-03 2.3886E-03 2.6833E-03 2.9998E-03 3.3498E-03 3.7712E-03 4.3408E-03 5.0840E-03 5.3176E-03 4.8669E-03 4.2126E-03 3.6667E-03 3.2167E-03 2.7973E-03 2.3923E-03 2.0379E-03 1.7482E-03 1.5363E-03 1.3573E-03 1.2025E-03 1.0628E-03 9.4253E-04 8.4253E-04
7.2653E-05 9.4009E-05 1.1148E-04 1.2746E-04 1.4172E-04 1.5452E-04 1.6740E-04 1.8009E-04 1.9348E-04 2.0911E-04 2.2702E-04 2.4336E-04 2.5989E-04 2.7850E-04 2.9336E-04 3.0997E-04 3.3788E-04 3.7030E-04 4.0711E-04 4.5560E-04 5.1799E-04 5.8580E-04 6.4749E-04 6.8497E-04 7.0737E-04 7.5724E-04 8.4583E-04 9.5692E-04 1.0716E-03 1.1591E-03 1.2529E-03 1.3715E-03 1.5466E-03 1.7617E-03 2.0190E-03 2.3896E-03 2.7882E-03 3.1606E-03 3.6598E-03 4.2401E-03 4.9834E-03 5.8844E-03 6.1078E-03 5.3703E-03 4.5982E-03 3.9889E-03 3.4682E-03 2.9367E-03 2.4768E-03 2.1145E-03 1.8255E-03 1.5834E-03 1.3698E-03 1.2034E-03 1.0521E-03 9.2579E-04 8.2622E-04
6.8786E-05 8.8946E-05 1.0538E-04 1.1987E-04 1.3338E-04 1.4619E-04 1.5866E-04 1.7000E-04 1.8068E-04 1.9427E-04 2.0888E-04 2.2194E-04 2.3713E-04 2.5864E-04 2.7664E-04 2.9641E-04 3.2556E-04 3.5304E-04 3.8028E-04 4.1888E-04 4.6398E-04 5.2262E-04 5.9894E-04 6.7305E-04 7.3048E-04 7.6540E-04 8.2316E-04 9.1023E-04 1.0278E-03 1.1775E-03 1.2806E-03 1.3715E-03 1.5285E-03 1.7298E-03 1.9568E-03 2.3434E-03 2.8566E-03 3.3251E-03 3.9044E-03 4.7418E-03 5.6465E-03 6.7960E-03 6.9398E-03 5.8825E-03 4.9649E-03 4.2670E-03 3.6714E-03 3.0174E-03 2.5415E-03 2.2008E-03 1.8804E-03 1.5932E-03 1.3620E-03 1.1847E-03 1.0302E-03 9.0134E-04 8.0178E-04
6.7932E-05 8.7248E-05 1.0271E-04 1.1593E-04 1.2836E-04 1.4033E-04 1.5129E-04 1.6246E-04 1.7386E-04 1.8572E-04 1.9670E-04 2.0835E-04 2.2087E-04 2.3736E-04 2.5503E-04 2.7693E-04 3.0201E-04 3.2788E-04 3.6407E-04 4.0114E-04 4.3307E-04 4.6983E-04 5.2262E-04 5.9112E-04 6.9196E-04 8.0676E-04 8.7087E-04 9.0755E-04 1.0092E-03 1.1475E-03 1.3125E-03 1.4575E-03 1.5624E-03 1.7004E-03 1.9878E-03 2.3305E-03 2.9247E-03 3.5502E-03 4.2691E-03 5.2952E-03 6.4422E-03 7.9379E-03 7.9547E-03 6.5001E-03 5.4234E-03 4.5984E-03 3.7844E-03 3.0725E-03 2.6356E-03 2.2618E-03 1.8847E-03 1.5756E-03 1.3401E-03 1.1448E-03 9.8828E-04 8.6942E-04 7.7678E-04
6.8748E-05 8.8546E-05 1.0347E-04 1.1578E-04 1.2675E-04 1.3741E-04 1.4793E-04 1.5663E-04 1.6842E-04 1.8042E-04 1.9172E-04 2.0372E-04 2.1585E-04 2.2714E-04 2.3941E-04 2.5371E-04 2.7280E-04 2.9710E-04 3.3152E-04 3.6671E-04 3.9812E-04 4.3197E-04 4.7107E-04 5.1504E-04 6.0002E-04 7.3749E-04 8.8529E-04 9.3445E-04 1.0005E-03 1.1003E-03 1.2516E-03 1.4526E-03 1.6061E-03 1.7767E-03 2.0898E-03 2.5278E-03 2.9540E-03 3.7326E-03 4.7524E-03 5.8472E-03 7.4936E-03 9.4043E-03 8.8614E-03 7.0117E-03 5.7854E-03 4.7891E-03 3.7722E-03 3.1518E-03 2.6761E-03 2.2438E-03 1.8521E-03 1.5285E-03 1.3049E-03 1.1183E-03 9.6563E-04 8.5471E-04 7.7528E-04
6.9970E-05 8.9648E-05 1.0432E-04 1.1701E-04 1.2808E-04 1.3804E-04 1.4757E-04 1.5302E-04 1.6181E-04 1.7115E-04 1.8305E-04 1.9526E-04 2.0777E-04 2.2026E-04 2.3407E-04 2.4843E-04 2.6494E-04 2.8318E-04 3.0488E-04 3.2453E-04 3.4715E-04 3.8073E-04 4.1952E-04 4.6513E-04 5.3126E-04 6.1228E-04 7.1414E-04 8.1109E-04 9.3000E-04 1.0326E-03 1.1207E-03 1.3038E-03 1.5677E-03 1.8442E-03 2.1372E-03 2.6733E-03 3.2349E-03 4.0579E-03 5.5398E-03 6.9773E-03 9.1736E-03 1.1336E-02 9.9497E-03 7.5894E-03 6.0981E-03 4.8495E-03 3.9062E-03 3.2128E-03 2.6618E-03 2.1921E-03 1.7972E-03 1.4875E-03 1.2844E-03 1.1190E-03 9.8553E-04 8.8080E-04 8.0531E-04
7.1956E-05 9.1712E-05 1.0705E-04 1.1819E-04 1.3054E-04 1.4147E-04 1.5014E-04 1.5680E-04 1.6375E-04 1.6952E-04 1.7892E-04 1.8957E-04 2.0214E-04 2.1462E-04 2.2476E-04 2.3953E-04 2.5919E-04 2.7772E-04 2.9402E-04 3.0824E-04 3.2847E-04 3.5176E-04 3.7663E-04 4.1504E-04 4.6895E-04 5.3004E-04 5.9868E-04 6.6206E-04 7.8027E-04 9.1107E-04 1.0602E-03 1.2135E-03 1.4815E-03 1.8335E-03 2.2877E-03 2.9290E-03 3.7907E-03 4.9095E-03 6.9529E-03 9.3214E-03 1.2019E-02 1.4802E-02 1.2168E-02 8.8005E-03 6.6446E-03 5.1216E-03 4.0700E-03 3.2784E-03 2.6740E-03 2.1592E-03 1.7762E-03 1.5006E-03 1.2941E-03 1.1421E-03 1.0222E-03 9.1207E-04 8.2948E-04
7.2387E-05 9.1152E-05 1.0518E-04 1.1578E-04 1.2764E-04 1.3869E-04 1.4765E-04 1.5806E-04 1.6648E-04 1.7168E-04 1.7895E-04 1.8882E-04 2.0009E-04 2.1354E-04 2.2104E-04 2.3119E-04 2.4976E-04 2.7181E-04 2.7888E-04 2.9928E-04 3.2089E-04 3.4065E-04 3.6791E-04 3.9268E-04 4.2669E-04 4.7807E-04 5.3720E-04 5.8224E-04 6.5078E-04 7.4110E-04 8.6844E-04 1.0887E-03 1.3840E-03 1.7460E-03 2.2195E-03 3.0833E-03 4.3253E-03 6.3478E-03 9.1572E-03 1.3806E-02 1.8130E-02 2.1040E-02 1.5401E-02 1.0697E-02 7.3047E-03 5.4963E-03 4.2008E-03 3.3673E-03 2.6621E-03 2.1247E-03 1.7896E-03 1.5452E-03 1.3449E-03 1.1929E-03 1.0631E-03 9.5032E-04 8.6548E-04
7.3668E-05 9.3810E-05 1.0679E-04 1.1621E-04 1.2587E-04 1.3546E-04 1.4410E-04 1.5438E-04 1.6211E-04 1.6892E-04 1.7836E-04 1.8887E-04 1.9929E-04 2.1036E-04 2.1916E-04 2.3289E-04 2.4794E-04 2.6149E-04 2.7472E-04 2.9080E-04 3.0937E-04 3.2694E-04 3.5044E-04 3.8239E-04 4.1657E-04 4.7356E-04 5.2005E-04 5.5846E-04 6.3067E-04 7.0338E-04 7.9567E-04 9.4290E-04 1.1548E-03 1.5499E-03 2.0525E-03 3.0065E-03 4.4172E-03 7.6937E-03 1.3456E-02 2.2069E-02 3.0408E-02 3.1107E-02 1.9982E-02 1.2830E-02 8.3074E-03 5.7828E-03 4.3974E-03 3.3148E-03 2.6627E-03 2.2125E-03 1.9298E-03 1.6716E-03 1.4353E-03 1.2704E-03 1.1412E-03 1.0273E-03 9.2913E-04
7.7660E-05 1.0018E-04 1.1528E-04 1.2423E-04 1.3165E-04 1.4062E-04 1.5133E-04 1.6024E-04 1.6741E-04 1.7553E-04 1.8408E-04 1.9670E-04 2.0632E-04 2.1519E-04 2.2602E-04 2.4022E-04 2.5611E-04 2.6736E-04 2.8178E-04 2.9508E-04 3.1026E-04 3.2682E-04 3.4859E-04 3.8066E-04 4.1474E-04 4.5622E-04 4.9768E-04 5.4579E-04 6.1861E-04 7.0240E-04 8.0257E-04 9.0212E-04 1.0772E-03 1.3297E-03 1.7908E-03 2.6440E-03 4.1081E-03 7.6007E-03 1.8022E-02 3.7640E-02 5.6205E-02 4.9369E-02 2.6912E-02 1.5811E-02 9.5443E-03 6.0205E-03 4.4421E-03 3.5421E-03 2.9900E-03 2.5439E-03 2.1596E-03 1.8126E-03 1.5351E-03 1.3414E-03 1.1870E-03 1.0514E-03 9.3689E-04
8.1655E-05 1.0500E-04 1.2379E-04 1.3487E-04 1.4159E-04 1.4920E-04 1.6256E-04 1.7216E-04 1.8142E-04 1.9058E-04 1.9986E-04 2.1276E-04 2.2114E-04 2.3307E-04 2.4349E-04 2.5754E-04 2.7024E-04 2.8256E-04 3.0213E-04 3.1742E-04 3.2765E-04 3.4421E-04 3.6623E-04 3.8489E-04 4.1046E-04 4.4937E-04 4.8078E-04 5.1451E-04 5.8433E-04 6.4739E-04 7.4936E-04 8.6696E-04 1.0249E-03 1.2846E-03 1.6518E-03 2.3238E-03 3.7192E-03 6.6774E-03 1.4595E-02 4.5207E-02 8.0356E-02 6.4845E-02 3.3160E-02 1.9492E-02 1.0578E-02 6.8732E-03 5.2102E-03 4.0690E-03 3.2882E-03 2.6935E-03 2.1671E-03 1.7945E-03 1.5206E-03 1.3110E-03 1.1364E-03 1.0146E-03 9.1783E-04
8.2396E-05 1.0596E-04 1.2693E-04 1.4106E-04 1.4833E-04 1.5587E-04 1.6806E-04 1.7916E-04 1.9106E-04 2.0106E-04 2.1366E-04 2.2607E-04 2.3640E-04 2.4798E-04 2.5824E-04 2.7144E-04 2.8400E-04 3.0015E-04 3.1931E-04 3.3296E-04 3.4408E-04 3.6267E-04 3.8386E-04 4.0024E-04 4.1801E-04 4.5688E-04 4.8810E-04 5.1258E-04 5.8500E-04 6.5292E-04 7.4685E-04 8.9218E-04 1.0315E-03 1.3120E-03 1.7242E-03 2.3713E-03 3.4531E-03 6.2048E-03 1.2069E-02 2.0880E-02 1.0044E-01 1.2334E-01 3.5220E-02 2.0522E-02 1.2075E-02 7.1950E-03 5.0907E-03 3.8313E-03 3.0971E-03 2.5029E-03 2.0303E-03 1.7158E-03 1.4667E-03 1.2670E-03 1.1002E-03 9.9207E-04 9.0338E-04
8.2029E-05 1.0526E-04 1.2472E-04 1.3984E-04 1.4909E-04 1.5756E-04 1.6750E-04 1.7844E-04 1.8943E-04 1.9945E-04 2.1291E-04 2.2597E-04 2.3671E-04 2.4603E-04 2.5618E-04 2.7025E-04 2.8614E-04 3.0123E-04 3.1250E-04 3.2384E-04 3.4174E-04 3.6088E-04 3.7532E-04 4.0325E-04 4.1886E-04 4.3806E-04 4.7902E-04 5.0362E-04 5.5636E-04 6.0892E-04 6.9377E-04 8.2727E-04 9.5250E-04 1.2126E-03 1.5927E-03 2.2567E-03 3.4300E-03 6.0033E-03 1.1508E-02 1.9481E-02 4.4215E-02 8.6502E-02 3.4687E-02 2.1465E-02 1.2209E-02 7.2129E-03 5.0802E-03 3.7826E-03 3.0216E-03 2.3661E-03 1.9297E-03 1.6048E-03 1.3855E-03 1.1956E-03 1.0553E-03 9.5557E-04 8.6294E-04
8.2857E-05 1.0854E-04 1.2763E-04 1.4224E-04 1.5333E-04 1.6333E-04 1.7086E-04 1.7871E-04 1.8793E-04 1.9798E-04 2.0902E-04 2.2025E-04 2.3300E-04 2.3844E-04 2.4788E-04 2.6304E-04 2.7879E-04 2.9037E-04 3.0253E-04 3.1344E-04 3.2187E-04 3.3778E-04 3.5070E-04 3.6961E-04 3.8824E-04 4.0885E-04 4.4244E-04 4.5829E-04 5.1028E-04 5.8014E-04 6.7417E-04 7.7383E-04 8.8292E-04 1.0696E-03 1.4121E-03 1.9436E-03 2.8949E-03 4.3674E-03 8.5625E-03 1.6766E-02 4.2885E-02 3.1651E-02 2.4357E-02 1.5803E-02 1.0324E-02 6.9133E-03 5.0043E-03 3.7212E-03 2.8721E-03 2.2591E-03 1.8712E-03 1.5586E-03 1.3367E-03 1.1692E-03 1.0481E-03 9.3593E-04 8.5139E-04
8.3492E-05 1.1169E-04 1.3151E-04 1.4506E-04 1.5353E-04 1.6047E-04 1.6778E-04 1.7542E-04 1.8212E-04 1.9134E-04 2.0148E-04 2.1021E-04 2.1837E-04 2.2526E-04 2.3511E-04 2.4762E-04 2.5848E-04 2.7183E-04 2.8354E-04 2.9720E-04 3.1061E-04 3.2065E-04 3.3918E-04 3.4956E-04 3.6480E-04 3.9277E-04 4.1960E-04 4.2023E-04 4.6794E-04 5.4072E-04 6.1206E-04 6.7855E-04 8.1532E-04 9.9874E-04 1.2631E-03 1.5471E-03 2.1230E-03 3.4677E-03 6.2484E-03 1.5385E-02 2.3749E-02 1.8662E-02 1.4060E-02 9.9584E-03 6.5434E-03 4.6189E-03 3.7214E-03 3.0498E-03 2.5166E-03 2.0860E-03 1.7733E-03 1.5096E-03 1.3087E-03 1.1459E-03 1.0088E-03 8.9803E-04 8.1394E-04
8.0717E-05 1.0749E-04 1.2568E-04 1.3446E-04 1.3947E-04 1.4591E-04 1.5217E-04 1.5758E-04 1.6358E-04 1.7361E-04 1.8606E-04 1.9769E-04 2.0694E-04 2.1819E-04 2.3037E-04 2.4025E-04 2.5331E-04 2.6333E-04 2.7770E-04 2.9073E-04 2.9966E-04 3.0414E-04 3.1504E-04 3.2182E-04 3.3325E-04 3.5488E-04 3.8062E-04 4.0114E-04 4.5197E-04 5.1873E-04 5.6561E-04 6.4024E-04 7.0312E-04 7.5264E-04 9.1451E-04 1.2616E-03 1.8877E-03 2.8301E-03 4.8328E-03 9.4427E-03 1.2111E-02 9.1347E-03 7.8128E-03 6.0928E-03 4.7702E-03 3.6479E-03 2.8272E-03 2.3486E-03 2.0331E-03 1.7929E-03 1.5969E-03 1.4183E-03 1.2239E-03 1.0629E-03 9.4424E-04 8.4773E-04 7.7566E-04
7.5379E-05 9.8704E-05 1.1482E-04 1.2362E-04 1.3015E-04 1.3891E-04 1.4677E-04 1.5540E-04 1.6139E-04 1.7149E-04 1.8407E-04 1.9557E-04 2.0498E-04 2.1310E-04 2.2390E-04 2.3148E-04 2.3878E-04 2.4602E-04 2.5806E-04 2.6682E-04 2.7243E-04 2.7997E-04 2.8583E-04 2.9809E-04 3.1331E-04 3.5274E-04 3.6813E-04 3.7520E-04 4.1962E-04 4.8744E-04 5.0045E-04 4.8939E-04 5.3367E-04 6.8687E-04 8.9547E-04 1.2259E-03 1.6330E-03 2.3083E-03 3.9661E-03 5.7147E-03 6.6407E-03 4.9876E-03 4.4842E-03 4.1153E-03 3.4615E-03 3.0567E-03 2.4591E-03 2.0721E-03 1.7724E-03 1.5221E-03 1.3560E-03 1.2451E-03 1.1036E-03 9.8845E-04 8.8369E-04 7.9886E-04 7.3924E-04
7.2876E-05 9.6979E-05 1.1372E-04 1.2375E-04 1.3197E-04 1.4112E-04 1.4780E-04 1.5397E-04 1.5682E-04 1.6577E-04 1.7472E-04 1.8186E-04 1.8906E-04 1.9496E-04 2.0354E-04 2.1184E-04 2.1754E-04 2.2405E-04 2.3337E-04 2.4246E-04 2.4942E-04 2.6561E-04 2.7002E-04 2.8502E-04 3.0687E-04 3.4711E-04 3.5985E-04 3.6766E-04 3.8069E-04 3.4885E-04 3.6506E-04 4.1385E-04 5.2975E-04 6.8330E-04 8.5856E-04 1.1103E-03 1.3674E-03 2.1371E-03 2.9677E-03 3.9295E-03 3.9482E-03 3.2367E-03 2.9147E-03 2.8739E-03 2.6467E-03 2.5180E-03 2.2043E-03 1.8181E-03 1.6234E-03 1.4176E-03 1.2767E-03 1.1368E-03 9.9574E-04 9.0430E-04 8.2573E-04 7.5231E-04 7.0184E-04
