20231023_webinar_progetto_murano/data_input/grd_f3_sc_3/Maximum_24h.grd
DSAA
          81           81
 760250.0000  764250.0000
5036750.0000 5040750.0000
  0.9289E-03   0.1136E+01
[rows 0 to 24 of 81, columns 0 to 56 of 81]
9.2889E-04 1.0843E-03 1.1760E-03 1.3483E-03 1.7691E-03 2.0522E-03 2.1335E-03 2.0114E-03 1.7579E-03 1.4413E-03 1.6743E-03 2.1549E-03 2.5017E-03 2.6085E-03 2.5602E-03 2.4465E-03 2.4419E-03 2.6102E-03 2.6148E-03 2.1959E-03 1.8572E-03 2.2698E-03 1.9762E-03 2.1413E-03 2.4210E-03 2.8513E-03 3.3839E-03 3.9345E-03 4.3476E-03 4.6280E-03 4.6525E-03 4.4183E-03 4.0275E-03 3.5276E-03 4.2809E-03 4.3773E-03 5.0898E-03 5.0177E-03 6.0168E-03 6.1987E-03 5.1442E-03 7.3344E-03 1.0246E-02 1.2641E-02 1.2221E-02 9.6506E-03 8.8849E-03 8.0247E-03 8.3633E-03 7.8693E-03 6.9542E-03 6.0384E-03 5.3063E-03 5.0865E-03 4.8051E-03 3.8866E-03 3.7012E-03
1.1565E-03 1.3639E-03 1.4906E-03 1.8216E-03 2.0742E-03 2.6173E-03 2.9074E-03 2.8650E-03 2.5756E-03 2.1518E-03 2.1415E-03 2.7867E-03 3.2949E-03 3.5243E-03 3.4992E-03 3.3366E-03 3.3339E-03 3.5504E-03 3.7085E-03 3.2918E-03 2.4573E-03 2.8283E-03 2.7200E-03 2.6631E-03 3.0389E-03 3.5859E-03 4.2043E-03 4.9023E-03 5.4532E-03 5.8433E-03 5.9205E-03 5.6409E-03 5.1764E-03 4.5737E-03 5.4377E-03 5.7008E-03 6.7123E-03 6.6293E-03 7.6340E-03 8.0981E-03 6.7097E-03 1.0153E-02 1.4217E-02 1.7425E-02 1.6512E-02 1.2802E-02 1.1564E-02 1.0294E-02 1.0732E-02 1.0091E-02 8.8710E-03 7.6034E-03 6.5839E-03 6.6197E-03 6.0809E-03 4.8482E-03 4.7741E-03
1.3600E-03 1.6219E-03 1.7853E-03 2.0953E-03 2.3780E-03 2.8826E-03 3.4672E-03 3.6069E-03 3.3431E-03 2.8279E-03 2.2328E-03 2.9533E-03 3.5510E-03 3.8988E-03 3.9669E-03 3.8669E-03 3.8980E-03 4.1689E-03 4.5290E-03 4.3386E-03 3.2237E-03 2.7424E-03 3.1349E-03 3.1201E-03 3.5721E-03 4.1817E-03 4.8243E-03 5.6146E-03 6.2369E-03 6.7199E-03 6.8916E-03 6.6612E-03 6.2007E-03 5.5542E-03 5.7546E-03 6.5740E-03 7.8304E-03 7.8299E-03 8.6343E-03 9.4348E-03 7.9884E-03 1.2211E-02 1.6728E-02 2.0048E-02 1.8463E-02 1.5444E-02 1.3748E-02 1.1995E-02 1.2384E-02 1.1617E-02 1.0201E-02 8.7891E-03 7.6446E-03 7.5192E-03 6.8700E-03 5.6384E-03 5.7729E-03
1.5087E-03 1.8252E-03 2.0280E-03 2.1070E-03 2.4015E-03 2.7682E-03 3.6468E-03 4.1026E-03 3.9911E-03 3.4587E-03 2.6847E-03 2.7055E-03 3.3777E-03 3.8645E-03 4.0879E-03 4.1336E-03 4.1989E-03 4.4172E-03 4.8211E-03 4.9212E-03 3.9775E-03 3.2484E-03 3.1872E-03 3.4637E-03 3.9190E-03 4.5354E-03 5.1988E-03 6.0502E-03 6.7805E-03 7.3700E-03 7.6463E-03 7.5142E-03 7.0821E-03 6.4126E-03 6.0280E-03 7.0979E-03 8.6022E-03 8.7777E-03 9.7691E-03 1.0835E-02 9.2709E-03 1.3074E-02 1.8157E-02 2.1817E-02 1.9378E-02 1.7401E-02 1.5332E-02 1.3372E-02 1.3566E-02 1.2674E-02 1.1178E-02 9.6825E-03 8.4533E-03 8.1508E-03 6.7930E-03 6.2974E-03 6.6848E-03
1.5773E-03 1.9696E-03 2.2336E-03 2.3266E-03 2.2995E-03 2.5280E-03 3.3034E-03 4.1313E-03 4.3587E-03 4.0473E-03 3.3543E-03 2.5534E-03 2.9515E-03 3.6208E-03 4.0865E-03 4.2956E-03 4.3871E-03 4.4983E-03 4.8022E-03 5.0583E-03 4.6272E-03 3.8432E-03 3.3749E-03 3.6996E-03 4.1509E-03 4.7926E-03 5.4998E-03 6.4123E-03 7.2567E-03 7.9273E-03 8.3142E-03 8.2952E-03 7.8855E-03 7.1942E-03 6.6759E-03 7.4359E-03 9.1513E-03 9.5253E-03 1.0777E-02 1.2306E-02 1.0537E-02 1.3727E-02 1.9705E-02 2.3746E-02 2.0706E-02 1.8679E-02 1.6400E-02 1.4782E-02 1.4687E-02 1.3569E-02 1.1992E-02 1.0458E-02 9.1867E-03 8.2743E-03 7.3852E-03 6.8795E-03 7.4942E-03
1.8518E-03 2.0863E-03 2.4060E-03 2.5490E-03 2.5188E-03 2.4179E-03 2.5252E-03 3.5366E-03 4.2491E-03 4.4565E-03 4.1070E-03 3.3307E-03 2.5558E-03 3.3090E-03 4.0182E-03 4.3730E-03 4.5019E-03 4.5854E-03 4.7675E-03 4.9414E-03 5.2905E-03 4.4138E-03 3.8104E-03 3.8712E-03 4.3218E-03 4.9618E-03 5.7169E-03 6.6783E-03 7.5894E-03 8.3540E-03 8.8877E-03 9.0129E-03 8.6696E-03 7.9781E-03 7.3887E-03 7.8129E-03 9.5233E-03 1.0036E-02 1.1201E-02 1.3335E-02 1.1620E-02 1.4436E-02 2.1317E-02 2.6177E-02 2.2775E-02 1.9589E-02 1.7104E-02 1.6111E-02 1.5793E-02 1.4441E-02 1.2754E-02 1.1206E-02 9.9308E-03 8.8167E-03 7.9441E-03 7.6889E-03 8.1758E-03
2.9748E-03 3.2894E-03 2.7745E-03 2.6915E-03 2.7009E-03 2.5850E-03 2.5305E-03 2.6317E-03 3.7224E-03 4.5300E-03 4.7396E-03 4.2575E-03 3.4183E-03 2.9775E-03 3.8048E-03 4.2847E-03 4.4952E-03 4.6443E-03 4.8007E-03 4.8804E-03 5.3892E-03 5.0998E-03 4.2957E-03 4.0013E-03 4.4601E-03 5.0908E-03 5.8500E-03 6.7963E-03 7.7683E-03 8.7024E-03 9.4259E-03 9.7064E-03 9.4662E-03 8.7930E-03 8.0975E-03 8.5107E-03 9.7676E-03 1.0308E-02 1.0934E-02 1.3769E-02 1.2382E-02 1.4920E-02 2.2228E-02 2.7823E-02 2.3576E-02 2.0588E-02 1.7715E-02 1.7169E-02 1.6717E-02 1.5280E-02 1.3494E-02 1.1821E-02 1.0459E-02 9.3403E-03 8.4641E-03 8.4361E-03 8.7275E-03
4.0632E-03 4.6268E-03 4.1302E-03 3.1071E-03 2.8119E-03 2.7429E-03 2.6778E-03 2.6244E-03 2.9046E-03 4.1264E-03 4.9916E-03 5.1753E-03 4.6327E-03 3.6599E-03 3.3299E-03 3.9444E-03 4.3478E-03 4.6159E-03 4.8292E-03 4.9268E-03 5.2259E-03 5.4377E-03 4.7116E-03 4.1785E-03 4.6975E-03 5.3414E-03 6.0857E-03 7.0806E-03 8.1728E-03 9.2392E-03 1.0084E-02 1.0464E-02 1.0343E-02 9.6974E-03 8.6023E-03 8.9731E-03 9.8898E-03 1.0430E-02 1.0807E-02 1.4243E-02 1.2927E-02 1.5310E-02 2.2761E-02 2.8515E-02 2.3135E-02 2.1623E-02 1.8324E-02 1.8286E-02 1.7674E-02 1.6121E-02 1.4255E-02 1.2436E-02 1.0944E-02 9.8374E-03 8.9944E-03 9.1514E-03 9.2080E-03
4.3111E-03 5.3001E-03 5.2253E-03 4.4406E-03 3.3116E-03 2.9667E-03 2.7924E-03 2.7582E-03 2.7925E-03 3.2767E-03 4.6758E-03 5.7332E-03 5.8923E-03 4.9444E-03 3.5807E-03 3.4140E-03 4.0614E-03 4.5338E-03 4.9499E-03 5.1721E-03 5.4931E-03 5.9170E-03 5.2167E-03 4.6021E-03 4.9117E-03 5.5981E-03 6.3868E-03 7.4792E-03 8.6656E-03 9.8312E-03 1.0841E-02 1.1343E-02 1.1297E-02 1.0665E-02 9.4727E-03 9.2600E-03 9.9221E-03 1.0596E-02 1.0749E-02 1.4738E-02 1.3521E-02 1.5872E-02 2.3362E-02 2.8855E-02 2.4275E-02 2.2403E-02 1.8789E-02 1.9388E-02 1.8501E-02 1.6771E-02 1.4945E-02 1.3121E-02 1.1537E-02 1.0403E-02 9.5030E-03 9.6726E-03 9.5175E-03
3.5346E-03 4.9367E-03 5.6889E-03 5.6340E-03 4.6917E-03 3.3451E-03 3.1363E-03 2.9178E-03 2.8270E-03 3.0802E-03 3.7052E-03 5.3890E-03 6.4333E-03 6.0348E-03 4.5539E-03 3.1429E-03 3.6741E-03 4.4333E-03 5.1214E-03 5.5292E-03 5.7107E-03 5.8864E-03 5.9662E-03 5.0468E-03 5.0664E-03 5.8262E-03 6.6648E-03 7.7833E-03 9.0481E-03 1.0370E-02 1.1570E-02 1.2293E-02 1.2367E-02 1.1757E-02 1.0479E-02 9.5062E-03 9.9568E-03 1.0867E-02 1.0698E-02 1.5392E-02 1.4322E-02 1.6347E-02 2.4613E-02 2.9663E-02 2.5312E-02 2.2912E-02 1.9554E-02 2.0221E-02 1.9082E-02 1.7217E-02 1.5352E-02 1.3582E-02 1.2041E-02 1.0858E-02 9.8747E-03 9.8448E-03 9.5323E-03
2.3766E-03 3.9030E-03 5.3051E-03 6.0548E-03 5.7760E-03 4.7363E-03 3.4815E-03 3.2990E-03 3.0519E-03 2.8993E-03 3.2894E-03 4.1333E-03 5.8174E-03 6.4581E-03 5.6511E-03 4.1199E-03 3.3284E-03 4.2481E-03 5.0686E-03 5.5097E-03 5.6592E-03 5.6847E-03 6.5300E-03 6.3409E-03 5.1552E-03 6.0082E-03 6.8832E-03 8.0110E-03 9.3903E-03 1.0842E-02 1.2144E-02 1.3103E-02 1.3377E-02 1.2846E-02 1.1535E-02 9.8538E-03 9.9676E-03 1.1162E-02 1.0482E-02 1.5753E-02 1.5061E-02 1.7000E-02 2.6077E-02 3.0225E-02 2.6302E-02 2.3429E-02 2.0646E-02 2.0857E-02 1.9488E-02 1.7542E-02 1.5597E-02 1.3873E-02 1.2426E-02 1.1248E-02 1.0229E-02 9.8438E-03 9.2547E-03
2.3103E-03 2.8818E-03 3.9853E-03 5.3018E-03 6.1200E-03 6.0268E-03 5.1186E-03 3.7340E-03 3.4362E-03 3.1477E-03 3.0035E-03 2.9819E-03 4.4000E-03 6.0658E-03 6.5449E-03 5.5085E-03 3.8514E-03 3.8384E-03 4.9100E-03 5.3953E-03 5.6080E-03 5.7494E-03 6.4279E-03 7.2847E-03 5.5846E-03 6.0715E-03 6.9602E-03 8.1166E-03 9.5471E-03 1.1107E-02 1.2605E-02 1.3793E-02 1.4275E-02 1.3881E-02 1.2589E-02 1.0653E-02 1.0583E-02 1.1569E-02 1.0259E-02 1.6065E-02 1.5786E-02 1.7728E-02 2.6998E-02 3.0241E-02 2.7526E-02 2.4128E-02 2.1743E-02 2.1696E-02 2.0064E-02 1.7968E-02 1.5925E-02 1.4159E-02 1.2694E-02 1.1483E-02 1.0455E-02 9.6377E-03 9.0501E-03
2.1663E-03 2.7587E-03 3.2536E-03 3.8393E-03 5.4850E-03 6.6069E-03 6.6808E-03 5.7072E-03 4.1574E-03 3.5214E-03 3.2491E-03 3.0996E-03 2.9768E-03 4.8914E-03 6.5398E-03 6.5889E-03 5.3140E-03 3.7228E-03 4.5201E-03 5.3160E-03 5.6570E-03 5.8746E-03 6.2746E-03 7.0416E-03 6.7842E-03 6.0693E-03 6.9763E-03 8.0959E-03 9.4350E-03 1.1017E-02 1.2719E-02 1.4184E-02 1.4975E-02 1.4886E-02 1.3756E-02 1.1785E-02 1.1507E-02 1.2432E-02 1.1247E-02 1.6402E-02 1.5980E-02 1.8515E-02 2.8767E-02 3.1891E-02 2.8776E-02 2.4632E-02 2.2755E-02 2.2574E-02 2.0623E-02 1.8353E-02 1.6234E-02 1.4417E-02 1.2902E-02 1.1654E-02 1.0615E-02 9.7567E-03 9.1132E-03
2.0907E-03 2.6550E-03 3.0266E-03 3.4854E-03 4.0691E-03 5.8684E-03 7.0826E-03 7.2364E-03 6.1584E-03 4.1265E-03 3.6040E-03 3.3557E-03 3.2152E-03 3.6636E-03 5.1826E-03 6.5478E-03 6.6908E-03 5.3658E-03 3.8457E-03 5.1623E-03 5.8310E-03 6.1265E-03 6.4870E-03 7.0922E-03 7.4685E-03 6.5165E-03 6.9495E-03 8.0294E-03 9.2864E-03 1.0818E-02 1.2594E-02 1.4297E-02 1.5462E-02 1.5799E-02 1.4922E-02 1.2944E-02 1.2025E-02 1.3373E-02 1.2348E-02 1.6566E-02 1.6414E-02 1.8939E-02 3.0344E-02 3.2901E-02 2.9653E-02 2.4622E-02 2.3662E-02 2.3375E-02 2.1253E-02 1.8822E-02 1.6577E-02 1.4673E-02 1.3125E-02 1.1894E-02 1.0850E-02 9.9872E-03 9.2967E-03
1.9536E-03 2.5743E-03 2.8857E-03 3.1514E-03 3.5752E-03 4.1082E-03 6.1955E-03 7.6095E-03 7.5967E-03 5.9526E-03 4.0045E-03 3.7847E-03 3.5523E-03 3.3656E-03 3.5139E-03 5.5247E-03 7.5366E-03 7.4336E-03 5.2332E-03 4.6449E-03 5.7687E-03 6.3751E-03 6.7186E-03 7.2129E-03 7.6771E-03 7.2753E-03 7.4141E-03 8.0275E-03 9.2347E-03 1.0744E-02 1.2534E-02 1.4337E-02 1.5788E-02 1.6516E-02 1.5949E-02 1.4011E-02 1.2026E-02 1.3733E-02 1.3001E-02 1.7470E-02 1.7347E-02 1.9555E-02 3.1372E-02 3.2850E-02 3.0246E-02 2.4326E-02 2.4694E-02 2.4148E-02 2.1939E-02 1.9350E-02 1.6967E-02 1.5017E-02 1.3454E-02 1.2227E-02 1.1196E-02 1.0336E-02 9.6284E-03
2.0847E-03 2.4982E-03 2.7257E-03 2.8622E-03 3.1557E-03 3.5793E-03 4.0624E-03 6.1054E-03 7.4766E-03 7.3073E-03 6.1722E-03 4.3267E-03 4.1636E-03 3.9916E-03 3.7790E-03 3.9185E-03 7.1706E-03 9.2369E-03 7.9409E-03 5.4526E-03 5.4131E-03 6.4198E-03 6.9421E-03 7.7016E-03 8.6790E-03 8.8520E-03 8.4896E-03 8.2262E-03 9.2864E-03 1.0826E-02 1.2668E-02 1.4552E-02 1.6212E-02 1.7222E-02 1.6955E-02 1.5152E-02 1.2362E-02 1.3804E-02 1.3475E-02 1.7937E-02 1.8097E-02 2.1511E-02 3.3638E-02 3.3613E-02 3.0951E-02 2.5162E-02 2.5776E-02 2.4918E-02 2.2454E-02 1.9751E-02 1.7394E-02 1.5442E-02 1.3822E-02 1.2573E-02 1.1559E-02 1.0678E-02 9.9437E-03
2.3184E-03 2.8410E-03 3.1693E-03 3.2965E-03 3.2587E-03 3.1484E-03 3.5679E-03 3.9731E-03 5.6965E-03 7.4610E-03 8.4206E-03 7.4374E-03 4.8833E-03 4.7018E-03 4.5819E-03 4.4084E-03 4.9650E-03 8.8104E-03 1.0324E-02 8.5801E-03 5.5863E-03 6.5074E-03 7.2658E-03 7.9368E-03 9.0457E-03 9.3186E-03 9.1967E-03 9.3534E-03 9.3292E-03 1.0880E-02 1.2768E-02 1.4788E-02 1.6635E-02 1.7839E-02 1.7883E-02 1.6332E-02 1.3581E-02 1.4048E-02 1.4052E-02 1.7423E-02 1.8486E-02 2.2912E-02 3.6498E-02 3.5271E-02 3.1810E-02 2.6857E-02 2.7060E-02 2.5744E-02 2.2936E-02 2.0155E-02 1.7819E-02 1.5854E-02 1.4198E-02 1.2918E-02 1.1830E-02 1.0934E-02 1.0141E-02
2.4005E-03 3.0947E-03 3.4792E-03 3.7432E-03 3.8230E-03 3.7480E-03 3.5473E-03 3.6347E-03 4.1166E-03 5.7568E-03 8.1584E-03 9.0966E-03 7.5692E-03 5.3844E-03 5.4056E-03 5.3622E-03 5.2036E-03 5.3721E-03 9.7097E-03 1.1646E-02 8.9236E-03 6.0636E-03 7.5005E-03 8.2911E-03 9.1717E-03 9.2159E-03 1.0362E-02 1.0172E-02 9.6255E-03 1.0945E-02 1.2937E-02 1.5145E-02 1.7189E-02 1.8662E-02 1.9031E-02 1.7691E-02 1.4854E-02 1.4480E-02 1.4923E-02 1.7021E-02 1.8956E-02 2.3555E-02 3.8438E-02 3.6662E-02 3.2686E-02 2.8815E-02 2.8290E-02 2.6526E-02 2.3504E-02 2.0670E-02 1.8281E-02 1.6231E-02 1.4529E-02 1.3203E-02 1.2077E-02 1.1166E-02 1.0256E-02
2.8394E-03 3.6676E-03 3.9994E-03 4.0000E-03 4.2671E-03 4.3545E-03 4.2475E-03 3.9814E-03 3.7795E-03 4.3558E-03 5.7620E-03 8.5508E-03 9.3749E-03 7.6221E-03 6.1303E-03 6.2910E-03 6.3141E-03 6.1155E-03 6.4602E-03 1.1863E-02 1.2621E-02 8.7780E-03 6.6395E-03 8.9999E-03 1.0158E-02 1.0184E-02 9.6283E-03 1.0645E-02 1.0748E-02 1.0925E-02 1.2913E-02 1.5240E-02 1.7522E-02 1.9346E-02 2.0134E-02 1.9146E-02 1.6283E-02 1.4810E-02 1.5804E-02 1.7763E-02 2.0019E-02 2.5104E-02 4.0230E-02 3.8173E-02 3.3373E-02 3.0661E-02 2.9529E-02 2.7355E-02 2.4161E-02 2.1210E-02 1.8786E-02 1.6646E-02 1.4846E-02 1.3492E-02 1.2422E-02 1.1460E-02 1.0465E-02
3.5711E-03 4.5618E-03 4.8797E-03 4.5297E-03 4.4479E-03 4.7628E-03 4.8337E-03 4.6713E-03 4.3236E-03 3.9620E-03 4.5951E-03 5.9291E-03 8.8591E-03 1.0164E-02 9.2928E-03 7.1503E-03 7.4377E-03 7.4450E-03 7.0565E-03 7.6184E-03 1.2822E-02 1.2445E-02 7.8115E-03 8.4167E-03 1.0432E-02 1.1036E-02 1.1590E-02 1.0753E-02 1.1788E-02 1.1120E-02 1.2717E-02 1.4926E-02 1.7393E-02 1.9649E-02 2.1069E-02 2.0648E-02 1.7847E-02 1.5496E-02 1.7360E-02 1.9409E-02 2.1923E-02 2.7031E-02 4.1596E-02 4.0331E-02 3.3904E-02 3.2205E-02 3.0893E-02 2.8216E-02 2.4790E-02 2.1666E-02 1.9158E-02 1.7024E-02 1.5173E-02 1.3738E-02 1.2644E-02 1.1575E-02 1.0450E-02
4.3939E-03 5.8098E-03 6.2401E-03 5.7715E-03 4.9124E-03 4.8376E-03 5.1341E-03 5.1657E-03 4.9608E-03 4.6276E-03 4.2538E-03 4.8125E-03 6.0110E-03 9.8739E-03 1.1834E-02 1.0638E-02 8.4697E-03 8.7746E-03 8.6097E-03 7.9268E-03 8.3696E-03 1.2848E-02 1.1218E-02 7.2503E-03 9.3332E-03 1.1773E-02 1.3192E-02 1.2242E-02 1.2499E-02 1.2674E-02 1.2427E-02 1.4440E-02 1.6867E-02 1.9497E-02 2.1752E-02 2.2200E-02 1.9542E-02 1.6392E-02 1.9303E-02 2.0433E-02 2.4372E-02 2.8790E-02 4.4799E-02 4.3042E-02 3.4580E-02 3.3441E-02 3.2344E-02 2.9004E-02 2.5320E-02 2.2057E-02 1.9439E-02 1.7297E-02 1.5405E-02 1.3839E-02 1.2657E-02 1.1990E-02 1.0251E-02
4.6843E-03 6.5856E-03 7.4747E-03 7.3229E-03 6.4970E-03 5.4938E-03 5.0319E-03 5.3096E-03 5.3547E-03 5.2417E-03 5.0327E-03 4.7447E-03 5.1489E-03 6.2130E-03 9.8809E-03 1.1500E-02 1.0311E-02 9.9519E-03 1.0130E-02 9.6743E-03 8.5792E-03 9.5639E-03 1.3576E-02 1.1709E-02 7.2485E-03 1.0676E-02 1.1963E-02 1.2093E-02 1.2659E-02 1.4123E-02 1.3140E-02 1.3990E-02 1.6367E-02 1.9300E-02 2.2260E-02 2.3542E-02 2.1236E-02 1.6926E-02 2.0637E-02 1.9899E-02 2.5596E-02 3.2213E-02 5.0994E-02 4.5980E-02 3.6672E-02 3.5355E-02 3.3661E-02 2.9740E-02 2.5856E-02 2.2440E-02 1.9645E-02 1.7413E-02 1.5505E-02 1.3958E-02 1.3095E-02 1.1662E-02 1.0408E-02
3.8511E-03 5.8280E-03 7.3037E-03 8.0215E-03 7.9702E-03 7.2117E-03 6.3238E-03 5.3702E-03 5.3525E-03 5.5445E-03 5.6273E-03 5.5588E-03 5.3266E-03 5.7227E-03 7.0323E-03 8.6283E-03 1.0964E-02 1.0791E-02 1.1402E-02 1.1346E-02 1.0477E-02 8.9034E-03 1.1542E-02 1.4440E-02 1.1465E-02 8.7998E-03 1.0955E-02 1.1983E-02 1.2106E-02 1.5064E-02 1.5549E-02 1.3645E-02 1.5948E-02 1.9060E-02 2.2523E-02 2.4629E-02 2.2937E-02 1.7640E-02 2.2394E-02 1.9468E-02 2.6519E-02 3.5838E-02 5.4988E-02 4.8486E-02 3.8499E-02 3.7017E-02 3.4606E-02 3.0309E-02 2.6212E-02 2.2712E-02 1.9876E-02 1.7518E-02 1.5548E-02 1.4044E-02 1.2868E-02 1.1320E-02 1.0845E-02
2.7451E-03 3.8013E-03 5.3439E-03 6.8073E-03 8.1445E-03 8.7498E-03 8.7660E-03 7.8345E-03 6.4924E-03 5.3681E-03 5.7929E-03 6.0550E-03 6.0961E-03 5.9053E-03 6.4716E-03 8.0586E-03 9.6606E-03 1.1084E-02 1.2146E-02 1.2602E-02 1.2182E-02 1.0766E-02 8.6168E-03 1.0853E-02 1.5114E-02 1.0832E-02 1.0862E-02 1.2660E-02 1.3565E-02 1.4840E-02 1.7483E-02 1.6402E-02 1.5773E-02 1.8756E-02 2.2394E-02 2.5256E-02 2.4527E-02 1.9302E-02 2.4725E-02 2.1619E-02 2.8360E-02 3.6627E-02 5.3560E-02 5.0126E-02 3.9820E-02 3.8753E-02 3.5442E-02 3.0713E-02 2.6475E-02 2.2952E-02 2.0013E-02 1.7579E-02 1.5568E-02 1.4305E-02 1.2397E-02 1.1802E-02 1.1305E-02
2.9869E-03 3.6208E-03 4.1626E-03 4.5811E-03 6.0834E-03 8.3947E-03 1.0020E-02 1.0381E-02 9.3121E-03 7.5527E-03 5.9604E-03 5.9951E-03 6.4013E-03 6.5802E-03 6.5648E-03 7.2281E-03 9.0060E-03 1.0728E-02 1.3956E-02 1.3664E-02 1.3328E-02 1.2331E-02 1.0260E-02 7.9305E-03 1.2841E-02 1.4988E-02 9.7597E-03 1.0870E-02 1.2468E-02 1.3590E-02 1.8027E-02 1.9120E-02 1.6279E-02 1.8396E-02 2.1926E-02 2.5433E-02 2.5893E-02 2.1340E-02 2.6073E-02 2.3617E-02 3.0472E-02 3.8000E-02 5.5230E-02 5.2288E-02 4.1077E-02 4.1065E-02 3.6478E-02 3.1221E-02 2.6785E-02 2.3250E-02 2.0258E-02 1.7796E-02 1.5899E-02 1.3822E-02 1.2901E-02 1.2306E-02 1.1767E-02
