20231023_webinar_progetto_murano/data_input/grd_f3_sc_3/Maximum_24h.grd
DSAA
          81           81
 760250.0000  764250.0000
5036750.0000 5040750.0000
  0.9289E-03   0.1136E+01
[rows 50 to 74 of 81, columns 0 to 56 of 81]
3.7086E-03 5.0557E-03 5.8514E-03 6.5485E-03 6.9646E-03 7.1377E-03 7.1384E-03 7.0877E-03 7.0857E-03 7.4680E-03 7.7289E-03 7.8260E-03 7.8437E-03 9.3646E-03 1.1369E-02 1.3343E-02 1.5175E-02 1.6735E-02 1.7971E-02 1.8862E-02 1.9440E-02 1.9716E-02 1.9635E-02 2.2973E-02 2.5233E-02 2.5247E-02 2.1094E-02 1.0599E-02 1.0575E-02 1.0536E-02 1.2331E-02 1.4137E-02 1.5006E-02 1.6214E-02 3.0926E-02 2.1966E-02 3.2050E-02 3.8021E-02 5.6014E-02 7.7425E-02 6.4623E-02 8.3063E-02 8.2442E-02 8.5684E-02 9.1400E-02 9.3841E-02 9.7351E-02 1.2002E-01 1.2058E-01 9.4360E-02 6.6490E-02 4.4237E-02 2.9279E-02 2.0165E-02 2.0642E-02 2.2394E-02 2.3193E-02
3.5104E-03 4.3439E-03 5.1207E-03 5.7231E-03 6.0665E-03 6.3418E-03 6.6048E-03 6.8993E-03 7.2372E-03 7.5309E-03 7.7360E-03 7.7991E-03 7.7368E-03 8.8622E-03 1.0868E-02 1.2870E-02 1.4750E-02 1.6347E-02 1.7578E-02 1.8401E-02 1.8822E-02 1.9353E-02 2.4586E-02 2.5532E-02 1.6539E-02 1.3214E-02 1.0557E-02 8.6398E-03 9.5996E-03 1.0725E-02 1.1558E-02 1.3284E-02 1.6712E-02 3.4145E-02 2.0121E-02 3.2545E-02 2.8340E-02 2.9903E-02 4.7711E-02 6.8117E-02 5.0139E-02 6.9162E-02 6.7192E-02 7.0136E-02 6.9215E-02 8.4139E-02 6.7045E-02 7.0712E-02 8.9781E-02 8.9129E-02 7.3539E-02 5.4378E-02 3.8702E-02 2.7833E-02 2.0224E-02 1.5157E-02 1.6764E-02
3.6385E-03 4.5000E-03 5.2369E-03 5.7904E-03 6.1901E-03 6.4455E-03 6.6284E-03 6.8171E-03 7.0295E-03 7.2111E-03 7.3563E-03 7.4064E-03 7.2802E-03 8.1337E-03 1.0071E-02 1.2034E-02 1.3903E-02 1.5492E-02 1.6678E-02 2.0022E-02 2.2311E-02 2.0476E-02 1.6332E-02 1.4772E-02 1.2747E-02 1.0451E-02 8.0347E-03 8.9241E-03 9.2864E-03 1.3264E-02 1.2062E-02 1.7958E-02 2.8236E-02 2.1782E-02 3.0801E-02 3.4883E-02 2.3846E-02 3.1643E-02 5.0226E-02 5.4052E-02 4.4233E-02 5.7941E-02 5.6208E-02 6.0057E-02 5.1387E-02 6.7047E-02 6.3607E-02 4.7363E-02 6.2589E-02 6.7923E-02 6.7165E-02 5.7003E-02 4.4843E-02 3.4401E-02 2.5969E-02 1.9582E-02 1.4948E-02
3.6194E-03 4.4820E-03 5.2011E-03 5.7284E-03 6.0981E-03 6.3083E-03 6.4130E-03 6.4950E-03 6.5764E-03 6.6427E-03 6.6953E-03 6.8221E-03 7.6565E-03 8.3401E-03 9.2408E-03 1.1939E-02 1.5308E-02 1.8043E-02 1.8892E-02 1.7150E-02 1.5741E-02 1.5098E-02 1.3849E-02 1.2066E-02 9.9877E-03 7.8728E-03 8.1947E-03 1.0412E-02 1.0871E-02 9.9459E-03 1.3166E-02 2.3995E-02 1.5961E-02 2.2943E-02 2.8414E-02 2.2540E-02 1.9502E-02 3.0149E-02 5.2290E-02 4.5101E-02 3.6815E-02 4.8289E-02 5.3150E-02 5.2639E-02 4.7373E-02 4.9846E-02 5.4903E-02 4.6968E-02 4.7131E-02 5.1523E-02 5.1570E-02 5.0950E-02 4.5268E-02 3.7834E-02 3.0261E-02 2.3817E-02 1.8732E-02
3.4493E-03 4.2794E-03 4.9562E-03 5.4394E-03 5.7650E-03 5.9340E-03 5.9883E-03 6.0050E-03 6.1187E-03 7.0372E-03 7.6484E-03 9.0076E-03 1.1166E-02 1.3020E-02 1.3907E-02 1.5047E-02 1.5361E-02 1.3626E-02 1.3108E-02 1.3545E-02 1.3358E-02 1.2536E-02 1.1174E-02 9.4297E-03 7.5295E-03 8.7559E-03 1.1733E-02 1.1790E-02 8.1511E-03 1.0962E-02 1.8122E-02 1.3997E-02 1.4724E-02 2.5298E-02 2.1405E-02 1.6439E-02 1.9862E-02 2.6758E-02 4.7955E-02 3.3391E-02 3.4119E-02 4.0745E-02 4.5164E-02 4.3098E-02 4.4277E-02 3.8228E-02 4.4602E-02 4.2732E-02 3.4042E-02 4.3768E-02 4.8117E-02 4.0202E-02 4.0414E-02 3.7186E-02 3.2040E-02 2.6652E-02 2.1773E-02
3.1686E-03 3.9299E-03 4.5460E-03 4.9719E-03 5.2330E-03 5.7610E-03 6.1428E-03 6.4077E-03 7.4810E-03 8.7350E-03 1.0113E-02 1.2975E-02 1.5931E-02 1.6763E-02 1.5176E-02 1.1675E-02 8.7540E-03 9.8388E-03 1.0593E-02 1.0885E-02 1.0615E-02 9.7796E-03 8.5069E-03 7.0025E-03 8.0953E-03 1.1213E-02 1.1573E-02 6.6449E-03 1.1731E-02 1.9584E-02 1.3503E-02 1.4612E-02 1.9687E-02 2.1562E-02 1.6383E-02 1.7158E-02 1.8713E-02 2.7963E-02 4.2324E-02 2.7667E-02 2.8411E-02 3.7554E-02 4.3225E-02 3.7779E-02 3.9448E-02 3.5113E-02 3.3876E-02 3.5463E-02 3.1752E-02 3.1273E-02 4.2983E-02 4.3253E-02 3.5051E-02 3.3193E-02 3.1028E-02 2.7479E-02 2.3493E-02
2.8234E-03 3.4907E-03 4.1612E-03 4.9086E-03 5.6906E-03 6.5222E-03 7.0177E-03 7.7190E-03 9.3195E-03 1.1362E-02 1.2924E-02 1.5123E-02 1.5462E-02 1.2464E-02 8.3331E-03 8.1367E-03 8.4060E-03 7.4420E-03 7.9659E-03 8.1161E-03 7.8271E-03 7.1113E-03 7.1196E-03 8.1122E-03 9.3552E-03 9.0200E-03 6.6389E-03 1.2489E-02 1.7264E-02 1.2793E-02 1.4203E-02 1.8996E-02 2.0877E-02 1.4194E-02 1.3515E-02 1.6449E-02 1.7132E-02 3.0088E-02 3.8780E-02 2.5151E-02 2.2533E-02 3.3156E-02 4.1408E-02 3.4970E-02 3.5160E-02 3.4300E-02 2.9580E-02 2.8183E-02 2.7798E-02 2.4444E-02 3.1981E-02 3.9932E-02 3.9809E-02 3.3271E-02 2.7820E-02 2.6248E-02 2.3633E-02
2.4781E-03 3.7818E-03 4.8450E-03 5.6751E-03 6.6954E-03 8.0417E-03 9.3648E-03 1.0461E-02 1.1388E-02 1.1709E-02 1.1109E-02 9.9277E-03 7.7565E-03 6.4474E-03 6.9212E-03 7.2401E-03 7.0735E-03 6.1848E-03 5.5743E-03 5.6142E-03 6.4745E-03 7.6988E-03 8.5456E-03 8.7807E-03 8.1339E-03 6.0296E-03 1.1588E-02 1.7497E-02 1.2555E-02 1.3850E-02 1.7096E-02 2.0947E-02 1.4942E-02 1.2860E-02 1.3635E-02 1.3363E-02 1.5547E-02 3.2649E-02 3.4437E-02 2.2042E-02 1.9674E-02 2.6825E-02 3.2182E-02 3.0300E-02 3.5505E-02 3.2417E-02 2.6991E-02 2.2226E-02 2.3527E-02 2.2495E-02 2.2188E-02 3.2353E-02 3.8054E-02 3.7005E-02 3.0926E-02 2.3509E-02 2.2379E-02
3.0153E-03 4.5960E-03 5.8947E-03 7.1903E-03 8.6200E-03 1.0270E-02 1.1603E-02 1.1804E-02 1.0269E-02 7.7883E-03 5.5889E-03 6.3572E-03 6.8717E-03 7.0369E-03 6.5346E-03 6.1670E-03 5.7110E-03 4.7074E-03 5.6649E-03 6.5381E-03 7.3152E-03 7.9493E-03 7.8066E-03 6.4578E-03 6.4522E-03 1.1454E-02 1.7053E-02 1.1505E-02 1.3294E-02 1.4985E-02 2.0168E-02 1.6183E-02 1.1406E-02 1.2189E-02 1.3960E-02 1.2929E-02 1.7210E-02 3.3188E-02 2.9667E-02 1.9125E-02 1.8410E-02 2.3337E-02 2.6986E-02 2.8920E-02 3.2474E-02 2.8697E-02 2.3387E-02 1.9446E-02 1.9424E-02 1.9902E-02 1.8656E-02 2.3864E-02 3.1641E-02 3.5241E-02 3.3451E-02 2.8132E-02 2.1989E-02
4.0717E-03 6.1951E-03 7.8899E-03 9.0484E-03 9.7768E-03 1.0181E-02 9.8073E-03 7.9520E-03 5.1082E-03 5.6439E-03 6.1125E-03 6.5253E-03 6.5991E-03 6.1506E-03 5.1492E-03 4.8009E-03 5.0316E-03 6.0460E-03 7.0156E-03 7.6771E-03 7.6739E-03 7.0607E-03 5.6677E-03 5.1824E-03 9.4269E-03 1.4950E-02 1.1859E-02 1.1213E-02 1.3126E-02 1.8165E-02 1.6007E-02 1.0938E-02 1.0913E-02 1.0459E-02 1.1162E-02 1.2399E-02 1.9642E-02 3.0395E-02 2.4410E-02 1.7179E-02 1.5801E-02 2.1048E-02 2.4376E-02 3.0133E-02 2.9579E-02 2.6605E-02 2.3982E-02 1.9933E-02 1.5794E-02 1.7097E-02 1.7074E-02 1.6872E-02 2.4083E-02 2.9741E-02 3.1615E-02 2.9895E-02 2.5900E-02
5.1460E-03 7.3580E-03 8.6235E-03 8.6907E-03 7.6923E-03 6.2530E-03 4.7302E-03 4.9197E-03 5.5143E-03 5.9202E-03 5.8978E-03 5.6429E-03 5.4091E-03 4.6548E-03 4.9507E-03 5.6042E-03 6.2780E-03 6.9857E-03 7.6733E-03 7.9517E-03 7.1640E-03 5.5121E-03 5.9468E-03 9.1650E-03 1.4935E-02 1.1329E-02 1.0625E-02 9.9951E-03 1.4547E-02 1.6832E-02 1.0342E-02 1.0567E-02 1.0861E-02 9.6858E-03 9.8754E-03 1.1334E-02 2.1723E-02 2.7454E-02 2.0629E-02 1.6256E-02 1.4821E-02 2.0257E-02 2.3748E-02 2.5666E-02 2.5185E-02 2.4227E-02 2.4160E-02 2.0382E-02 1.6026E-02 1.4358E-02 1.5155E-02 1.4850E-02 1.7477E-02 2.3059E-02 2.6891E-02 2.8228E-02 2.7004E-02
5.2881E-03 6.4745E-03 6.1949E-03 5.0255E-03 4.1187E-03 4.5751E-03 5.0996E-03 5.5226E-03 5.6837E-03 5.6448E-03 5.1004E-03 4.4957E-03 4.7826E-03 5.5982E-03 6.3475E-03 6.9062E-03 7.2093E-03 7.2964E-03 7.2142E-03 6.7297E-03 5.4963E-03 5.2228E-03 8.8604E-03 1.3571E-02 1.3158E-02 9.8841E-03 1.0537E-02 1.2252E-02 1.4748E-02 1.0889E-02 9.7459E-03 1.1256E-02 1.0246E-02 1.0984E-02 9.4741E-03 1.2048E-02 2.2462E-02 2.4799E-02 1.7699E-02 1.4943E-02 1.4714E-02 1.7770E-02 1.9553E-02 2.0955E-02 2.2447E-02 2.2684E-02 2.2071E-02 1.9505E-02 1.5691E-02 1.1898E-02 1.3162E-02 1.3581E-02 1.3107E-02 1.6989E-02 2.1190E-02 2.4218E-02 2.5387E-02
3.5253E-03 3.7359E-03 3.5955E-03 4.3008E-03 4.8776E-03 5.3428E-03 5.5173E-03 5.5061E-03 5.2475E-03 4.7689E-03 4.2793E-03 5.1238E-03 5.9902E-03 6.7777E-03 7.3912E-03 7.6843E-03 7.5128E-03 6.9068E-03 5.9805E-03 4.8246E-03 5.0151E-03 1.0210E-02 1.4499E-02 1.2845E-02 9.0858E-03 9.5029E-03 1.1071E-02 1.5252E-02 1.3194E-02 8.0180E-03 9.0988E-03 9.1385E-03 9.2080E-03 1.0046E-02 8.6917E-03 1.3581E-02 2.1509E-02 2.1298E-02 1.4679E-02 1.4282E-02 1.4328E-02 1.5872E-02 1.8103E-02 2.1106E-02 2.1803E-02 2.0530E-02 1.9195E-02 1.7639E-02 1.5274E-02 1.2385E-02 1.1228E-02 1.2117E-02 1.2244E-02 1.2343E-02 1.6044E-02 1.9620E-02 2.2303E-02
2.3821E-03 3.4595E-03 4.3791E-03 5.0828E-03 5.4452E-03 5.4573E-03 5.0723E-03 4.7876E-03 4.4241E-03 4.4465E-03 5.2603E-03 6.1093E-03 6.8866E-03 7.4623E-03 7.7358E-03 7.5868E-03 6.9082E-03 5.8013E-03 5.0158E-03 5.5868E-03 8.4419E-03 1.4705E-02 1.4400E-02 8.6915E-03 9.6084E-03 1.0411E-02 1.2374E-02 1.2654E-02 9.0313E-03 7.9541E-03 8.7683E-03 8.6300E-03 9.2294E-03 8.4026E-03 8.6060E-03 1.5249E-02 2.1182E-02 1.8914E-02 1.2805E-02 1.3801E-02 1.3855E-02 1.4275E-02 1.6393E-02 1.9212E-02 2.0438E-02 1.9740E-02 1.8966E-02 1.6261E-02 1.4469E-02 1.2406E-02 9.8420E-03 1.0580E-02 1.1158E-02 1.1133E-02 1.2183E-02 1.5535E-02 1.8775E-02
2.5833E-03 3.9208E-03 5.0784E-03 5.4843E-03 5.2594E-03 4.8030E-03 4.1000E-03 3.9328E-03 4.6798E-03 5.4386E-03 6.1944E-03 6.8794E-03 7.3871E-03 7.5930E-03 7.4170E-03 6.7972E-03 5.7380E-03 5.2984E-03 6.0506E-03 7.3383E-03 1.1731E-02 1.3612E-02 9.3829E-03 9.5395E-03 1.0831E-02 1.1875E-02 1.1517E-02 9.0778E-03 7.7042E-03 8.2197E-03 7.6362E-03 7.5552E-03 8.1030E-03 7.5900E-03 9.8910E-03 1.7239E-02 2.0769E-02 1.7196E-02 1.1446E-02 1.2305E-02 1.2287E-02 1.3299E-02 1.4735E-02 1.6243E-02 1.7641E-02 1.8294E-02 1.8544E-02 1.6292E-02 1.4574E-02 1.2614E-02 1.0264E-02 9.1099E-03 9.9759E-03 1.0344E-02 1.0228E-02 1.2272E-02 1.5380E-02
2.6826E-03 3.9965E-03 4.9199E-03 4.8737E-03 4.1370E-03 3.5594E-03 4.1559E-03 4.9336E-03 5.7040E-03 6.3917E-03 6.9626E-03 7.3413E-03 7.4530E-03 7.2242E-03 6.6448E-03 5.7209E-03 5.3577E-03 6.0873E-03 8.3951E-03 1.2266E-02 1.2614E-02 1.0022E-02 1.0309E-02 1.0763E-02 1.2342E-02 1.3143E-02 9.4772E-03 7.1360E-03 8.2367E-03 8.2570E-03 7.5032E-03 7.6781E-03 7.7341E-03 7.9097E-03 1.1807E-02 1.8088E-02 1.9786E-02 1.5824E-02 1.0675E-02 1.1428E-02 1.0991E-02 1.3010E-02 1.4283E-02 1.5104E-02 1.5863E-02 1.6755E-02 1.7473E-02 1.6465E-02 1.5000E-02 1.2962E-02 1.0626E-02 8.4779E-03 8.7665E-03 9.4031E-03 9.6089E-03 9.7753E-03 1.2440E-02
2.6969E-03 3.6946E-03 4.0083E-03 3.6681E-03 3.5457E-03 4.3308E-03 5.1648E-03 5.9747E-03 6.6826E-03 7.1922E-03 7.4672E-03 7.4559E-03 7.1398E-03 6.5164E-03 5.6594E-03 5.2970E-03 5.9998E-03 7.6638E-03 1.2250E-02 1.3682E-02 9.6863E-03 1.0108E-02 1.0344E-02 1.2767E-02 1.3489E-02 1.1277E-02 7.0802E-03 7.0387E-03 7.7726E-03 7.7279E-03 7.7961E-03 7.6811E-03 7.2753E-03 7.9536E-03 1.2455E-02 1.7090E-02 1.7786E-02 1.4128E-02 1.0070E-02 1.0904E-02 1.0049E-02 1.2019E-02 1.3747E-02 1.4773E-02 1.5709E-02 1.6357E-02 1.6993E-02 1.6492E-02 1.4942E-02 1.3008E-02 1.0796E-02 8.6269E-03 7.5875E-03 8.3682E-03 8.8041E-03 8.8836E-03 1.0016E-02
2.4347E-03 3.0713E-03 3.0684E-03 3.5864E-03 4.4112E-03 5.2849E-03 6.1547E-03 6.9127E-03 7.4589E-03 7.6926E-03 7.6019E-03 7.1905E-03 6.5076E-03 5.6087E-03 5.2077E-03 5.9145E-03 7.5565E-03 1.0186E-02 1.1816E-02 1.0060E-02 9.7062E-03 1.0098E-02 1.1147E-02 1.2869E-02 1.1108E-02 7.3738E-03 5.9070E-03 6.9381E-03 7.2883E-03 7.3347E-03 7.6579E-03 7.4123E-03 6.9094E-03 7.7932E-03 1.2534E-02 1.5692E-02 1.5525E-02 1.2441E-02 9.2437E-03 1.0415E-02 9.9728E-03 1.0299E-02 1.2285E-02 1.3933E-02 1.5483E-02 1.6269E-02 1.6032E-02 1.5169E-02 1.4443E-02 1.2982E-02 1.0944E-02 8.8376E-03 7.0664E-03 7.3203E-03 7.9016E-03 8.1949E-03 8.2001E-03
2.0333E-03 2.7303E-03 3.5061E-03 4.3553E-03 5.2515E-03 6.1406E-03 6.9563E-03 7.5715E-03 7.8745E-03 7.7784E-03 7.3146E-03 6.5602E-03 5.6334E-03 5.0413E-03 5.7420E-03 6.8243E-03 9.7451E-03 9.8475E-03 7.9500E-03 8.6639E-03 9.2255E-03 9.4823E-03 1.0473E-02 1.0439E-02 7.2310E-03 6.2442E-03 6.3409E-03 7.3873E-03 7.7863E-03 7.6347E-03 7.8762E-03 7.3958E-03 6.6656E-03 8.6903E-03 1.2572E-02 1.4607E-02 1.3921E-02 1.1377E-02 8.7554E-03 9.6528E-03 9.5801E-03 9.3078E-03 1.1327E-02 1.3173E-02 1.4853E-02 1.5761E-02 1.5151E-02 1.4569E-02 1.4138E-02 1.2771E-02 1.0895E-02 8.9518E-03 7.2664E-03 6.3157E-03 6.9717E-03 7.4174E-03 7.6273E-03
2.4894E-03 3.2940E-03 4.1605E-03 5.0602E-03 5.9457E-03 6.7513E-03 7.4071E-03 7.7925E-03 7.8040E-03 7.3874E-03 6.6219E-03 5.6459E-03 4.8597E-03 5.4202E-03 6.2372E-03 9.1549E-03 1.0037E-02 7.7242E-03 7.6784E-03 8.3680E-03 9.2423E-03 9.6206E-03 9.8090E-03 8.3058E-03 6.0926E-03 5.8186E-03 7.1009E-03 8.0454E-03 8.2836E-03 7.9209E-03 7.4275E-03 6.9049E-03 6.1705E-03 9.3597E-03 1.2508E-02 1.3800E-02 1.2909E-02 1.0717E-02 8.4897E-03 8.9547E-03 9.1636E-03 8.7599E-03 1.0818E-02 1.2710E-02 1.4473E-02 1.6101E-02 1.6689E-02 1.5207E-02 1.4071E-02 1.2541E-02 1.0791E-02 9.0436E-03 7.4534E-03 6.0862E-03 6.0842E-03 6.6210E-03 6.9783E-03
2.9377E-03 3.8203E-03 4.7279E-03 5.6052E-03 6.3869E-03 7.0073E-03 7.4058E-03 7.4966E-03 7.2101E-03 6.5408E-03 5.6033E-03 4.8026E-03 5.2089E-03 6.1879E-03 8.6271E-03 9.6897E-03 8.3544E-03 6.9816E-03 7.2341E-03 7.9204E-03 9.0934E-03 1.0210E-02 9.3717E-03 6.6441E-03 5.6054E-03 6.3214E-03 7.5236E-03 8.2868E-03 8.3697E-03 7.8434E-03 6.9841E-03 6.3977E-03 6.5354E-03 9.8142E-03 1.2333E-02 1.3105E-02 1.2120E-02 1.0178E-02 8.2221E-03 8.7968E-03 8.8817E-03 8.0580E-03 1.0089E-02 1.2001E-02 1.3798E-02 1.5714E-02 1.6929E-02 1.4955E-02 1.3689E-02 1.2546E-02 1.0901E-02 9.2484E-03 7.6871E-03 6.2829E-03 5.2766E-03 5.8522E-03 6.2996E-03
3.3262E-03 4.2436E-03 5.1321E-03 5.9141E-03 6.5158E-03 6.8861E-03 6.9859E-03 6.7793E-03 6.2464E-03 5.4334E-03 4.8197E-03 5.1555E-03 5.8685E-03 8.2188E-03 9.3320E-03 8.3855E-03 6.6454E-03 6.7908E-03 7.1214E-03 8.1352E-03 1.0032E-02 1.0524E-02 8.0405E-03 5.9108E-03 5.6150E-03 6.7998E-03 7.7278E-03 8.2088E-03 8.0946E-03 7.4352E-03 6.4806E-03 6.0284E-03 7.0885E-03 9.9781E-03 1.1979E-02 1.2408E-02 1.1401E-02 9.6572E-03 7.9169E-03 8.6165E-03 8.3396E-03 7.2024E-03 9.0705E-03 1.0825E-02 1.2524E-02 1.4140E-02 1.4987E-02 1.4109E-02 1.3684E-02 1.2778E-02 1.1175E-02 9.5643E-03 7.9365E-03 6.4431E-03 5.1852E-03 5.1360E-03 5.6280E-03
3.6125E-03 4.5204E-03 5.3377E-03 5.9740E-03 6.3599E-03 6.4690E-03 6.2924E-03 5.8451E-03 5.1569E-03 4.7864E-03 5.1418E-03 5.3478E-03 7.4107E-03 8.4045E-03 7.4566E-03 6.0668E-03 6.6646E-03 6.8994E-03 7.5155E-03 9.1621E-03 1.0546E-02 9.2891E-03 6.2636E-03 5.3550E-03 6.1899E-03 7.2040E-03 7.8570E-03 8.0346E-03 7.6967E-03 6.9168E-03 5.9611E-03 5.7581E-03 7.4188E-03 9.9098E-03 1.1494E-02 1.1710E-02 1.0737E-02 9.1650E-03 7.6560E-03 8.4901E-03 8.0407E-03 6.3720E-03 8.0014E-03 9.5332E-03 1.1057E-02 1.2653E-02 1.3965E-02 1.3674E-02 1.3387E-02 1.2650E-02 1.1223E-02 9.6975E-03 8.0334E-03 6.5138E-03 5.2736E-03 4.5926E-03 4.9851E-03
3.7390E-03 4.5939E-03 5.3024E-03 5.7726E-03 5.9509E-03 5.8384E-03 5.4571E-03 4.8617E-03 4.6219E-03 5.0484E-03 5.2970E-03 6.5529E-03 7.5069E-03 6.7821E-03 5.8444E-03 6.0375E-03 6.5227E-03 7.0908E-03 8.6604E-03 1.0375E-02 9.7236E-03 7.1674E-03 5.5556E-03 5.5351E-03 6.6437E-03 7.4879E-03 7.9053E-03 7.8256E-03 7.2854E-03 6.4042E-03 5.7178E-03 5.4158E-03 7.5926E-03 9.7130E-03 1.0964E-02 1.1041E-02 1.0122E-02 8.6951E-03 7.3443E-03 8.3653E-03 8.1182E-03 6.0225E-03 7.1051E-03 8.4527E-03 9.8372E-03 1.1329E-02 1.2604E-02 1.2636E-02 1.2849E-02 1.2524E-02 1.1041E-02 9.5262E-03 7.9455E-03 6.5189E-03 5.3371E-03 4.3351E-03 4.3866E-03
3.6840E-03 4.4518E-03 5.0340E-03 5.3475E-03 5.3592E-03 5.0941E-03 4.5990E-03 4.3859E-03 4.8430E-03 5.1602E-03 6.5910E-03 6.9770E-03 6.2813E-03 5.9419E-03 6.2247E-03 6.2290E-03 6.3978E-03 7.5287E-03 9.6442E-03 1.0312E-02 8.3883E-03 5.6843E-03 5.5217E-03 5.9128E-03 6.9141E-03 7.6022E-03 7.8338E-03 7.5639E-03 6.8717E-03 5.9208E-03 5.2977E-03 5.5932E-03 7.6784E-03 9.4713E-03 1.0436E-02 1.0386E-02 9.5063E-03 8.2081E-03 7.3438E-03 8.1372E-03 8.1219E-03 5.8903E-03 6.4519E-03 7.6614E-03 8.8973E-03 1.0186E-02 1.1410E-02 1.1894E-02 1.2354E-02 1.2275E-02 1.0684E-02 9.1319E-03 7.7342E-03 6.4741E-03 5.3687E-03 4.3826E-03 3.9917E-03
