20231023_webinar_progetto_murano/data_input/grd_f3_sc_3/Maximum_24h.grd
DSAA
          81           81
 760250.0000  764250.0000
5036750.0000 5040750.0000
  0.9289E-03   0.1136E+01
[rows 25 to 49 of 81, columns 0 to 56 of 81]
3.1913E-03 3.8700E-03 4.4503E-03 4.9011E-03 5.2638E-03 5.5697E-03 7.6459E-03 9.8426E-03 1.0912E-02 1.0502E-02 9.3693E-03 8.1090E-03 6.7968E-03 6.7242E-03 7.1753E-03 7.3101E-03 7.8104E-03 9.7300E-03 1.1574E-02 1.4299E-02 1.3849E-02 1.3523E-02 1.1948E-02 9.6961E-03 9.0085E-03 1.2424E-02 1.4959E-02 9.5328E-03 1.0708E-02 1.3228E-02 1.7025E-02 2.1263E-02 2.0177E-02 1.8033E-02 2.1521E-02 2.5549E-02 2.6944E-02 2.3191E-02 2.7259E-02 2.5634E-02 3.1446E-02 4.1211E-02 5.9675E-02 5.3838E-02 4.4757E-02 4.3402E-02 3.7545E-02 3.1551E-02 2.6958E-02 2.3503E-02 2.0703E-02 1.8237E-02 1.6158E-02 1.4242E-02 1.3503E-02 1.2848E-02 1.2222E-02
3.3370E-03 4.0551E-03 4.6754E-03 5.1666E-03 5.5787E-03 5.9423E-03 6.2670E-03 6.5209E-03 8.4950E-03 1.0601E-02 1.2339E-02 1.2336E-02 1.0954E-02 9.3462E-03 7.6252E-03 7.6948E-03 7.7390E-03 8.2249E-03 1.0324E-02 1.2296E-02 1.3767E-02 1.4290E-02 1.3587E-02 1.1920E-02 9.9392E-03 1.0285E-02 1.5294E-02 1.5193E-02 1.1312E-02 1.3731E-02 1.4714E-02 2.2598E-02 2.4609E-02 2.0040E-02 2.1301E-02 2.5746E-02 2.7892E-02 2.4779E-02 2.8722E-02 2.8062E-02 3.3219E-02 4.5920E-02 6.4054E-02 5.4332E-02 4.8373E-02 4.5633E-02 3.8604E-02 3.1958E-02 2.7153E-02 2.4804E-02 2.2193E-02 1.8892E-02 1.6078E-02 1.4981E-02 1.4145E-02 1.3386E-02 1.2615E-02
3.3902E-03 4.1371E-03 4.7944E-03 5.3296E-03 5.7939E-03 6.2143E-03 6.6028E-03 6.9283E-03 7.1762E-03 7.3931E-03 1.0049E-02 1.3048E-02 1.4427E-02 1.4101E-02 1.1895E-02 8.8445E-03 8.5398E-03 8.6190E-03 8.6625E-03 1.0822E-02 1.2848E-02 1.4671E-02 1.4647E-02 1.4021E-02 1.2449E-02 1.1514E-02 1.2225E-02 1.8136E-02 1.5627E-02 1.3223E-02 1.4147E-02 2.1777E-02 2.8563E-02 2.5066E-02 2.1962E-02 2.6364E-02 2.9837E-02 2.7469E-02 2.9496E-02 2.9833E-02 3.4869E-02 5.2785E-02 7.0227E-02 5.5403E-02 5.2229E-02 4.7287E-02 3.9199E-02 3.2382E-02 2.9160E-02 2.7503E-02 2.2958E-02 1.9302E-02 1.6845E-02 1.5767E-02 1.4792E-02 1.3870E-02 1.2883E-02
3.3331E-03 4.0948E-03 4.7838E-03 5.3663E-03 5.8859E-03 6.3647E-03 6.8208E-03 7.2286E-03 7.5661E-03 7.8552E-03 8.1201E-03 8.3662E-03 1.2317E-02 1.5782E-02 1.5960E-02 1.3324E-02 1.0334E-02 9.5399E-03 9.6228E-03 9.6491E-03 1.0913E-02 1.2909E-02 1.4442E-02 1.5226E-02 1.4955E-02 1.3402E-02 1.3941E-02 1.5462E-02 1.9274E-02 1.6520E-02 1.4222E-02 1.6624E-02 2.7620E-02 2.9001E-02 2.5150E-02 2.7696E-02 3.1405E-02 3.0850E-02 3.0055E-02 3.3929E-02 3.4275E-02 5.9509E-02 7.6519E-02 5.6975E-02 5.6453E-02 4.8497E-02 3.9481E-02 3.2641E-02 3.1754E-02 2.8252E-02 2.2136E-02 1.9326E-02 1.7822E-02 1.6567E-02 1.5385E-02 1.4203E-02 1.2908E-02
3.1488E-03 3.9022E-03 4.6051E-03 5.2241E-03 5.7895E-03 6.3208E-03 6.8420E-03 7.3326E-03 7.7663E-03 8.1444E-03 8.4883E-03 8.8113E-03 9.1159E-03 9.7264E-03 1.3332E-02 1.4921E-02 1.4485E-02 1.1962E-02 1.0552E-02 1.0628E-02 1.0671E-02 1.0707E-02 1.2814E-02 1.5013E-02 1.6437E-02 1.6067E-02 1.5500E-02 1.7434E-02 1.8752E-02 2.3726E-02 1.7126E-02 1.4327E-02 2.1276E-02 2.9791E-02 2.8620E-02 2.9030E-02 3.1950E-02 3.4249E-02 3.1217E-02 3.9852E-02 3.8762E-02 6.6419E-02 8.2156E-02 6.0368E-02 6.0753E-02 4.9112E-02 4.0602E-02 3.3534E-02 3.1235E-02 2.6029E-02 2.2684E-02 2.0610E-02 1.8815E-02 1.7288E-02 1.5779E-02 1.4214E-02 1.2522E-02
2.8733E-03 3.6194E-03 4.3095E-03 4.8928E-03 5.4414E-03 6.0163E-03 6.5942E-03 7.1563E-03 7.6791E-03 8.1570E-03 8.6042E-03 9.0354E-03 9.4601E-03 9.8825E-03 1.0292E-02 1.0667E-02 1.3077E-02 1.5062E-02 1.5257E-02 1.3621E-02 1.1774E-02 1.1920E-02 1.2081E-02 1.3128E-02 1.5989E-02 1.7121E-02 1.6882E-02 1.9234E-02 2.1079E-02 2.1627E-02 2.3826E-02 1.6906E-02 1.6471E-02 2.8054E-02 3.5512E-02 3.4226E-02 3.3410E-02 3.7018E-02 3.4961E-02 4.5383E-02 4.6833E-02 7.4852E-02 8.8934E-02 6.8967E-02 6.4148E-02 5.5008E-02 4.5180E-02 3.4790E-02 3.0548E-02 2.7337E-02 2.4497E-02 2.1961E-02 1.9815E-02 1.7885E-02 1.5876E-02 1.3917E-02 1.2837E-02
2.8559E-03 3.5915E-03 4.2730E-03 4.8510E-03 5.3204E-03 5.7319E-03 6.0528E-03 6.6329E-03 7.2315E-03 7.8126E-03 8.3760E-03 8.9355E-03 9.5046E-03 1.0082E-02 1.0645E-02 1.1162E-02 1.1627E-02 1.2030E-02 1.4201E-02 1.8016E-02 1.7924E-02 1.3170E-02 1.3451E-02 1.4138E-02 1.4097E-02 1.5644E-02 1.8068E-02 2.0833E-02 2.3274E-02 2.4479E-02 2.3466E-02 2.5123E-02 1.7362E-02 2.1073E-02 3.9086E-02 3.8147E-02 3.5476E-02 4.0614E-02 3.9135E-02 5.2147E-02 5.6338E-02 8.3329E-02 9.5950E-02 7.9880E-02 7.3898E-02 6.4734E-02 5.0145E-02 3.6959E-02 3.3847E-02 3.0124E-02 2.6484E-02 2.3411E-02 2.0761E-02 1.8200E-02 1.7041E-02 1.5399E-02 1.3438E-02
2.8337E-03 3.5486E-03 4.2088E-03 4.7762E-03 5.2490E-03 5.6643E-03 6.0030E-03 6.3020E-03 6.5972E-03 7.0916E-03 7.7622E-03 8.4426E-03 9.1440E-03 9.8733E-03 1.0604E-02 1.1298E-02 1.1938E-02 1.2526E-02 1.3051E-02 1.3961E-02 1.9687E-02 2.0915E-02 1.6755E-02 1.5363E-02 1.5875E-02 1.6318E-02 1.9117E-02 2.2307E-02 2.5437E-02 2.7457E-02 2.7033E-02 2.3530E-02 2.2141E-02 1.8900E-02 2.9388E-02 3.9990E-02 4.5906E-02 4.0588E-02 4.2625E-02 5.9961E-02 6.6961E-02 9.5430E-02 1.0512E-01 9.4931E-02 9.0908E-02 7.4935E-02 5.4217E-02 4.2951E-02 3.8863E-02 3.3684E-02 2.8946E-02 2.4996E-02 2.1446E-02 1.9049E-02 1.8132E-02 1.5732E-02 1.4260E-02
2.8261E-03 3.5268E-03 4.1706E-03 4.7341E-03 5.2200E-03 5.6431E-03 5.9905E-03 6.3081E-03 6.6348E-03 6.9961E-03 7.3622E-03 7.6998E-03 8.2867E-03 9.1153E-03 9.9812E-03 1.0857E-02 1.1715E-02 1.2564E-02 1.3392E-02 1.4257E-02 1.6180E-02 1.6904E-02 2.0810E-02 2.0583E-02 1.7683E-02 1.8376E-02 2.0078E-02 2.3689E-02 2.7564E-02 3.0573E-02 3.1063E-02 2.7917E-02 2.2311E-02 2.0600E-02 2.0889E-02 3.5679E-02 5.4139E-02 4.4092E-02 4.7681E-02 6.9760E-02 8.0514E-02 1.1602E-01 1.1717E-01 1.2059E-01 1.1033E-01 8.3172E-02 5.6110E-02 5.1125E-02 4.5565E-02 3.8676E-02 3.2260E-02 2.6605E-02 2.1454E-02 1.9499E-02 1.7453E-02 1.4739E-02 1.5153E-02
2.8204E-03 3.5305E-03 4.1827E-03 4.7593E-03 5.2671E-03 5.7051E-03 6.0547E-03 6.3659E-03 6.6877E-03 7.0143E-03 7.3028E-03 7.5690E-03 7.6913E-03 7.7907E-03 8.7063E-03 9.6995E-03 1.0753E-02 1.1881E-02 1.3061E-02 1.4347E-02 1.5622E-02 1.6752E-02 1.7708E-02 1.8560E-02 2.4697E-02 2.1102E-02 2.1174E-02 2.4828E-02 2.9320E-02 3.3422E-02 3.5285E-02 3.3181E-02 2.6933E-02 2.4090E-02 2.2994E-02 2.8020E-02 5.2507E-02 4.5723E-02 5.2106E-02 7.8542E-02 9.6656E-02 1.3418E-01 1.4638E-01 1.4950E-01 1.2744E-01 8.5853E-02 6.2397E-02 6.0129E-02 5.3001E-02 4.4309E-02 3.5575E-02 2.7344E-02 2.2350E-02 1.9022E-02 1.6886E-02 1.6698E-02 1.7264E-02
2.8645E-03 3.6054E-03 4.2835E-03 4.8758E-03 5.3920E-03 5.8341E-03 6.1867E-03 6.4795E-03 6.7515E-03 6.9979E-03 7.1978E-03 7.4063E-03 7.5414E-03 7.6440E-03 8.1675E-03 8.6784E-03 9.0728E-03 1.0319E-02 1.1769E-02 1.3424E-02 1.5147E-02 1.6775E-02 1.8278E-02 1.9640E-02 2.0922E-02 2.2932E-02 2.7512E-02 2.5163E-02 2.9719E-02 3.4578E-02 3.8083E-02 3.8567E-02 3.3263E-02 2.9802E-02 3.1340E-02 2.6709E-02 4.4257E-02 5.1427E-02 5.8770E-02 8.7225E-02 1.1470E-01 1.5199E-01 1.8435E-01 1.8379E-01 1.3741E-01 8.2309E-02 7.5172E-02 6.8620E-02 5.9265E-02 4.7846E-02 3.6200E-02 2.7541E-02 2.2810E-02 2.0029E-02 1.9629E-02 1.9294E-02 1.9169E-02
2.9803E-03 3.7741E-03 4.4971E-03 5.1158E-03 5.6344E-03 6.0656E-03 6.4133E-03 6.6827E-03 6.8884E-03 7.0440E-03 7.1672E-03 7.3231E-03 7.4622E-03 7.9444E-03 8.7019E-03 9.3022E-03 9.7659E-03 1.0146E-02 1.0516E-02 1.1302E-02 1.3258E-02 1.5236E-02 1.7224E-02 1.9223E-02 2.1328E-02 2.3768E-02 2.6236E-02 2.7588E-02 2.7941E-02 3.2612E-02 3.7354E-02 4.0381E-02 3.9641E-02 3.5169E-02 3.8522E-02 3.5098E-02 3.4421E-02 5.8788E-02 6.6051E-02 8.5368E-02 1.3428E-01 2.0554E-01 2.2369E-01 2.1533E-01 1.3082E-01 9.4736E-02 9.0465E-02 7.8289E-02 6.4045E-02 4.6866E-02 3.1840E-02 2.5654E-02 2.3466E-02 2.3405E-02 2.2493E-02 2.1411E-02 2.0374E-02
3.2310E-03 4.1083E-03 4.8998E-03 5.5628E-03 6.0933E-03 6.5129E-03 6.8421E-03 7.0847E-03 7.2440E-03 7.3374E-03 7.4044E-03 7.4971E-03 7.5701E-03 8.3665E-03 9.2294E-03 9.9259E-03 1.0466E-02 1.0898E-02 1.1295E-02 1.1721E-02 1.2267E-02 1.3000E-02 1.3978E-02 1.6296E-02 1.9374E-02 2.3412E-02 2.7226E-02 2.9360E-02 3.0630E-02 3.2350E-02 3.4691E-02 3.8663E-02 4.3519E-02 4.4529E-02 3.9642E-02 4.3698E-02 3.5560E-02 5.3038E-02 7.0622E-02 7.3967E-02 1.4944E-01 2.2939E-01 2.5326E-01 2.1286E-01 1.1060E-01 1.1076E-01 1.0355E-01 8.8086E-02 6.4224E-02 3.9579E-02 3.0720E-02 2.8231E-02 2.8704E-02 2.6973E-02 2.4942E-02 2.2620E-02 2.0615E-02
3.6105E-03 4.6016E-03 5.4872E-03 6.2201E-03 6.7982E-03 7.2405E-03 7.5620E-03 7.7856E-03 7.9313E-03 7.9868E-03 7.9841E-03 7.9823E-03 7.9381E-03 8.7438E-03 9.7127E-03 1.0510E-02 1.1132E-02 1.1623E-02 1.2055E-02 1.2491E-02 1.3019E-02 1.3695E-02 1.4547E-02 1.5582E-02 1.6745E-02 1.8759E-02 2.4102E-02 2.7892E-02 3.2583E-02 3.6632E-02 4.0586E-02 4.4030E-02 4.9221E-02 5.1990E-02 5.4614E-02 5.0363E-02 5.5725E-02 4.6452E-02 1.0305E-01 1.0041E-01 1.8401E-01 2.7743E-01 2.9876E-01 1.9038E-01 1.3498E-01 1.3385E-01 1.1919E-01 8.7050E-02 5.2565E-02 4.2701E-02 3.6140E-02 3.3241E-02 3.0794E-02 2.8430E-02 2.7523E-02 2.6167E-02 2.6048E-02
4.0662E-03 5.1963E-03 6.2038E-03 7.0300E-03 7.6775E-03 8.1627E-03 8.4955E-03 8.7259E-03 8.8760E-03 8.9413E-03 8.9250E-03 8.8628E-03 8.7370E-03 9.0544E-03 1.0126E-02 1.1024E-02 1.1735E-02 1.2294E-02 1.2768E-02 1.3221E-02 1.3731E-02 1.4340E-02 1.5057E-02 1.5862E-02 1.6674E-02 1.7357E-02 1.7697E-02 1.8582E-02 2.6417E-02 3.5017E-02 4.2586E-02 4.9553E-02 5.6307E-02 5.9849E-02 6.7848E-02 7.2748E-02 7.6046E-02 7.6331E-02 7.1257E-02 1.3379E-01 2.1026E-01 3.6288E-01 3.4795E-01 1.8133E-01 1.6640E-01 1.6106E-01 1.1611E-01 6.4132E-02 5.1940E-02 4.9307E-02 4.2791E-02 4.5388E-02 4.5665E-02 4.3286E-02 3.9135E-02 3.4738E-02 3.2425E-02
4.5677E-03 5.8560E-03 7.0149E-03 7.9535E-03 8.6666E-03 9.1917E-03 9.5611E-03 9.8397E-03 1.0025E-02 1.0148E-02 1.0181E-02 1.0118E-02 9.9511E-03 9.7119E-03 1.0468E-02 1.1470E-02 1.2277E-02 1.2915E-02 1.3442E-02 1.3918E-02 1.4411E-02 1.4953E-02 1.5547E-02 1.6155E-02 1.6685E-02 1.7037E-02 1.7050E-02 1.6904E-02 1.8185E-02 2.0432E-02 3.1130E-02 4.0244E-02 5.1896E-02 6.5778E-02 8.2084E-02 9.4966E-02 1.0194E-01 1.2124E-01 1.3297E-01 2.3175E-01 2.7712E-01 4.4831E-01 3.9375E-01 2.1186E-01 1.9256E-01 1.4034E-01 7.7338E-02 6.7660E-02 7.1357E-02 7.7494E-02 7.4690E-02 7.0354E-02 6.5208E-02 5.7496E-02 4.9103E-02 4.1533E-02 3.6552E-02
5.0526E-03 6.5001E-03 7.8179E-03 8.8672E-03 9.6360E-03 1.0199E-02 1.0608E-02 1.0933E-02 1.1182E-02 1.1403E-02 1.1536E-02 1.1548E-02 1.1406E-02 1.1149E-02 1.0941E-02 1.1865E-02 1.2773E-02 1.3497E-02 1.4084E-02 1.4590E-02 1.5064E-02 1.5536E-02 1.6003E-02 1.6428E-02 1.6769E-02 1.7001E-02 1.6950E-02 1.7222E-02 1.9433E-02 2.1002E-02 2.2039E-02 2.3515E-02 2.6798E-02 4.6158E-02 6.8256E-02 9.3422E-02 1.2448E-01 1.5399E-01 2.3814E-01 3.1358E-01 4.4491E-01 5.7418E-01 4.0229E-01 2.7951E-01 1.8644E-01 1.1053E-01 9.9302E-02 1.3976E-01 1.5129E-01 1.3750E-01 1.1556E-01 9.1772E-02 7.3874E-02 5.9812E-02 4.6828E-02 3.7386E-02 3.1454E-02
5.4563E-03 7.0326E-03 8.4736E-03 9.5976E-03 1.0406E-02 1.1006E-02 1.1457E-02 1.1822E-02 1.2144E-02 1.2477E-02 1.2727E-02 1.2820E-02 1.2704E-02 1.2465E-02 1.2337E-02 1.2587E-02 1.3236E-02 1.4047E-02 1.4697E-02 1.5241E-02 1.5715E-02 1.6139E-02 1.6492E-02 1.6736E-02 1.6903E-02 1.7074E-02 1.7114E-02 1.6911E-02 1.7716E-02 1.9127E-02 2.2155E-02 2.3570E-02 2.7614E-02 3.5333E-02 4.7920E-02 6.0225E-02 8.4595E-02 1.4454E-01 2.5123E-01 4.9823E-01 4.6314E-01 7.6508E-01 4.1351E-01 3.8312E-01 1.7136E-01 2.1786E-01 2.2804E-01 2.0724E-01 1.7902E-01 1.3634E-01 9.6904E-02 6.7109E-02 4.9676E-02 3.8730E-02 2.9307E-02 2.3156E-02 2.1043E-02
5.7624E-03 7.4141E-03 8.9070E-03 1.0048E-02 1.0867E-02 1.1483E-02 1.1974E-02 1.2369E-02 1.2739E-02 1.3139E-02 1.3442E-02 1.3532E-02 1.3356E-02 1.3074E-02 1.2991E-02 1.3318E-02 1.3898E-02 1.4561E-02 1.5274E-02 1.5860E-02 1.6352E-02 1.6772E-02 1.7086E-02 1.7331E-02 1.7641E-02 1.8260E-02 1.8668E-02 1.9340E-02 2.2817E-02 2.2117E-02 2.6027E-02 3.2242E-02 3.4563E-02 4.5486E-02 6.4144E-02 9.7255E-02 1.3961E-01 2.3224E-01 3.0142E-01 3.2831E-01 7.3310E-01 1.1360E+00 3.7663E-01 3.8732E-01 3.0023E-01 1.4744E-01 1.1351E-01 9.0494E-02 9.0301E-02 7.3040E-02 5.6900E-02 4.5902E-02 3.4270E-02 2.9778E-02 2.4444E-02 1.9650E-02 2.0226E-02
5.9035E-03 7.5837E-03 9.0926E-03 1.0242E-02 1.1049E-02 1.1634E-02 1.2124E-02 1.2524E-02 1.2905E-02 1.3305E-02 1.3591E-02 1.3635E-02 1.3370E-02 1.2972E-02 1.2799E-02 1.3029E-02 1.4043E-02 1.5022E-02 1.5794E-02 1.6418E-02 1.6941E-02 1.7402E-02 1.7789E-02 1.8076E-02 1.8701E-02 1.8883E-02 2.0597E-02 1.9620E-02 2.0260E-02 2.3263E-02 2.3142E-02 2.8589E-02 2.8278E-02 3.4750E-02 4.4733E-02 5.9035E-02 7.9246E-02 1.3471E-01 3.1329E-01 3.8204E-01 9.4630E-01 1.1225E+00 5.0879E-01 5.5455E-01 3.3345E-01 1.6561E-01 9.3229E-02 6.5595E-02 5.3131E-02 4.1969E-02 3.3379E-02 2.7489E-02 2.7190E-02 2.2140E-02 2.0488E-02 1.9691E-02 2.0637E-02
5.8518E-03 7.5317E-03 9.0318E-03 1.0172E-02 1.0941E-02 1.1444E-02 1.1861E-02 1.2226E-02 1.2613E-02 1.2984E-02 1.3200E-02 1.3183E-02 1.2874E-02 1.2400E-02 1.2055E-02 1.3075E-02 1.4373E-02 1.5437E-02 1.6272E-02 1.6933E-02 1.7484E-02 1.7991E-02 1.8518E-02 1.9076E-02 1.9735E-02 2.0362E-02 2.0460E-02 2.0108E-02 2.0169E-02 2.0930E-02 2.2591E-02 2.5585E-02 3.0051E-02 3.6574E-02 5.0281E-02 6.3881E-02 1.0723E-01 1.1155E-01 2.3776E-01 4.4536E-01 6.1423E-01 5.6775E-01 5.4867E-01 3.1208E-01 1.7265E-01 1.6554E-01 1.2812E-01 9.1369E-02 6.7713E-02 4.9417E-02 3.7099E-02 3.0504E-02 2.5796E-02 2.5661E-02 2.4312E-02 2.2226E-02 2.4977E-02
5.6173E-03 7.2634E-03 8.7056E-03 9.7943E-03 1.0509E-02 1.0922E-02 1.1239E-02 1.1544E-02 1.1927E-02 1.2262E-02 1.2401E-02 1.2320E-02 1.1987E-02 1.1497E-02 1.1668E-02 1.3268E-02 1.4672E-02 1.5835E-02 1.6748E-02 1.7451E-02 1.8022E-02 1.8550E-02 1.9180E-02 1.9962E-02 2.0953E-02 2.1950E-02 2.2230E-02 2.1720E-02 2.1466E-02 2.1876E-02 2.3653E-02 2.8146E-02 3.7531E-02 5.0180E-02 6.1318E-02 4.1232E-02 4.9117E-02 1.3114E-01 1.9695E-01 3.6385E-01 4.2709E-01 4.3125E-01 3.2214E-01 3.6292E-01 3.0350E-01 1.3545E-01 8.7729E-02 1.0276E-01 9.8440E-02 8.0592E-02 6.1599E-02 4.8129E-02 3.8137E-02 3.0708E-02 2.5660E-02 2.1535E-02 1.8852E-02
5.2277E-03 6.7932E-03 8.1550E-03 9.1714E-03 9.8128E-03 1.0142E-02 1.0356E-02 1.0572E-02 1.0888E-02 1.1165E-02 1.1272E-02 1.1174E-02 1.0823E-02 1.0293E-02 1.1719E-02 1.3422E-02 1.4942E-02 1.6217E-02 1.7227E-02 1.7988E-02 1.8583E-02 1.9110E-02 1.9745E-02 2.0549E-02 2.1562E-02 2.2652E-02 2.2856E-02 2.1657E-02 2.0487E-02 2.8448E-02 3.6092E-02 4.4641E-02 4.3781E-02 2.1060E-02 2.7366E-02 3.5760E-02 6.1108E-02 5.7056E-02 9.3964E-02 2.1391E-01 2.1877E-01 2.0727E-01 1.6270E-01 1.9076E-01 2.6209E-01 2.6211E-01 1.5350E-01 8.2650E-02 5.5487E-02 6.6090E-02 6.4294E-02 5.6848E-02 4.7966E-02 3.9693E-02 3.3629E-02 2.8536E-02 2.4776E-02
4.7096E-03 6.1528E-03 7.4069E-03 8.3281E-03 8.9026E-03 9.1810E-03 9.3109E-03 9.4269E-03 9.6154E-03 9.7760E-03 9.8329E-03 9.6913E-03 9.2910E-03 9.8425E-03 1.1724E-02 1.3531E-02 1.5169E-02 1.6557E-02 1.7666E-02 1.8497E-02 1.9124E-02 1.9628E-02 2.0142E-02 2.0679E-02 2.1194E-02 2.1557E-02 2.0905E-02 1.9025E-02 2.9152E-02 3.8252E-02 3.7042E-02 1.7746E-02 1.6905E-02 2.0448E-02 2.8184E-02 3.6927E-02 3.5323E-02 4.6913E-02 9.4284E-02 1.0334E-01 1.2377E-01 1.2881E-01 1.3365E-01 1.3988E-01 1.2290E-01 2.0082E-01 2.1473E-01 1.4771E-01 9.0498E-02 5.2921E-02 3.8521E-02 4.3142E-02 4.2445E-02 3.9105E-02 3.5657E-02 3.2304E-02 2.9319E-02
4.1957E-03 5.5049E-03 6.6231E-03 7.4232E-03 7.9209E-03 8.1516E-03 8.2149E-03 8.2453E-03 8.2942E-03 8.3157E-03 8.2945E-03 8.0902E-03 7.8074E-03 9.6734E-03 1.1630E-02 1.3533E-02 1.5280E-02 1.6768E-02 1.7961E-02 1.8848E-02 1.9486E-02 1.9922E-02 2.0193E-02 2.0215E-02 1.9825E-02 2.0473E-02 2.5475E-02 2.8203E-02 2.6841E-02 1.1626E-02 1.1806E-02 1.4491E-02 1.8126E-02 2.0364E-02 2.0861E-02 3.4745E-02 2.4836E-02 5.4362E-02 5.7856E-02 9.5507E-02 8.3934E-02 9.9772E-02 1.0956E-01 9.2206E-02 1.1595E-01 1.0794E-01 1.5376E-01 1.6471E-01 1.2376E-01 8.0119E-02 4.9967E-02 3.0852E-02 2.7837E-02 2.9285E-02 2.9657E-02 2.9470E-02 2.8526E-02
