20231023_webinar_progetto_murano/data_input/grd_f3_sc_3/Percentile_24h.grd
DSAA
          81           81
 760250.0000  764250.0000
5036750.0000 5040750.0000
  0.3196E-03   0.7062E+00
[rows 0 to 24 of 81, columns 0 to 56 of 81]
4.9861E-04 5.9956E-04 7.8341E-04 7.9607E-04 8.3093E-04 8.6422E-04 8.6265E-04 8.7435E-04 8.9339E-04 9.1650E-04 9.6226E-04 9.8240E-04 9.9958E-04 1.0279E-03 1.1137E-03 1.2775E-03 1.3569E-03 1.4149E-03 1.5466E-03 1.5938E-03 1.5212E-03 1.3855E-03 1.4192E-03 1.3890E-03 1.4366E-03 1.4768E-03 1.4900E-03 1.5379E-03 1.5930E-03 1.6366E-03 1.5658E-03 1.6605E-03 1.6470E-03 2.1353E-03 2.3255E-03 2.3414E-03 2.3626E-03 2.3460E-03 2.2724E-03 2.5184E-03 2.5905E-03 2.6569E-03 2.5987E-03 3.3170E-03 3.3935E-03 3.2858E-03 3.3922E-03 3.0048E-03 2.7009E-03 2.5372E-03 2.3102E-03 2.2713E-03 2.7257E-03 2.8484E-03 2.6147E-03 2.4455E-03 2.1190E-03
6.0331E-04 8.1062E-04 8.9788E-04 1.0445E-03 1.0228E-03 1.0278E-03 1.0639E-03 1.0959E-03 1.1435E-03 1.1096E-03 1.1780E-03 1.2285E-03 1.2323E-03 1.2444E-03 1.3477E-03 1.5402E-03 1.6322E-03 1.7230E-03 1.8072E-03 1.9188E-03 2.0136E-03 1.8677E-03 1.7942E-03 1.8266E-03 1.7772E-03 1.7905E-03 1.8735E-03 1.8824E-03 1.9566E-03 2.0321E-03 2.0664E-03 2.0521E-03 2.1699E-03 2.6510E-03 2.8737E-03 2.9095E-03 3.0413E-03 3.2175E-03 2.9414E-03 3.3514E-03 3.4222E-03 3.4000E-03 3.3412E-03 4.0836E-03 4.3445E-03 3.9420E-03 4.0807E-03 3.8105E-03 3.4454E-03 3.0905E-03 2.8645E-03 2.8641E-03 3.4132E-03 3.4458E-03 3.2407E-03 2.8356E-03 2.4896E-03
6.7929E-04 8.7849E-04 1.0974E-03 1.2886E-03 1.2504E-03 1.1961E-03 1.2198E-03 1.2571E-03 1.2839E-03 1.3226E-03 1.3215E-03 1.3700E-03 1.3686E-03 1.3975E-03 1.5228E-03 1.6922E-03 1.9058E-03 1.9760E-03 2.0693E-03 2.1940E-03 2.1728E-03 2.1846E-03 2.1301E-03 2.1287E-03 2.0606E-03 2.0925E-03 2.1880E-03 2.2167E-03 2.3067E-03 2.3883E-03 2.4183E-03 2.3490E-03 2.7426E-03 3.0875E-03 3.3617E-03 3.4811E-03 3.6787E-03 3.8534E-03 3.5242E-03 4.1469E-03 4.0833E-03 4.0138E-03 4.0461E-03 4.7449E-03 4.9994E-03 4.5466E-03 4.7249E-03 4.5074E-03 3.9840E-03 3.6173E-03 3.3685E-03 3.4410E-03 4.0429E-03 4.0025E-03 3.7831E-03 3.3577E-03 3.0433E-03
8.2307E-04 1.0426E-03 1.1380E-03 1.3106E-03 1.4700E-03 1.3874E-03 1.3385E-03 1.3512E-03 1.4259E-03 1.4487E-03 1.4333E-03 1.4813E-03 1.5102E-03 1.5625E-03 1.6784E-03 1.7860E-03 2.0933E-03 2.2241E-03 2.1692E-03 2.3922E-03 2.4267E-03 2.5474E-03 2.4041E-03 2.3362E-03 2.2722E-03 2.3249E-03 2.3634E-03 2.4997E-03 2.5042E-03 2.6605E-03 2.7729E-03 2.7223E-03 2.9256E-03 3.3053E-03 3.6917E-03 4.0745E-03 4.2638E-03 4.3102E-03 3.9599E-03 4.5250E-03 4.5565E-03 4.5034E-03 4.6239E-03 5.3038E-03 5.6011E-03 5.0548E-03 5.2005E-03 4.9585E-03 4.4014E-03 3.9830E-03 3.7989E-03 4.0367E-03 4.6257E-03 4.5300E-03 4.2610E-03 3.7604E-03 3.6248E-03
9.4732E-04 1.0674E-03 1.2098E-03 1.3688E-03 1.4364E-03 1.5768E-03 1.4903E-03 1.4543E-03 1.5080E-03 1.5559E-03 1.5612E-03 1.5757E-03 1.6219E-03 1.7156E-03 1.8069E-03 1.8222E-03 2.0510E-03 2.2698E-03 2.4952E-03 2.4617E-03 2.6593E-03 2.7516E-03 2.6107E-03 2.5884E-03 2.4348E-03 2.5266E-03 2.5920E-03 2.7635E-03 2.7314E-03 2.9989E-03 3.0471E-03 3.1019E-03 3.1100E-03 3.5788E-03 3.7998E-03 4.2372E-03 4.7198E-03 4.3497E-03 4.3531E-03 4.5571E-03 4.8100E-03 4.8380E-03 5.3225E-03 5.9407E-03 6.1289E-03 5.5381E-03 5.7496E-03 5.3047E-03 4.8315E-03 4.3096E-03 4.1692E-03 4.5959E-03 5.2088E-03 4.8640E-03 4.6769E-03 4.1083E-03 4.0943E-03
9.2760E-04 1.1956E-03 1.4964E-03 1.3600E-03 1.4086E-03 1.5417E-03 1.6323E-03 1.6101E-03 1.6497E-03 1.6203E-03 1.6104E-03 1.6385E-03 1.7074E-03 1.7790E-03 1.8142E-03 1.8475E-03 2.0557E-03 2.2941E-03 2.4712E-03 2.5940E-03 2.8085E-03 2.8978E-03 2.7849E-03 2.7089E-03 2.6650E-03 2.7293E-03 2.7841E-03 2.7985E-03 2.9753E-03 3.3020E-03 3.3101E-03 3.3738E-03 3.3821E-03 3.7988E-03 4.0976E-03 4.2272E-03 5.0380E-03 4.8638E-03 4.7065E-03 4.7512E-03 4.9477E-03 5.1962E-03 5.7535E-03 6.5080E-03 6.5820E-03 6.0700E-03 6.1958E-03 5.6781E-03 5.1884E-03 4.6233E-03 4.4916E-03 5.1994E-03 5.5859E-03 5.3419E-03 5.0250E-03 4.4381E-03 4.3107E-03
1.0032E-03 1.2116E-03 1.3514E-03 1.5451E-03 1.5130E-03 1.5412E-03 1.6301E-03 1.7351E-03 1.7481E-03 1.6945E-03 1.6751E-03 1.6715E-03 1.7821E-03 1.8355E-03 1.9179E-03 1.9307E-03 1.9777E-03 2.3239E-03 2.5074E-03 2.6757E-03 2.8095E-03 3.0025E-03 3.1038E-03 2.7595E-03 2.8772E-03 2.9322E-03 2.9366E-03 3.1205E-03 3.2786E-03 3.5394E-03 3.5003E-03 3.6691E-03 3.6074E-03 3.9834E-03 4.4183E-03 4.4906E-03 5.2167E-03 5.1574E-03 4.8017E-03 5.0207E-03 5.3223E-03 5.5317E-03 6.1216E-03 7.2294E-03 6.9777E-03 6.5604E-03 6.6006E-03 6.0806E-03 5.4536E-03 4.9502E-03 4.9951E-03 5.7616E-03 5.9498E-03 5.9682E-03 4.6614E-03 4.7384E-03 4.4754E-03
1.0529E-03 1.3220E-03 1.4417E-03 1.5548E-03 1.6144E-03 1.6303E-03 1.7044E-03 1.7750E-03 1.8262E-03 1.8071E-03 1.7265E-03 1.7437E-03 1.7724E-03 1.8539E-03 1.9389E-03 1.9935E-03 2.0425E-03 2.1746E-03 2.4451E-03 2.7001E-03 2.9052E-03 3.0774E-03 3.2000E-03 2.7858E-03 2.9774E-03 3.0342E-03 3.3215E-03 3.3290E-03 3.3138E-03 3.4688E-03 3.7523E-03 3.9276E-03 3.8610E-03 4.0854E-03 4.7894E-03 4.7603E-03 5.4235E-03 5.3043E-03 5.0261E-03 5.3500E-03 5.5082E-03 5.8444E-03 6.4578E-03 7.5363E-03 7.3363E-03 7.0138E-03 6.9833E-03 6.3285E-03 5.6884E-03 5.4472E-03 5.5955E-03 6.3492E-03 6.1530E-03 6.2721E-03 4.9584E-03 4.9732E-03 4.7348E-03
1.0613E-03 1.3463E-03 1.4652E-03 1.5812E-03 1.6616E-03 1.6847E-03 1.7669E-03 1.8392E-03 1.8918E-03 1.9270E-03 1.8562E-03 1.8217E-03 1.8302E-03 1.8549E-03 1.8844E-03 1.9806E-03 2.1064E-03 2.1676E-03 2.4474E-03 2.6127E-03 2.8688E-03 3.1315E-03 3.2578E-03 3.2750E-03 2.9671E-03 3.2193E-03 3.5011E-03 3.5855E-03 3.6830E-03 3.7239E-03 3.9906E-03 4.0135E-03 4.1400E-03 4.0589E-03 5.0226E-03 5.1232E-03 5.6566E-03 5.2901E-03 5.5041E-03 5.6480E-03 5.7150E-03 6.0967E-03 6.8070E-03 7.9379E-03 7.6633E-03 7.4409E-03 7.3423E-03 6.6737E-03 5.9525E-03 5.9097E-03 6.1849E-03 6.8849E-03 6.3154E-03 6.5158E-03 5.2465E-03 5.0898E-03 5.0927E-03
1.1060E-03 1.3314E-03 1.4986E-03 1.6511E-03 1.7986E-03 1.8361E-03 1.8233E-03 1.8945E-03 1.8408E-03 1.9841E-03 2.0047E-03 1.9469E-03 1.9000E-03 1.8984E-03 1.9051E-03 1.8919E-03 2.0360E-03 2.2151E-03 2.3042E-03 2.5716E-03 2.8659E-03 3.1525E-03 3.2229E-03 3.3895E-03 3.0052E-03 3.3297E-03 3.5617E-03 3.8111E-03 3.8145E-03 3.8135E-03 4.0337E-03 4.2203E-03 4.3433E-03 4.4107E-03 4.8232E-03 5.4828E-03 5.7012E-03 5.6047E-03 5.9004E-03 5.9632E-03 6.0132E-03 6.2928E-03 7.2274E-03 8.4786E-03 7.9827E-03 7.9583E-03 7.4789E-03 6.8831E-03 6.2554E-03 6.1752E-03 6.9229E-03 7.2796E-03 6.6687E-03 5.6582E-03 5.5333E-03 5.3057E-03 5.5072E-03
1.1086E-03 1.4478E-03 1.6022E-03 1.6291E-03 1.9077E-03 1.9326E-03 1.9213E-03 1.9434E-03 1.9675E-03 2.0340E-03 2.1860E-03 2.0721E-03 1.9965E-03 1.9400E-03 1.9422E-03 1.9382E-03 1.9687E-03 2.1665E-03 2.2219E-03 2.4940E-03 2.7811E-03 3.1945E-03 3.3832E-03 3.4694E-03 3.4115E-03 3.3889E-03 3.7011E-03 4.1533E-03 4.2820E-03 4.0953E-03 4.2108E-03 4.1094E-03 4.4170E-03 4.6232E-03 4.8245E-03 5.8464E-03 5.8153E-03 6.2247E-03 6.1907E-03 6.3510E-03 6.1927E-03 6.5202E-03 7.6928E-03 9.1427E-03 8.3054E-03 8.3426E-03 7.7038E-03 7.0920E-03 6.6246E-03 6.5307E-03 7.5844E-03 7.8491E-03 7.3399E-03 5.7213E-03 5.8264E-03 5.6358E-03 5.7010E-03
1.2311E-03 1.5237E-03 1.7562E-03 1.7707E-03 1.7467E-03 1.8925E-03 2.0136E-03 1.9892E-03 2.0461E-03 2.0840E-03 2.1057E-03 2.1974E-03 2.0990E-03 2.0444E-03 2.0023E-03 1.9672E-03 2.0006E-03 2.0845E-03 2.2705E-03 2.5004E-03 2.7219E-03 3.1308E-03 3.4507E-03 3.6112E-03 3.7252E-03 3.3905E-03 3.7839E-03 4.2907E-03 4.5409E-03 4.4540E-03 4.5387E-03 4.2460E-03 4.3494E-03 4.8135E-03 5.0671E-03 6.1346E-03 6.0329E-03 6.6843E-03 6.4279E-03 6.6477E-03 6.3817E-03 7.0454E-03 8.2428E-03 9.5263E-03 8.6370E-03 8.8665E-03 8.0986E-03 7.3590E-03 7.2584E-03 7.2193E-03 8.2023E-03 7.7873E-03 6.6582E-03 6.0174E-03 5.8757E-03 5.9588E-03 5.8747E-03
1.1977E-03 1.4037E-03 1.8086E-03 1.9546E-03 1.9447E-03 1.8489E-03 1.9528E-03 2.0722E-03 2.0922E-03 2.1320E-03 2.1545E-03 2.2269E-03 2.1873E-03 2.1538E-03 2.1040E-03 2.0821E-03 2.0376E-03 2.1062E-03 2.2805E-03 2.5104E-03 2.7010E-03 3.0233E-03 3.3898E-03 3.6682E-03 3.8609E-03 4.0721E-03 3.9613E-03 4.3893E-03 4.7832E-03 4.9424E-03 4.7400E-03 4.8013E-03 4.5783E-03 5.0028E-03 5.2621E-03 6.0762E-03 6.3164E-03 7.0012E-03 6.7750E-03 6.9314E-03 6.6173E-03 7.5708E-03 8.9535E-03 9.9311E-03 9.1529E-03 9.3964E-03 8.5545E-03 7.3812E-03 7.6104E-03 7.9648E-03 8.6813E-03 7.6969E-03 6.7276E-03 6.4105E-03 6.2087E-03 6.3559E-03 6.0492E-03
1.2795E-03 1.6177E-03 1.8492E-03 2.0182E-03 2.0537E-03 2.0615E-03 1.9135E-03 2.0356E-03 2.1345E-03 2.1761E-03 2.1199E-03 2.2054E-03 2.2509E-03 2.3100E-03 2.2353E-03 2.2351E-03 2.2230E-03 2.1934E-03 2.2718E-03 2.5309E-03 2.6655E-03 2.8880E-03 3.3030E-03 3.7543E-03 3.9477E-03 4.3212E-03 3.9367E-03 4.5605E-03 5.0875E-03 5.4560E-03 4.9195E-03 5.0661E-03 4.9673E-03 5.2691E-03 5.5280E-03 6.3079E-03 6.6049E-03 6.9401E-03 7.1767E-03 7.4835E-03 7.0721E-03 8.1364E-03 9.7625E-03 1.0484E-02 9.7767E-03 9.1492E-03 8.9109E-03 7.9738E-03 7.8704E-03 8.7239E-03 9.1276E-03 7.7979E-03 6.7699E-03 6.5761E-03 6.6083E-03 6.6298E-03 6.0913E-03
1.1296E-03 1.5294E-03 1.8794E-03 2.0512E-03 2.1922E-03 2.0794E-03 2.0230E-03 1.9642E-03 2.1259E-03 2.2154E-03 2.2027E-03 2.1396E-03 2.2348E-03 2.4127E-03 2.5791E-03 2.4432E-03 2.4370E-03 2.4307E-03 2.4124E-03 2.5706E-03 2.8864E-03 2.8891E-03 3.2141E-03 3.7612E-03 4.1978E-03 4.4947E-03 4.1472E-03 4.5454E-03 5.3523E-03 5.7298E-03 5.5090E-03 5.2005E-03 5.1117E-03 5.4735E-03 5.7666E-03 6.3334E-03 6.9411E-03 7.3172E-03 7.6210E-03 8.0174E-03 7.5934E-03 8.8122E-03 1.0547E-02 1.1256E-02 1.0534E-02 9.6991E-03 9.3638E-03 8.4976E-03 8.3906E-03 9.6632E-03 9.0149E-03 7.8680E-03 7.1819E-03 7.0321E-03 7.0665E-03 6.8937E-03 5.8765E-03
1.1385E-03 1.3412E-03 1.6885E-03 2.0287E-03 2.1487E-03 2.3097E-03 2.3594E-03 2.1753E-03 2.0660E-03 2.1312E-03 2.2756E-03 2.2834E-03 2.2996E-03 2.2548E-03 2.5366E-03 2.9290E-03 2.8662E-03 2.6812E-03 2.6877E-03 2.7610E-03 2.9156E-03 3.2305E-03 3.3114E-03 3.7669E-03 4.3397E-03 4.7193E-03 5.2339E-03 4.5283E-03 5.4894E-03 5.9677E-03 6.1819E-03 5.4536E-03 5.5441E-03 5.7661E-03 6.0325E-03 6.3433E-03 7.5989E-03 7.7406E-03 8.1250E-03 8.5889E-03 8.1490E-03 9.6259E-03 1.1285E-02 1.1315E-02 1.1429E-02 1.0269E-02 9.6563E-03 9.1769E-03 9.1780E-03 1.0059E-02 9.0870E-03 7.9105E-03 7.4982E-03 7.5681E-03 7.6219E-03 6.6910E-03 6.0318E-03
1.0684E-03 1.3453E-03 1.6525E-03 1.8335E-03 2.0241E-03 2.3767E-03 2.4220E-03 2.5317E-03 2.3815E-03 2.1811E-03 2.3106E-03 2.3200E-03 2.3470E-03 2.3996E-03 2.4790E-03 2.7930E-03 3.2956E-03 3.0396E-03 2.9808E-03 3.0272E-03 3.1705E-03 3.3149E-03 3.4470E-03 3.8044E-03 4.3519E-03 4.9552E-03 5.3258E-03 4.9262E-03 5.5250E-03 6.3688E-03 6.8484E-03 6.2224E-03 5.9585E-03 6.0497E-03 6.5317E-03 6.7759E-03 8.3169E-03 8.2391E-03 8.7164E-03 8.7793E-03 8.8201E-03 1.0573E-02 1.2065E-02 1.1863E-02 1.1990E-02 1.0860E-02 9.7788E-03 9.7461E-03 9.9412E-03 1.0421E-02 8.8822E-03 7.9391E-03 8.2835E-03 8.4362E-03 7.6963E-03 6.4234E-03 5.9355E-03
1.0685E-03 1.3831E-03 1.5108E-03 1.6544E-03 2.0790E-03 2.2898E-03 2.4224E-03 2.6397E-03 2.7371E-03 2.6198E-03 2.4682E-03 2.3586E-03 2.3972E-03 2.5784E-03 2.5418E-03 2.7691E-03 3.1053E-03 3.5013E-03 3.4113E-03 3.4355E-03 3.4890E-03 3.6049E-03 3.6946E-03 3.8108E-03 4.3590E-03 4.9611E-03 5.6348E-03 6.0024E-03 5.5158E-03 6.2154E-03 7.0792E-03 7.0531E-03 6.3922E-03 6.2481E-03 7.0576E-03 7.0391E-03 8.4811E-03 8.8006E-03 8.7866E-03 8.7223E-03 9.5575E-03 1.1544E-02 1.2962E-02 1.2465E-02 1.2273E-02 1.1510E-02 1.0079E-02 1.0137E-02 1.0816E-02 1.0616E-02 8.8059E-03 8.7884E-03 9.1483E-03 9.0261E-03 7.4294E-03 6.7525E-03 6.1316E-03
1.0667E-03 1.2812E-03 1.4700E-03 1.8164E-03 1.8409E-03 2.0494E-03 2.3606E-03 2.7082E-03 2.7406E-03 2.9234E-03 2.8658E-03 2.8804E-03 2.6117E-03 2.6410E-03 2.7468E-03 2.8565E-03 3.0492E-03 3.3989E-03 3.7217E-03 3.7974E-03 3.8597E-03 3.8905E-03 3.9752E-03 3.9688E-03 4.2310E-03 4.8702E-03 5.5585E-03 6.5875E-03 5.9219E-03 6.6584E-03 7.3762E-03 7.6802E-03 6.7816E-03 6.5576E-03 7.1897E-03 7.7080E-03 8.4648E-03 9.4135E-03 9.5982E-03 9.1263E-03 1.0547E-02 1.2367E-02 1.3746E-02 1.3121E-02 1.2555E-02 1.2263E-02 1.1008E-02 1.0509E-02 1.1526E-02 1.0812E-02 9.5041E-03 9.8849E-03 1.0158E-02 8.8289E-03 7.2124E-03 6.8092E-03 6.4187E-03
1.1600E-03 1.4095E-03 1.5361E-03 1.7120E-03 1.8565E-03 2.1420E-03 2.1556E-03 2.6260E-03 2.8082E-03 2.8613E-03 3.0579E-03 3.1511E-03 3.0369E-03 2.9769E-03 2.9249E-03 3.1782E-03 3.3113E-03 3.3732E-03 3.8584E-03 4.1647E-03 4.1515E-03 3.9382E-03 4.2274E-03 4.2949E-03 4.4252E-03 4.8909E-03 5.5134E-03 6.4377E-03 7.5475E-03 6.3629E-03 7.3516E-03 7.6534E-03 7.8129E-03 7.1031E-03 7.0427E-03 8.4253E-03 8.7467E-03 1.0259E-02 1.0351E-02 9.6818E-03 1.0970E-02 1.3279E-02 1.4584E-02 1.4175E-02 1.2841E-02 1.2586E-02 1.1913E-02 1.1549E-02 1.2432E-02 1.0748E-02 1.0517E-02 1.0480E-02 9.5618E-03 8.5283E-03 7.5025E-03 7.4749E-03 6.8258E-03
1.2822E-03 1.6090E-03 1.7413E-03 1.8736E-03 2.0343E-03 2.1433E-03 2.1899E-03 2.4012E-03 2.9488E-03 2.9945E-03 3.1336E-03 3.3148E-03 3.3088E-03 3.2296E-03 3.1945E-03 3.3229E-03 3.6392E-03 3.4698E-03 3.8527E-03 4.2125E-03 4.4255E-03 4.3251E-03 4.2935E-03 4.7434E-03 4.7608E-03 4.4343E-03 5.5979E-03 6.3106E-03 7.4660E-03 7.3923E-03 7.4501E-03 8.6024E-03 7.7794E-03 7.6821E-03 7.5746E-03 9.1813E-03 9.5573E-03 1.0827E-02 1.0658E-02 1.0742E-02 1.2072E-02 1.4300E-02 1.5514E-02 1.5583E-02 1.3955E-02 1.2771E-02 1.2402E-02 1.2759E-02 1.2942E-02 1.0823E-02 1.0386E-02 9.8996E-03 8.8800E-03 8.1999E-03 7.8467E-03 7.6693E-03 7.2524E-03
1.3633E-03 1.7171E-03 1.9513E-03 2.0962E-03 2.1947E-03 2.3624E-03 2.4649E-03 2.5262E-03 2.7480E-03 2.6896E-03 2.9906E-03 3.4481E-03 3.4418E-03 3.9426E-03 3.6250E-03 3.4882E-03 3.6743E-03 3.7621E-03 3.7828E-03 3.8487E-03 4.1647E-03 4.2096E-03 4.6023E-03 4.6998E-03 4.8432E-03 4.5869E-03 5.4222E-03 6.3804E-03 7.1743E-03 8.2909E-03 7.2440E-03 8.9125E-03 8.3924E-03 7.8102E-03 7.9283E-03 9.2716E-03 1.0334E-02 1.0956E-02 1.0938E-02 1.1694E-02 1.2803E-02 1.5150E-02 1.6630E-02 1.6360E-02 1.5248E-02 1.3119E-02 1.3818E-02 1.3802E-02 1.3343E-02 1.1333E-02 9.9334E-03 9.3719E-03 8.7362E-03 7.9720E-03 8.2463E-03 7.7673E-03 6.6743E-03
1.3203E-03 1.7282E-03 1.9942E-03 2.3000E-03 2.5595E-03 2.5922E-03 2.6873E-03 2.8166E-03 2.8718E-03 2.9038E-03 3.0789E-03 3.5350E-03 3.6259E-03 3.6398E-03 4.3638E-03 3.9984E-03 4.0943E-03 3.9778E-03 4.3237E-03 4.3090E-03 4.3121E-03 4.7844E-03 4.5190E-03 4.6155E-03 4.9366E-03 5.2305E-03 5.1237E-03 6.1156E-03 7.4518E-03 8.0669E-03 7.4785E-03 8.6480E-03 1.0238E-02 8.1658E-03 8.5006E-03 8.9039E-03 1.1399E-02 1.1273E-02 1.1849E-02 1.2914E-02 1.4068E-02 1.5927E-02 1.8127E-02 1.6923E-02 1.6625E-02 1.4326E-02 1.4561E-02 1.4946E-02 1.2597E-02 1.1456E-02 1.0436E-02 9.8839E-03 9.2015E-03 8.3955E-03 8.3217E-03 8.0640E-03 6.9666E-03
1.1054E-03 1.6490E-03 2.0721E-03 2.1433E-03 2.4241E-03 2.8442E-03 3.0224E-03 3.0530E-03 3.1999E-03 3.2686E-03 3.2857E-03 3.4746E-03 3.7861E-03 3.8443E-03 3.9203E-03 4.4523E-03 4.4159E-03 4.5110E-03 4.4337E-03 4.7079E-03 4.6001E-03 4.5247E-03 4.7655E-03 4.9131E-03 5.1164E-03 5.4718E-03 5.3261E-03 5.8122E-03 7.1033E-03 8.3945E-03 9.1722E-03 8.4305E-03 1.0198E-02 9.7618E-03 9.8451E-03 9.3211E-03 1.1481E-02 1.1772E-02 1.3038E-02 1.3682E-02 1.5112E-02 1.7408E-02 1.9488E-02 1.8614E-02 1.8083E-02 1.5821E-02 1.5339E-02 1.6156E-02 1.3298E-02 1.1542E-02 1.1156E-02 1.0446E-02 9.4950E-03 9.0131E-03 8.6299E-03 7.3038E-03 7.3231E-03
9.9791E-04 1.2565E-03 1.6207E-03 2.1759E-03 2.3093E-03 2.5523E-03 2.8851E-03 3.3292E-03 3.4154E-03 3.5532E-03 3.6927E-03 3.8090E-03 3.8683E-03 4.0260E-03 4.1471E-03 4.2823E-03 4.4275E-03 4.5983E-03 4.7977E-03 4.8252E-03 4.8841E-03 4.9214E-03 5.0601E-03 5.3723E-03 5.7395E-03 5.6275E-03 6.0550E-03 6.1544E-03 6.9915E-03 8.1379E-03 9.2631E-03 8.6250E-03 1.0064E-02 1.1517E-02 1.0671E-02 9.9823E-03 1.1860E-02 1.2906E-02 1.3705E-02 1.4876E-02 1.6317E-02 1.8003E-02 2.1508E-02 2.0717E-02 1.9682E-02 1.7458E-02 1.7039E-02 1.6136E-02 1.4394E-02 1.2648E-02 1.2095E-02 1.0794E-02 9.8230E-03 9.7415E-03 8.3739E-03 8.2124E-03 7.1401E-03
