20231023_webinar_progetto_murano/data_input/grd_f3_sc_3/Percentile_24h.grd
DSAA
          81           81
 760250.0000  764250.0000
5036750.0000 5040750.0000
  0.3196E-03   0.7062E+00
[rows 25 to 49 of 81, columns 0 to 56 of 81]
8.6925E-04 1.1862E-03 1.4422E-03 1.7576E-03 2.0921E-03 2.4543E-03 2.8400E-03 3.2230E-03 3.5766E-03 3.8042E-03 3.6995E-03 3.9503E-03 4.0262E-03 4.1981E-03 4.4907E-03 4.5589E-03 4.7456E-03 4.8626E-03 5.1724E-03 5.3080E-03 5.4320E-03 5.5364E-03 5.6020E-03 5.6284E-03 6.5823E-03 6.2512E-03 6.3191E-03 6.8797E-03 6.7203E-03 7.9565E-03 9.4839E-03 9.9377E-03 1.0091E-02 1.1650E-02 1.2382E-02 1.1514E-02 1.2478E-02 1.4711E-02 1.4942E-02 1.6845E-02 1.7685E-02 2.0755E-02 2.3866E-02 2.1762E-02 2.0628E-02 1.9015E-02 1.8386E-02 1.7697E-02 1.4633E-02 1.4301E-02 1.1928E-02 1.1712E-02 1.0672E-02 1.0131E-02 8.6217E-03 7.9472E-03 7.6289E-03
8.6301E-04 1.1593E-03 1.3980E-03 1.6270E-03 1.9278E-03 2.2936E-03 2.7029E-03 2.8583E-03 3.0016E-03 3.3091E-03 3.8632E-03 4.1954E-03 4.2955E-03 4.3544E-03 4.6089E-03 5.0337E-03 5.0937E-03 5.1743E-03 5.1516E-03 5.8667E-03 6.0268E-03 5.9363E-03 6.4538E-03 6.4118E-03 6.4164E-03 6.4708E-03 6.5334E-03 7.1837E-03 7.6489E-03 7.5632E-03 9.1368E-03 1.0035E-02 1.0244E-02 1.1850E-02 1.3699E-02 1.3310E-02 1.2751E-02 1.6779E-02 1.6079E-02 1.8439E-02 1.9246E-02 2.2668E-02 2.5995E-02 2.4265E-02 2.1154E-02 2.0302E-02 1.9451E-02 1.8357E-02 1.6721E-02 1.3863E-02 1.2893E-02 1.2396E-02 1.1685E-02 9.4264E-03 8.9603E-03 8.3930E-03 8.7774E-03
8.9790E-04 1.1969E-03 1.4089E-03 1.6336E-03 1.8546E-03 2.1333E-03 2.3280E-03 2.6546E-03 3.3677E-03 3.2407E-03 3.6834E-03 4.2416E-03 4.7343E-03 4.8631E-03 5.1562E-03 5.1774E-03 5.4944E-03 5.6663E-03 5.7059E-03 5.8157E-03 6.3468E-03 6.2657E-03 6.3596E-03 6.9902E-03 6.9975E-03 7.2325E-03 7.4981E-03 7.5999E-03 7.6446E-03 7.6292E-03 9.3867E-03 1.0292E-02 1.0631E-02 1.2469E-02 1.3989E-02 1.5062E-02 1.3941E-02 1.6881E-02 1.7828E-02 1.9023E-02 2.0930E-02 2.4740E-02 2.9110E-02 2.7455E-02 2.1808E-02 2.2046E-02 2.0696E-02 1.9157E-02 1.6602E-02 1.4256E-02 1.4028E-02 1.3131E-02 1.1686E-02 9.4456E-03 8.6517E-03 9.7450E-03 9.1074E-03
8.6601E-04 1.1411E-03 1.4453E-03 1.6493E-03 1.8059E-03 2.0510E-03 2.2866E-03 2.5506E-03 2.7636E-03 3.2141E-03 3.8219E-03 4.4092E-03 4.8700E-03 5.2836E-03 5.1119E-03 5.8209E-03 5.9246E-03 5.9747E-03 6.0608E-03 6.2511E-03 6.1117E-03 6.1033E-03 6.6111E-03 6.7567E-03 7.3536E-03 7.2816E-03 7.9837E-03 7.8238E-03 8.3089E-03 8.5902E-03 8.9597E-03 9.9843E-03 1.1782E-02 1.2304E-02 1.3404E-02 1.5619E-02 1.5377E-02 1.8436E-02 2.1434E-02 1.9872E-02 2.3637E-02 2.7055E-02 3.3148E-02 3.1009E-02 2.4371E-02 2.3338E-02 2.1997E-02 2.0081E-02 1.6314E-02 1.5543E-02 1.5300E-02 1.4056E-02 1.1144E-02 1.0220E-02 9.8374E-03 1.0405E-02 8.7869E-03
9.0641E-04 1.1406E-03 1.3704E-03 1.5425E-03 1.6951E-03 2.0234E-03 2.2560E-03 2.3495E-03 2.7050E-03 2.9921E-03 3.6524E-03 4.0959E-03 4.5580E-03 5.0711E-03 5.6432E-03 6.0672E-03 6.2312E-03 6.4586E-03 7.1379E-03 6.4804E-03 6.7326E-03 6.1987E-03 5.4843E-03 7.3052E-03 7.0866E-03 8.1454E-03 7.5150E-03 8.8390E-03 8.8353E-03 8.9519E-03 9.3809E-03 9.7651E-03 1.0775E-02 1.2397E-02 1.4062E-02 1.7839E-02 1.6905E-02 1.8046E-02 2.4024E-02 2.2350E-02 2.6184E-02 3.0905E-02 3.8285E-02 3.2737E-02 2.7775E-02 2.4824E-02 2.3433E-02 2.1098E-02 1.8000E-02 1.7429E-02 1.6783E-02 1.2971E-02 1.2436E-02 1.1051E-02 1.0401E-02 1.0147E-02 8.6923E-03
1.0068E-03 1.2456E-03 1.3509E-03 1.4645E-03 1.6902E-03 1.9159E-03 2.0385E-03 2.2785E-03 2.4900E-03 2.8452E-03 3.2234E-03 3.4909E-03 4.0829E-03 4.3063E-03 5.3011E-03 6.0866E-03 6.5795E-03 6.7212E-03 6.9138E-03 7.6884E-03 7.7471E-03 7.1600E-03 6.4660E-03 5.8633E-03 8.2280E-03 7.7030E-03 8.7447E-03 8.2542E-03 9.2992E-03 9.7448E-03 9.8080E-03 1.1086E-02 1.2116E-02 1.2518E-02 1.4624E-02 1.9125E-02 1.8011E-02 2.0499E-02 2.5968E-02 2.3728E-02 2.9143E-02 3.3875E-02 4.4812E-02 3.6560E-02 3.1298E-02 2.9290E-02 2.7616E-02 2.2392E-02 2.0644E-02 1.9729E-02 1.6201E-02 1.3123E-02 1.2780E-02 1.1629E-02 1.0819E-02 9.6280E-03 8.4833E-03
1.0395E-03 1.3056E-03 1.5076E-03 1.6176E-03 1.5900E-03 1.7670E-03 2.0942E-03 2.2610E-03 2.5494E-03 2.7299E-03 2.9074E-03 3.4630E-03 3.5347E-03 3.9817E-03 4.7296E-03 5.0721E-03 5.8611E-03 7.1404E-03 7.7650E-03 7.7547E-03 8.0518E-03 8.3286E-03 7.4024E-03 7.1126E-03 6.6353E-03 7.2997E-03 8.1809E-03 9.8792E-03 9.8525E-03 9.7951E-03 1.0276E-02 1.1648E-02 1.2592E-02 1.1461E-02 1.5111E-02 1.7755E-02 1.9638E-02 2.1561E-02 2.6907E-02 2.7502E-02 3.3176E-02 3.7532E-02 4.8482E-02 4.1676E-02 3.2906E-02 3.4692E-02 3.0951E-02 2.4996E-02 2.3586E-02 2.0453E-02 1.6872E-02 1.4568E-02 1.3932E-02 1.2489E-02 1.0922E-02 9.2744E-03 8.2268E-03
8.1475E-04 1.0403E-03 1.3460E-03 1.6321E-03 1.6428E-03 1.7987E-03 1.7741E-03 2.3148E-03 2.4795E-03 2.5518E-03 3.0045E-03 3.0149E-03 3.0199E-03 3.4329E-03 4.0421E-03 4.2701E-03 5.3939E-03 6.0487E-03 7.1090E-03 8.4007E-03 8.8135E-03 8.7863E-03 8.8760E-03 8.4659E-03 7.5812E-03 7.1165E-03 6.8412E-03 9.0705E-03 1.0674E-02 1.0650E-02 1.0683E-02 1.2272E-02 1.2584E-02 1.2696E-02 1.4821E-02 1.7380E-02 2.4092E-02 2.3863E-02 2.9352E-02 3.0357E-02 3.8381E-02 4.3658E-02 5.4595E-02 4.4378E-02 3.7285E-02 4.1381E-02 3.2925E-02 2.9624E-02 2.4264E-02 2.2070E-02 1.7120E-02 1.6503E-02 1.4582E-02 1.2183E-02 1.0343E-02 9.0455E-03 8.1617E-03
7.9214E-04 9.9788E-04 1.2320E-03 1.4475E-03 1.6246E-03 1.6915E-03 1.8959E-03 2.1801E-03 2.5012E-03 2.4240E-03 2.6204E-03 2.8461E-03 3.1087E-03 3.0563E-03 3.3795E-03 3.9658E-03 4.6229E-03 4.7630E-03 5.9923E-03 7.2831E-03 9.0796E-03 9.4683E-03 9.2120E-03 9.4784E-03 9.0301E-03 7.9406E-03 8.3982E-03 9.2609E-03 1.0506E-02 1.1491E-02 1.1632E-02 1.2557E-02 1.3453E-02 1.4712E-02 1.5728E-02 1.6506E-02 1.9501E-02 2.4585E-02 3.0716E-02 3.5024E-02 4.5288E-02 5.1219E-02 6.4020E-02 4.9611E-02 4.3592E-02 4.6157E-02 3.5569E-02 3.0584E-02 2.8568E-02 2.3359E-02 1.9869E-02 1.7049E-02 1.4585E-02 1.1678E-02 1.0817E-02 8.8755E-03 7.3103E-03
7.6167E-04 1.0270E-03 1.1631E-03 1.3854E-03 1.6959E-03 1.7642E-03 1.8619E-03 2.1720E-03 2.3913E-03 2.1644E-03 2.3186E-03 2.3159E-03 2.3736E-03 2.5600E-03 2.8256E-03 3.1669E-03 3.6024E-03 4.1645E-03 4.9750E-03 5.6212E-03 6.6307E-03 7.3550E-03 9.6257E-03 9.6691E-03 9.9169E-03 1.0528E-02 9.1465E-03 9.8368E-03 1.0705E-02 1.2167E-02 1.3111E-02 1.2956E-02 1.4620E-02 1.4843E-02 1.4094E-02 1.8330E-02 1.9773E-02 2.5251E-02 3.0156E-02 3.9895E-02 5.0237E-02 5.9761E-02 7.5201E-02 5.6024E-02 5.2351E-02 4.5540E-02 3.8986E-02 3.4806E-02 3.0366E-02 2.4008E-02 2.1074E-02 1.7122E-02 1.3532E-02 1.1970E-02 9.8781E-03 8.2642E-03 7.2882E-03
7.2175E-04 9.0941E-04 1.1435E-03 1.2454E-03 1.4162E-03 1.4741E-03 1.7626E-03 2.0798E-03 2.2750E-03 2.2551E-03 2.2934E-03 2.3147E-03 2.3963E-03 2.5635E-03 2.5297E-03 2.6732E-03 3.0140E-03 3.1886E-03 4.1471E-03 5.1373E-03 5.3164E-03 6.0729E-03 7.0878E-03 8.5735E-03 9.6166E-03 1.1372E-02 1.1307E-02 1.0141E-02 1.0987E-02 1.0545E-02 1.3655E-02 1.3990E-02 1.5651E-02 1.6052E-02 1.7145E-02 1.8137E-02 1.9275E-02 2.6806E-02 3.1243E-02 4.2927E-02 5.7941E-02 6.9071E-02 8.1883E-02 6.7190E-02 5.8133E-02 5.0280E-02 4.1050E-02 3.4870E-02 2.8253E-02 2.5483E-02 2.0068E-02 1.5936E-02 1.3901E-02 1.1958E-02 9.2917E-03 8.2745E-03 7.5340E-03
7.5430E-04 9.5424E-04 1.1387E-03 1.2869E-03 1.3303E-03 1.4026E-03 1.5738E-03 1.7505E-03 1.9773E-03 2.0897E-03 2.2441E-03 2.2017E-03 2.5824E-03 2.8759E-03 2.7024E-03 2.8630E-03 2.8298E-03 3.0186E-03 3.3951E-03 3.7962E-03 4.9905E-03 4.9957E-03 4.3208E-03 5.6314E-03 7.6820E-03 1.0633E-02 1.2208E-02 1.2959E-02 1.2229E-02 1.5316E-02 1.4557E-02 1.6187E-02 1.6209E-02 1.5998E-02 1.9566E-02 1.9628E-02 2.0876E-02 2.7341E-02 3.5881E-02 4.6678E-02 6.8065E-02 8.1661E-02 8.7757E-02 7.4182E-02 6.0881E-02 4.7374E-02 4.1712E-02 3.7819E-02 2.6447E-02 2.3669E-02 1.9852E-02 1.5748E-02 1.3609E-02 1.0203E-02 9.7703E-03 8.7694E-03 7.4061E-03
8.2918E-04 1.0671E-03 1.2198E-03 1.3506E-03 1.4300E-03 1.5328E-03 1.6259E-03 1.6914E-03 1.7598E-03 1.8362E-03 1.9336E-03 2.0418E-03 2.2799E-03 2.5026E-03 2.7012E-03 2.8843E-03 3.2398E-03 3.5066E-03 3.7224E-03 3.9706E-03 4.1537E-03 3.7894E-03 3.7799E-03 4.3246E-03 5.4346E-03 8.1437E-03 9.5077E-03 9.5701E-03 1.4152E-02 1.4227E-02 1.3052E-02 1.7560E-02 1.9034E-02 1.9228E-02 1.8718E-02 2.5429E-02 2.3664E-02 2.4500E-02 3.3674E-02 5.0050E-02 7.3648E-02 9.1046E-02 9.3062E-02 8.2564E-02 6.6155E-02 5.3628E-02 4.5663E-02 3.0764E-02 2.7668E-02 1.9849E-02 1.7368E-02 1.4301E-02 1.1937E-02 1.1946E-02 1.0003E-02 7.9922E-03 7.7309E-03
9.0342E-04 1.2665E-03 1.3337E-03 1.4109E-03 1.6656E-03 1.7940E-03 1.8765E-03 1.9625E-03 2.0324E-03 2.0977E-03 2.1707E-03 2.1106E-03 2.2705E-03 2.3769E-03 2.6678E-03 2.8391E-03 2.9409E-03 3.1683E-03 3.1558E-03 3.3568E-03 3.6154E-03 3.7734E-03 4.1890E-03 4.7924E-03 4.6650E-03 5.1580E-03 6.2557E-03 7.5115E-03 1.0497E-02 1.1671E-02 1.4500E-02 1.3855E-02 1.5823E-02 1.8952E-02 2.0153E-02 2.4512E-02 2.8964E-02 3.2563E-02 4.0829E-02 6.0184E-02 9.5252E-02 1.2229E-01 1.0980E-01 9.1855E-02 6.5613E-02 5.7728E-02 3.4708E-02 3.2347E-02 2.3071E-02 1.9362E-02 1.6037E-02 1.5185E-02 1.3859E-02 1.1386E-02 1.0098E-02 9.2376E-03 8.1552E-03
8.1220E-04 1.0111E-03 1.2014E-03 1.3363E-03 1.4681E-03 1.6310E-03 1.7981E-03 1.9640E-03 2.0865E-03 2.0206E-03 2.2117E-03 2.2703E-03 2.5202E-03 2.5979E-03 2.6695E-03 2.7361E-03 2.7672E-03 2.6691E-03 2.5486E-03 3.0790E-03 3.4608E-03 3.7728E-03 3.7841E-03 3.8068E-03 4.7545E-03 5.3055E-03 6.3511E-03 7.6699E-03 8.3172E-03 8.3255E-03 9.8370E-03 1.5079E-02 1.7544E-02 1.9634E-02 2.0176E-02 2.5152E-02 3.4952E-02 3.9409E-02 5.0358E-02 8.0311E-02 1.3500E-01 1.6449E-01 1.3715E-01 9.8607E-02 6.4492E-02 5.0913E-02 3.4858E-02 3.5386E-02 2.5503E-02 1.8428E-02 1.9446E-02 1.6200E-02 1.4287E-02 1.2295E-02 1.1117E-02 1.0148E-02 9.2410E-03
8.4962E-04 1.0478E-03 1.2063E-03 1.3485E-03 1.4422E-03 1.5619E-03 1.6615E-03 1.7077E-03 1.7931E-03 1.8885E-03 1.9608E-03 2.2833E-03 2.3079E-03 2.5609E-03 2.7130E-03 2.6271E-03 2.6507E-03 2.6867E-03 2.7361E-03 2.7288E-03 2.7539E-03 3.0321E-03 3.2455E-03 3.5024E-03 4.2523E-03 4.5334E-03 5.9579E-03 6.3305E-03 8.2496E-03 8.5569E-03 9.0097E-03 1.0002E-02 1.3360E-02 1.8415E-02 2.3511E-02 2.6566E-02 4.3385E-02 5.4601E-02 8.3153E-02 1.2990E-01 1.9010E-01 2.5761E-01 1.6863E-01 1.0887E-01 7.2507E-02 4.7863E-02 4.4244E-02 3.0495E-02 2.5668E-02 2.3613E-02 2.0899E-02 1.6759E-02 1.5107E-02 1.4608E-02 1.2451E-02 1.1136E-02 1.0376E-02
8.5764E-04 1.0523E-03 1.2138E-03 1.3654E-03 1.5016E-03 1.6072E-03 1.8133E-03 1.8263E-03 1.8304E-03 1.9371E-03 2.0293E-03 2.0826E-03 2.2526E-03 2.3865E-03 2.4946E-03 2.6689E-03 3.0004E-03 3.0706E-03 3.1793E-03 3.1653E-03 2.7721E-03 3.0266E-03 3.4061E-03 3.5770E-03 4.6742E-03 5.5055E-03 5.2900E-03 7.2653E-03 7.9919E-03 9.0032E-03 9.4116E-03 9.8282E-03 1.1815E-02 1.4238E-02 2.2099E-02 3.0069E-02 4.3721E-02 7.4138E-02 1.2744E-01 1.9084E-01 2.9801E-01 3.7061E-01 2.1791E-01 1.3839E-01 7.7958E-02 5.6332E-02 4.4760E-02 3.7705E-02 3.2259E-02 2.9185E-02 2.3521E-02 2.2570E-02 1.8995E-02 1.6400E-02 1.4753E-02 1.3388E-02 1.1186E-02
9.8015E-04 1.2268E-03 1.4642E-03 1.6819E-03 1.7483E-03 1.7675E-03 1.9153E-03 2.2658E-03 2.2349E-03 2.3667E-03 2.2252E-03 2.4507E-03 2.4747E-03 2.6523E-03 2.5599E-03 2.4953E-03 2.7803E-03 3.1230E-03 3.6475E-03 3.6258E-03 3.7249E-03 3.4586E-03 3.5180E-03 4.0192E-03 4.3777E-03 5.5422E-03 5.9621E-03 5.9927E-03 6.8828E-03 8.9377E-03 1.0266E-02 1.1514E-02 1.3933E-02 1.6790E-02 1.6847E-02 2.0910E-02 3.8962E-02 7.1704E-02 1.2534E-01 3.0792E-01 4.0303E-01 3.9835E-01 2.7573E-01 1.6461E-01 1.2123E-01 6.8759E-02 5.0185E-02 4.1437E-02 3.4733E-02 3.1959E-02 2.7352E-02 2.2211E-02 1.9073E-02 1.6278E-02 1.5135E-02 1.3788E-02 1.2351E-02
8.7631E-04 1.2513E-03 1.5306E-03 1.6225E-03 1.5415E-03 1.6452E-03 1.8624E-03 2.3623E-03 2.5233E-03 2.5898E-03 2.6493E-03 2.8860E-03 2.8842E-03 2.9851E-03 2.6138E-03 2.7668E-03 3.0511E-03 3.4326E-03 3.4552E-03 3.9013E-03 3.2860E-03 3.5568E-03 3.7717E-03 4.0418E-03 4.1775E-03 4.6923E-03 4.4774E-03 5.0181E-03 6.6236E-03 7.9682E-03 8.9513E-03 1.0648E-02 1.1681E-02 1.4125E-02 1.6841E-02 2.2798E-02 3.0558E-02 4.9404E-02 1.1211E-01 2.1112E-01 5.3025E-01 6.4890E-01 2.9738E-01 1.9145E-01 1.1930E-01 7.0639E-02 5.7704E-02 4.6656E-02 3.6485E-02 3.0239E-02 2.3674E-02 1.9931E-02 1.8561E-02 1.4771E-02 1.2756E-02 1.1431E-02 1.0522E-02
9.5372E-04 1.1897E-03 1.4154E-03 1.6222E-03 1.8056E-03 1.9529E-03 2.0944E-03 2.3033E-03 2.3908E-03 2.3716E-03 2.6190E-03 2.6919E-03 2.7646E-03 2.6092E-03 2.2115E-03 2.3014E-03 2.6204E-03 2.9590E-03 2.9796E-03 3.4294E-03 3.3840E-03 3.7432E-03 4.1286E-03 3.9136E-03 4.4256E-03 4.4929E-03 4.7102E-03 4.9730E-03 6.0270E-03 6.7284E-03 8.0007E-03 1.0683E-02 1.3395E-02 1.6003E-02 1.6560E-02 2.6977E-02 3.3544E-02 5.5824E-02 1.0912E-01 1.8137E-01 3.5173E-01 7.0619E-01 3.1343E-01 2.0940E-01 1.3196E-01 8.8899E-02 6.0720E-02 4.5703E-02 3.6477E-02 2.8291E-02 2.3570E-02 2.0001E-02 1.6642E-02 1.3877E-02 1.1868E-02 1.0546E-02 9.6594E-03
8.8995E-04 1.0764E-03 1.2449E-03 1.4012E-03 1.5005E-03 1.6073E-03 1.7229E-03 1.8723E-03 2.0357E-03 2.1278E-03 2.1735E-03 2.2100E-03 2.2726E-03 2.3405E-03 2.3714E-03 2.2200E-03 2.3603E-03 2.5176E-03 2.7388E-03 2.8145E-03 3.2395E-03 3.7590E-03 3.9791E-03 4.0525E-03 4.6710E-03 4.6010E-03 5.0872E-03 5.0079E-03 5.5190E-03 6.4620E-03 7.0007E-03 8.6481E-03 1.0370E-02 1.1955E-02 1.5469E-02 2.1701E-02 3.1925E-02 5.3553E-02 9.4601E-02 1.7181E-01 4.4672E-01 3.2510E-01 2.5552E-01 1.8277E-01 1.2104E-01 8.1945E-02 5.6241E-02 3.6263E-02 2.9421E-02 2.4924E-02 2.1354E-02 1.6182E-02 1.3939E-02 1.2449E-02 1.0991E-02 1.0478E-02 9.4501E-03
9.1994E-04 1.1905E-03 1.3957E-03 1.5439E-03 1.5597E-03 1.6567E-03 1.6702E-03 1.9859E-03 2.0619E-03 2.1087E-03 2.2975E-03 2.1520E-03 2.0801E-03 2.0543E-03 2.3110E-03 2.4916E-03 2.3101E-03 2.1507E-03 2.6878E-03 2.6435E-03 2.9395E-03 3.2793E-03 3.6414E-03 4.1070E-03 4.7725E-03 4.9668E-03 4.9215E-03 4.7579E-03 5.1390E-03 5.7958E-03 6.6536E-03 7.4872E-03 8.6702E-03 1.1012E-02 1.3998E-02 1.6201E-02 2.5421E-02 3.9654E-02 6.3309E-02 1.6484E-01 2.6341E-01 2.1937E-01 1.5569E-01 1.1556E-01 7.0837E-02 4.8395E-02 4.0368E-02 3.2219E-02 2.4243E-02 2.2723E-02 2.1060E-02 1.7602E-02 1.4350E-02 1.3229E-02 1.0754E-02 9.4145E-03 8.5078E-03
9.0895E-04 1.0975E-03 1.2650E-03 1.3721E-03 1.5084E-03 1.4564E-03 1.5684E-03 1.7083E-03 1.8080E-03 1.8820E-03 2.0419E-03 2.1296E-03 2.1775E-03 2.3485E-03 2.5672E-03 2.5258E-03 2.2238E-03 2.2596E-03 2.4548E-03 2.7284E-03 3.0410E-03 3.4004E-03 3.5398E-03 3.3701E-03 3.9782E-03 3.6309E-03 3.8588E-03 3.9727E-03 5.2382E-03 5.8224E-03 5.2879E-03 5.7482E-03 7.1971E-03 9.8761E-03 1.1207E-02 1.6223E-02 2.1241E-02 3.2178E-02 6.0594E-02 1.0837E-01 1.6288E-01 1.0845E-01 9.0539E-02 6.8485E-02 4.6272E-02 3.4548E-02 2.7914E-02 2.5955E-02 2.1246E-02 1.8409E-02 1.8224E-02 1.5616E-02 1.3882E-02 1.2326E-02 1.0578E-02 9.6271E-03 8.6252E-03
8.6935E-04 1.1161E-03 1.3047E-03 1.4495E-03 1.5050E-03 1.5017E-03 1.7321E-03 1.8866E-03 1.8674E-03 1.9576E-03 2.0719E-03 2.1564E-03 2.0913E-03 1.9961E-03 1.9732E-03 2.2373E-03 2.2848E-03 2.4043E-03 2.5457E-03 2.7826E-03 2.4929E-03 2.7328E-03 2.6152E-03 2.9412E-03 3.0578E-03 3.5687E-03 3.7052E-03 3.8632E-03 3.7860E-03 5.2770E-03 6.9044E-03 6.9265E-03 5.8955E-03 8.3417E-03 9.8218E-03 1.3770E-02 2.1247E-02 2.6778E-02 4.7179E-02 6.4803E-02 8.7547E-02 4.6954E-02 5.6180E-02 5.1004E-02 3.9267E-02 2.8482E-02 2.2385E-02 1.8781E-02 1.7191E-02 1.5511E-02 1.4520E-02 1.4196E-02 1.2776E-02 1.1133E-02 9.6760E-03 9.8132E-03 9.4220E-03
9.0362E-04 1.2581E-03 1.4678E-03 1.4368E-03 1.5781E-03 1.6567E-03 1.6652E-03 1.8102E-03 1.9299E-03 2.0496E-03 2.1255E-03 2.1333E-03 2.0675E-03 1.9630E-03 1.9362E-03 2.0678E-03 2.1825E-03 2.3302E-03 2.5170E-03 2.2702E-03 2.3851E-03 2.6366E-03 2.7194E-03 2.6547E-03 2.9281E-03 3.4791E-03 3.5430E-03 4.1392E-03 4.7197E-03 5.3414E-03 4.2005E-03 4.5395E-03 5.8735E-03 8.0604E-03 9.0875E-03 1.4028E-02 1.5045E-02 2.5024E-02 3.1785E-02 4.1835E-02 5.2632E-02 3.1588E-02 3.9212E-02 3.6356E-02 3.5932E-02 2.8023E-02 2.1482E-02 1.6089E-02 1.6298E-02 1.3444E-02 1.3157E-02 1.2900E-02 1.0145E-02 9.3088E-03 9.0389E-03 8.7083E-03 8.8473E-03
