20231023_webinar_progetto_murano/data_input/grd_f3_sc_3/Percentile_24h.grd
DSAA
          81           81
 760250.0000  764250.0000
5036750.0000 5040750.0000
  0.3196E-03   0.7062E+00
[rows 50 to 74 of 81, columns 0 to 56 of 81]
8.3483E-04 1.0831E-03 1.2696E-03 1.4441E-03 1.5213E-03 1.6182E-03 1.7136E-03 1.8135E-03 1.9186E-03 2.0071E-03 2.0745E-03 2.0904E-03 2.0414E-03 1.9500E-03 1.8801E-03 1.7712E-03 1.6406E-03 2.1023E-03 1.9232E-03 2.5612E-03 2.6829E-03 2.6515E-03 2.5793E-03 2.5308E-03 2.9999E-03 4.5926E-03 4.7415E-03 3.9393E-03 3.3988E-03 3.1313E-03 5.0885E-03 5.8367E-03 6.1820E-03 7.9557E-03 1.1515E-02 1.1680E-02 1.5570E-02 2.0052E-02 2.5453E-02 3.6996E-02 3.2473E-02 2.6587E-02 2.6950E-02 2.8830E-02 2.6068E-02 2.4694E-02 2.0869E-02 1.6671E-02 1.5681E-02 1.2100E-02 1.1281E-02 1.0859E-02 9.7129E-03 9.6877E-03 7.9221E-03 7.0802E-03 6.7895E-03
8.4827E-04 1.0731E-03 1.2693E-03 1.4558E-03 1.5816E-03 1.6775E-03 1.7581E-03 1.6735E-03 1.9074E-03 1.8924E-03 1.7929E-03 1.6396E-03 1.6243E-03 1.5155E-03 1.9187E-03 1.9886E-03 2.0882E-03 2.1940E-03 2.2961E-03 2.4230E-03 2.3779E-03 2.4182E-03 2.9805E-03 3.1872E-03 3.0549E-03 3.0902E-03 3.2869E-03 3.1258E-03 3.2354E-03 3.9412E-03 4.6712E-03 6.0904E-03 6.3215E-03 8.5039E-03 7.8879E-03 1.2122E-02 1.6049E-02 1.8195E-02 2.2379E-02 2.7646E-02 2.5477E-02 2.1635E-02 2.1872E-02 2.2416E-02 2.2776E-02 2.1198E-02 1.8609E-02 1.6122E-02 1.2124E-02 1.0987E-02 1.0615E-02 9.2253E-03 8.6884E-03 8.4950E-03 7.6198E-03 7.0063E-03 6.9886E-03
8.6028E-04 1.0629E-03 1.2656E-03 1.4842E-03 1.6302E-03 1.6349E-03 1.5917E-03 1.5277E-03 1.6405E-03 1.4394E-03 1.4289E-03 1.5356E-03 1.6627E-03 1.8080E-03 1.9434E-03 2.1750E-03 2.3960E-03 2.3453E-03 2.3084E-03 2.5804E-03 2.9095E-03 2.9698E-03 2.9545E-03 2.6684E-03 2.6386E-03 2.9366E-03 3.2852E-03 3.5891E-03 3.4873E-03 3.6496E-03 5.4357E-03 4.6480E-03 6.5985E-03 6.0217E-03 1.0374E-02 1.1275E-02 1.6021E-02 1.5723E-02 2.1522E-02 2.4819E-02 2.0293E-02 1.8053E-02 2.1150E-02 1.8820E-02 1.7058E-02 1.5521E-02 1.6316E-02 1.8356E-02 1.1554E-02 1.0536E-02 9.5911E-03 9.8200E-03 8.6189E-03 7.5043E-03 6.9628E-03 7.7309E-03 7.9117E-03
8.0413E-04 9.8745E-04 1.1744E-03 1.3772E-03 1.2363E-03 1.2055E-03 1.1358E-03 1.1820E-03 1.3264E-03 1.4746E-03 1.4923E-03 1.7342E-03 1.7751E-03 1.8660E-03 1.9583E-03 2.2408E-03 2.2477E-03 2.6144E-03 2.5192E-03 2.4368E-03 2.5323E-03 2.3501E-03 2.2139E-03 2.2071E-03 2.4770E-03 2.9060E-03 3.3695E-03 3.6559E-03 3.1851E-03 4.3713E-03 3.9379E-03 4.4498E-03 5.2369E-03 9.4112E-03 1.0490E-02 1.2627E-02 1.2985E-02 1.5269E-02 1.7746E-02 2.1481E-02 1.5614E-02 1.4369E-02 1.4613E-02 1.5793E-02 1.4534E-02 1.4248E-02 1.4623E-02 1.4372E-02 1.1444E-02 1.0136E-02 9.2758E-03 8.7670E-03 8.3903E-03 7.0743E-03 6.1769E-03 6.8228E-03 7.7087E-03
6.8863E-04 8.5141E-04 9.8736E-04 9.9423E-04 1.0390E-03 1.1349E-03 1.1173E-03 1.2105E-03 1.3461E-03 1.5987E-03 1.8534E-03 1.9618E-03 1.8912E-03 1.9346E-03 1.9938E-03 2.3097E-03 1.9778E-03 1.9642E-03 1.9690E-03 2.1984E-03 2.0764E-03 2.0904E-03 2.2056E-03 2.3996E-03 2.7076E-03 3.3372E-03 3.6927E-03 3.3075E-03 4.6722E-03 3.8999E-03 4.2999E-03 4.7057E-03 5.7879E-03 7.6438E-03 1.2015E-02 1.2069E-02 1.1653E-02 1.4307E-02 1.6309E-02 1.7533E-02 1.4234E-02 1.2425E-02 1.3342E-02 1.3815E-02 1.4004E-02 1.4014E-02 1.3397E-02 1.1684E-02 1.2711E-02 8.6937E-03 7.9321E-03 8.8063E-03 8.1795E-03 7.1038E-03 6.6495E-03 5.9271E-03 6.4165E-03
6.9707E-04 9.2230E-04 9.5872E-04 9.7087E-04 1.0038E-03 1.0706E-03 1.1433E-03 1.2405E-03 1.7946E-03 1.6578E-03 1.9950E-03 1.9975E-03 1.9065E-03 1.9806E-03 1.9824E-03 2.0078E-03 2.0961E-03 1.9816E-03 1.9201E-03 1.9590E-03 2.1784E-03 2.3205E-03 2.4015E-03 2.4779E-03 2.5283E-03 2.9553E-03 3.0098E-03 3.9001E-03 3.5865E-03 4.1076E-03 4.4236E-03 5.1903E-03 7.1028E-03 9.7523E-03 1.1397E-02 1.0955E-02 1.0668E-02 1.1604E-02 1.4743E-02 1.5154E-02 1.2746E-02 1.0789E-02 1.1051E-02 1.1200E-02 1.2118E-02 1.1658E-02 1.1576E-02 1.0036E-02 1.1850E-02 1.0107E-02 7.2435E-03 7.3917E-03 7.4811E-03 7.1360E-03 6.5796E-03 6.2886E-03 6.6352E-03
7.5048E-04 8.5312E-04 9.0497E-04 9.4920E-04 9.9294E-04 1.0947E-03 1.2538E-03 1.4851E-03 1.3766E-03 1.5798E-03 1.8033E-03 1.9786E-03 1.9110E-03 1.9685E-03 1.9766E-03 2.0184E-03 1.8699E-03 2.0317E-03 2.0246E-03 2.2071E-03 2.2433E-03 2.3055E-03 2.3670E-03 2.4736E-03 2.6071E-03 2.8609E-03 3.2917E-03 3.0862E-03 3.5481E-03 3.7877E-03 4.2286E-03 6.2354E-03 8.2122E-03 9.1948E-03 8.6308E-03 9.2176E-03 8.5949E-03 1.0825E-02 1.2164E-02 1.3095E-02 1.0361E-02 9.5810E-03 9.5624E-03 9.9804E-03 9.6581E-03 1.0087E-02 1.0374E-02 9.3075E-03 1.0114E-02 9.9957E-03 7.2961E-03 6.9185E-03 7.1222E-03 6.6941E-03 6.3679E-03 6.3501E-03 6.0396E-03
7.6418E-04 9.5219E-04 1.0346E-03 1.0135E-03 1.0303E-03 1.1024E-03 1.1653E-03 1.5130E-03 1.4367E-03 1.5196E-03 1.6493E-03 1.6387E-03 1.9419E-03 1.9870E-03 1.8626E-03 1.8856E-03 2.0260E-03 2.0864E-03 2.3084E-03 2.3616E-03 2.3897E-03 2.3004E-03 2.3484E-03 2.3479E-03 2.5537E-03 2.6762E-03 2.6799E-03 3.3131E-03 3.1510E-03 3.4668E-03 5.5469E-03 6.3923E-03 7.0273E-03 8.5653E-03 8.0323E-03 7.4731E-03 8.8136E-03 9.5508E-03 1.0950E-02 1.0649E-02 8.6640E-03 8.8446E-03 9.1282E-03 9.7146E-03 9.2094E-03 9.2017E-03 8.9622E-03 9.2657E-03 7.9035E-03 1.0835E-02 8.1090E-03 6.5238E-03 6.3250E-03 6.1636E-03 6.0660E-03 5.6103E-03 5.4467E-03
6.4894E-04 9.8284E-04 1.0704E-03 1.1067E-03 1.1218E-03 1.2121E-03 1.3365E-03 1.4827E-03 1.4084E-03 1.5025E-03 1.5231E-03 1.6291E-03 1.7690E-03 1.8373E-03 1.8551E-03 2.0242E-03 2.1554E-03 2.3102E-03 1.9773E-03 2.0087E-03 2.4969E-03 2.4762E-03 2.6114E-03 2.5090E-03 2.5706E-03 3.0266E-03 3.4819E-03 2.8995E-03 3.6115E-03 5.2309E-03 5.5123E-03 7.1963E-03 8.1538E-03 7.5973E-03 7.3302E-03 8.0463E-03 9.2338E-03 9.1855E-03 9.3440E-03 9.7690E-03 8.4357E-03 8.4744E-03 7.6405E-03 7.7068E-03 7.9031E-03 8.8414E-03 8.4884E-03 7.9203E-03 7.9161E-03 8.5146E-03 8.1879E-03 7.3226E-03 6.5445E-03 5.8640E-03 5.7972E-03 5.0286E-03 4.9784E-03
8.1070E-04 9.7970E-04 1.1462E-03 1.2510E-03 1.3683E-03 1.3097E-03 1.4047E-03 1.2882E-03 1.3951E-03 1.5321E-03 1.6282E-03 1.7385E-03 1.5948E-03 1.8334E-03 1.7733E-03 1.8069E-03 2.0348E-03 1.8337E-03 2.1553E-03 2.2400E-03 2.1037E-03 2.0454E-03 2.2727E-03 2.5274E-03 2.5527E-03 3.6586E-03 3.2546E-03 3.3119E-03 4.9679E-03 4.9943E-03 5.7039E-03 7.4937E-03 6.8124E-03 6.6448E-03 7.5844E-03 8.5886E-03 8.8917E-03 8.3435E-03 8.3461E-03 9.6080E-03 7.9736E-03 6.6993E-03 6.8954E-03 7.4675E-03 7.4167E-03 8.1525E-03 7.9320E-03 6.7051E-03 7.6119E-03 6.8440E-03 7.9446E-03 6.0930E-03 6.5672E-03 5.4830E-03 5.1664E-03 5.1521E-03 4.8416E-03
8.1257E-04 9.8027E-04 1.1461E-03 1.3252E-03 1.2778E-03 1.1072E-03 1.1931E-03 1.4194E-03 1.4649E-03 1.5228E-03 1.5653E-03 1.5001E-03 1.6086E-03 1.6117E-03 1.7487E-03 1.6641E-03 1.7352E-03 1.9796E-03 2.0096E-03 1.9854E-03 2.0456E-03 2.0867E-03 2.3488E-03 2.2556E-03 2.9761E-03 3.5148E-03 3.3405E-03 4.1781E-03 4.8715E-03 5.3331E-03 6.1944E-03 6.6428E-03 6.7042E-03 5.7340E-03 7.0970E-03 7.9584E-03 8.2038E-03 8.1712E-03 8.0400E-03 8.7878E-03 6.9215E-03 6.1067E-03 7.0508E-03 7.6871E-03 6.1607E-03 7.1628E-03 7.0083E-03 6.0042E-03 6.3256E-03 6.8644E-03 6.2102E-03 6.4018E-03 5.9728E-03 5.9531E-03 4.8954E-03 4.7514E-03 4.4896E-03
7.3496E-04 9.6641E-04 1.0321E-03 1.1861E-03 1.1282E-03 1.1515E-03 1.1885E-03 1.2743E-03 1.4685E-03 1.4941E-03 1.4948E-03 1.5988E-03 1.7010E-03 1.3645E-03 1.7162E-03 1.9179E-03 1.9513E-03 1.9096E-03 1.6844E-03 1.8804E-03 2.1468E-03 2.3958E-03 2.3925E-03 2.5370E-03 3.3167E-03 3.2855E-03 3.8675E-03 4.7556E-03 4.7079E-03 5.6810E-03 5.9076E-03 5.8909E-03 5.8793E-03 5.5587E-03 5.6107E-03 7.3122E-03 7.4003E-03 7.1095E-03 7.1300E-03 7.7585E-03 6.2847E-03 6.1731E-03 6.8332E-03 7.3913E-03 6.3450E-03 6.1015E-03 6.3019E-03 5.5758E-03 5.7775E-03 6.3314E-03 6.0707E-03 6.0417E-03 6.0576E-03 5.8146E-03 5.5257E-03 4.5091E-03 4.3168E-03
7.3601E-04 8.9439E-04 8.7085E-04 1.1179E-03 1.1224E-03 1.2664E-03 1.3124E-03 1.4368E-03 1.4538E-03 1.2949E-03 1.3724E-03 1.4138E-03 1.2604E-03 1.5747E-03 1.7239E-03 1.6321E-03 1.6001E-03 1.5922E-03 1.5920E-03 2.1716E-03 2.0853E-03 2.1623E-03 2.3375E-03 2.5111E-03 2.9052E-03 3.0559E-03 4.6138E-03 4.8200E-03 4.9957E-03 5.9617E-03 5.5352E-03 5.6075E-03 5.1062E-03 5.8489E-03 5.3971E-03 5.8947E-03 6.4911E-03 6.3369E-03 6.1019E-03 6.8623E-03 6.3553E-03 6.2242E-03 6.1505E-03 6.4937E-03 5.7500E-03 6.0012E-03 5.7365E-03 5.7194E-03 4.7534E-03 5.3146E-03 5.9242E-03 5.7238E-03 5.7216E-03 5.2882E-03 5.6400E-03 4.7504E-03 3.8831E-03
6.9184E-04 8.2691E-04 9.5661E-04 1.1197E-03 1.2040E-03 1.2547E-03 1.4110E-03 1.2708E-03 1.1985E-03 1.1654E-03 1.2198E-03 1.2683E-03 1.3037E-03 1.7500E-03 1.7541E-03 1.6767E-03 1.6368E-03 1.7975E-03 2.2723E-03 2.7994E-03 2.2733E-03 1.8200E-03 2.2016E-03 2.8039E-03 2.7281E-03 3.8890E-03 4.1761E-03 3.7945E-03 5.8829E-03 5.3439E-03 5.3642E-03 4.9684E-03 4.8092E-03 5.0861E-03 5.5033E-03 5.5890E-03 6.1606E-03 6.1923E-03 5.8469E-03 6.5446E-03 5.9155E-03 5.8043E-03 5.6296E-03 5.7363E-03 5.7774E-03 5.7606E-03 5.1679E-03 5.1964E-03 4.9527E-03 4.3213E-03 5.5842E-03 5.2013E-03 5.0060E-03 4.8536E-03 4.4221E-03 4.6586E-03 3.9035E-03
7.1716E-04 9.2633E-04 1.0887E-03 1.1320E-03 1.2591E-03 1.4319E-03 1.4216E-03 1.1483E-03 9.9049E-04 1.1224E-03 1.1875E-03 1.1072E-03 1.7292E-03 1.8386E-03 1.5501E-03 1.5454E-03 1.6879E-03 2.2146E-03 2.5571E-03 2.2991E-03 1.8671E-03 2.1394E-03 1.9808E-03 2.5319E-03 3.3264E-03 3.8432E-03 4.2939E-03 5.0184E-03 5.7751E-03 4.7350E-03 4.6716E-03 4.4814E-03 4.5267E-03 5.0003E-03 5.6085E-03 6.2396E-03 6.2376E-03 6.1913E-03 6.0524E-03 6.2329E-03 5.6748E-03 5.6836E-03 5.3521E-03 5.9324E-03 6.0564E-03 5.5678E-03 4.8808E-03 4.6421E-03 4.5884E-03 4.3795E-03 4.7930E-03 4.5820E-03 4.4542E-03 4.2245E-03 4.1988E-03 4.3056E-03 3.9237E-03
7.1881E-04 9.5342E-04 1.1150E-03 1.2556E-03 1.3525E-03 1.3717E-03 1.2167E-03 1.0343E-03 1.0773E-03 1.3807E-03 1.4094E-03 1.4722E-03 1.3671E-03 1.5359E-03 1.4981E-03 1.7532E-03 2.1225E-03 2.1829E-03 2.3921E-03 1.8412E-03 2.0436E-03 1.8184E-03 2.4991E-03 3.1492E-03 3.9012E-03 3.5381E-03 5.3606E-03 5.7665E-03 4.7884E-03 5.0558E-03 4.7845E-03 4.1608E-03 5.1499E-03 5.3061E-03 5.8910E-03 6.0157E-03 6.1635E-03 5.8510E-03 5.6735E-03 5.8801E-03 5.7898E-03 5.2783E-03 5.2664E-03 5.9199E-03 5.6235E-03 5.2580E-03 4.3955E-03 4.0683E-03 4.1728E-03 4.1428E-03 4.2256E-03 4.4464E-03 4.0288E-03 4.1124E-03 3.8389E-03 3.8121E-03 4.2783E-03
7.8151E-04 9.4242E-04 1.1073E-03 1.2696E-03 1.2821E-03 1.0268E-03 9.2695E-04 1.2014E-03 1.3900E-03 1.2396E-03 1.4272E-03 1.4668E-03 1.3951E-03 1.4454E-03 1.7560E-03 2.3291E-03 2.1855E-03 2.2254E-03 1.8274E-03 2.2617E-03 1.9483E-03 2.4447E-03 2.8681E-03 3.9370E-03 3.7274E-03 4.1018E-03 5.2798E-03 5.1715E-03 4.8921E-03 5.0478E-03 4.5312E-03 4.3683E-03 4.3765E-03 4.9438E-03 5.0494E-03 5.6530E-03 5.5268E-03 5.5127E-03 5.4285E-03 5.2818E-03 5.5068E-03 4.6285E-03 4.5359E-03 5.1114E-03 5.3719E-03 4.5719E-03 4.0433E-03 3.8025E-03 3.8243E-03 3.9622E-03 3.9808E-03 4.6340E-03 4.0423E-03 3.6983E-03 3.7855E-03 3.7668E-03 3.6571E-03
7.7806E-04 9.3329E-04 1.0965E-03 1.0198E-03 8.3801E-04 8.8380E-04 1.1573E-03 1.2089E-03 1.2503E-03 1.3891E-03 1.4591E-03 1.4927E-03 1.4686E-03 1.7165E-03 2.1462E-03 2.3132E-03 2.1457E-03 1.9614E-03 2.4521E-03 2.0618E-03 2.3502E-03 3.0133E-03 3.3206E-03 3.4914E-03 3.5128E-03 4.4663E-03 5.0845E-03 4.5313E-03 4.4871E-03 4.2079E-03 3.5139E-03 4.3396E-03 3.9622E-03 4.7819E-03 4.8100E-03 5.4462E-03 5.0748E-03 4.7530E-03 4.8875E-03 5.3027E-03 5.1826E-03 4.6162E-03 4.6474E-03 5.0972E-03 4.9722E-03 4.3543E-03 3.7350E-03 3.5201E-03 3.7054E-03 3.7182E-03 3.8517E-03 3.8913E-03 4.0161E-03 3.6342E-03 3.5359E-03 3.4162E-03 3.5881E-03
7.7383E-04 8.1952E-04 8.2769E-04 7.6826E-04 8.6992E-04 1.0320E-03 1.1847E-03 1.4047E-03 1.4763E-03 1.4328E-03 1.4562E-03 1.5467E-03 1.6795E-03 2.1499E-03 2.0737E-03 1.9331E-03 1.9687E-03 2.1936E-03 2.2619E-03 2.2386E-03 2.8799E-03 3.2799E-03 3.4869E-03 3.3437E-03 3.8757E-03 4.7793E-03 4.7690E-03 4.2420E-03 4.3864E-03 4.1271E-03 3.4571E-03 4.1127E-03 4.2138E-03 4.5596E-03 4.6788E-03 5.0873E-03 4.9992E-03 4.4305E-03 4.7517E-03 5.1664E-03 5.0810E-03 4.5657E-03 4.2834E-03 5.1070E-03 5.3349E-03 4.0412E-03 3.8281E-03 3.3142E-03 3.5291E-03 3.2897E-03 3.5956E-03 3.5555E-03 3.6600E-03 3.4743E-03 3.2954E-03 3.4003E-03 3.1071E-03
5.6199E-04 7.4576E-04 7.6242E-04 8.9985E-04 1.0773E-03 1.2427E-03 1.3835E-03 1.4967E-03 1.5689E-03 1.5974E-03 1.5824E-03 1.6215E-03 2.1341E-03 2.3115E-03 2.1017E-03 1.9158E-03 2.0196E-03 2.0108E-03 2.1199E-03 2.3638E-03 2.5761E-03 3.2359E-03 3.3046E-03 3.2926E-03 4.2712E-03 4.8333E-03 4.7018E-03 4.2677E-03 4.3117E-03 3.6446E-03 3.6256E-03 3.9920E-03 4.0479E-03 4.6284E-03 4.5529E-03 4.8003E-03 4.8880E-03 4.3462E-03 4.5651E-03 4.8422E-03 4.7525E-03 4.5756E-03 3.9449E-03 4.8904E-03 4.9514E-03 4.1409E-03 3.6572E-03 3.1878E-03 3.4027E-03 3.1762E-03 3.2575E-03 3.6045E-03 3.4602E-03 3.2715E-03 3.3098E-03 3.0894E-03 2.9116E-03
5.3097E-04 8.6998E-04 9.3080E-04 1.0864E-03 1.2637E-03 1.3749E-03 1.4329E-03 1.4233E-03 1.4808E-03 1.5047E-03 1.5242E-03 1.9062E-03 2.0605E-03 2.1803E-03 2.1207E-03 1.9935E-03 1.9964E-03 1.9826E-03 2.2574E-03 2.3848E-03 3.0138E-03 3.1116E-03 3.1872E-03 3.7808E-03 4.4267E-03 4.6604E-03 4.3878E-03 4.2951E-03 4.0143E-03 3.3409E-03 3.7019E-03 3.9552E-03 3.9916E-03 4.3357E-03 4.4215E-03 4.4374E-03 4.6324E-03 3.9203E-03 4.5357E-03 4.4269E-03 4.9322E-03 4.3972E-03 4.0136E-03 4.6363E-03 4.4858E-03 4.1324E-03 3.4783E-03 3.0729E-03 3.0089E-03 3.0557E-03 3.1771E-03 3.2702E-03 3.2526E-03 3.2744E-03 3.4138E-03 3.2021E-03 3.0891E-03
6.5379E-04 9.0224E-04 1.0667E-03 1.1902E-03 1.2613E-03 1.3466E-03 1.3365E-03 1.3593E-03 1.3672E-03 1.4679E-03 1.6709E-03 1.7513E-03 1.9280E-03 2.0692E-03 1.9911E-03 1.9048E-03 1.9805E-03 2.1356E-03 2.4528E-03 2.6777E-03 2.9132E-03 3.1666E-03 3.5095E-03 4.3381E-03 4.5915E-03 4.6075E-03 4.1610E-03 4.2654E-03 3.7656E-03 3.3822E-03 3.7328E-03 4.1305E-03 3.9238E-03 3.8798E-03 4.2090E-03 4.2071E-03 4.1814E-03 3.6958E-03 4.2195E-03 4.3638E-03 4.5372E-03 4.2527E-03 3.9684E-03 4.2453E-03 4.0460E-03 3.8372E-03 3.3005E-03 2.9240E-03 2.8387E-03 2.9970E-03 3.2141E-03 3.3419E-03 3.2724E-03 3.2673E-03 3.4081E-03 3.3318E-03 2.8102E-03
7.0903E-04 9.4111E-04 1.0970E-03 1.2460E-03 1.2915E-03 1.2350E-03 1.2624E-03 1.3373E-03 1.3195E-03 1.3440E-03 1.5043E-03 1.6366E-03 1.7626E-03 1.8659E-03 1.9031E-03 1.9656E-03 2.0707E-03 2.3041E-03 2.4560E-03 2.7553E-03 2.8934E-03 3.0665E-03 3.8111E-03 4.3800E-03 4.3642E-03 4.3970E-03 4.2211E-03 4.0746E-03 3.5569E-03 3.5190E-03 3.7651E-03 4.1088E-03 4.0673E-03 3.9184E-03 4.1075E-03 4.1369E-03 3.7425E-03 3.8695E-03 3.8400E-03 3.9625E-03 4.4580E-03 3.9476E-03 3.7747E-03 3.8764E-03 3.8135E-03 3.5609E-03 3.1205E-03 2.7152E-03 2.7417E-03 2.9348E-03 3.2440E-03 3.3443E-03 3.1337E-03 2.9570E-03 3.1845E-03 3.4667E-03 3.2723E-03
6.6491E-04 9.1714E-04 1.0878E-03 1.2053E-03 1.1339E-03 1.1865E-03 1.2791E-03 1.4004E-03 1.4794E-03 1.4874E-03 1.7277E-03 1.8645E-03 1.7269E-03 1.7507E-03 1.9634E-03 2.1326E-03 2.1009E-03 2.2389E-03 2.5724E-03 2.6716E-03 3.0232E-03 3.4217E-03 4.2863E-03 4.3454E-03 4.2993E-03 4.2627E-03 4.1444E-03 3.7716E-03 3.3120E-03 3.4153E-03 3.7471E-03 4.2147E-03 3.9037E-03 4.0591E-03 4.1919E-03 4.0534E-03 3.6388E-03 3.7714E-03 3.7124E-03 3.8652E-03 3.9786E-03 3.7708E-03 3.4963E-03 3.5346E-03 3.4992E-03 3.3027E-03 2.9395E-03 2.5880E-03 2.7522E-03 2.7469E-03 3.0034E-03 3.1664E-03 3.0056E-03 2.8584E-03 3.1407E-03 3.4046E-03 3.3686E-03
7.6190E-04 9.1189E-04 1.0562E-03 1.0014E-03 1.0829E-03 1.1789E-03 1.4182E-03 1.5773E-03 1.6491E-03 1.7198E-03 1.7957E-03 1.7917E-03 1.9392E-03 1.9190E-03 2.0349E-03 2.1362E-03 1.9957E-03 2.3566E-03 2.4914E-03 2.6990E-03 3.1010E-03 3.6760E-03 3.8960E-03 4.1366E-03 4.1492E-03 3.9441E-03 3.9001E-03 3.4590E-03 3.2726E-03 3.2283E-03 3.6955E-03 4.1130E-03 3.5374E-03 3.7997E-03 3.8569E-03 3.7999E-03 3.4726E-03 3.5595E-03 3.5207E-03 3.5227E-03 3.9478E-03 3.3779E-03 3.2175E-03 3.2263E-03 3.2121E-03 3.0585E-03 2.7563E-03 2.7225E-03 2.6438E-03 2.5028E-03 2.7684E-03 2.9792E-03 2.8675E-03 2.5070E-03 2.6097E-03 3.0309E-03 3.0667E-03
