20231023_webinar_progetto_murano/refs/data_input_report_tx_finale/grd_f3_sc_1/Average_Period.grd
DSAA
          81           81
 760250.0000  764250.0000
5036750.0000 5040750.0000
  0.7430E-03   0.3247E+01
[rows 0 to 24 of 81, columns 0 to 56 of 81]
1.5963E-03 2.0469E-03 2.4024E-03 2.6741E-03 2.8814E-03 3.0461E-03 3.2131E-03 3.3562E-03 3.4925E-03 3.6421E-03 3.8155E-03 4.0370E-03 4.3068E-03 4.5517E-03 4.8357E-03 5.1616E-03 5.4746E-03 5.7073E-03 5.8609E-03 5.9315E-03 5.9166E-03 5.8918E-03 5.9145E-03 5.9645E-03 6.0366E-03 6.1806E-03 6.4654E-03 6.9023E-03 7.2213E-03 7.3293E-03 7.3355E-03 7.4551E-03 7.8546E-03 8.3801E-03 8.7295E-03 8.9774E-03 9.2516E-03 9.5628E-03 9.7509E-03 9.8789E-03 1.0071E-02 1.0386E-02 1.0772E-02 1.1252E-02 1.1473E-02 1.1190E-02 1.0706E-02 1.0299E-02 9.8722E-03 9.4736E-03 9.1574E-03 8.9049E-03 8.6776E-03 8.4553E-03 8.1989E-03 7.8574E-03 7.4665E-03
2.0088E-03 2.5888E-03 3.0507E-03 3.3970E-03 3.6556E-03 3.8681E-03 4.0761E-03 4.2404E-03 4.3833E-03 4.5523E-03 4.7612E-03 5.0278E-03 5.3689E-03 5.6847E-03 6.0585E-03 6.4903E-03 6.9042E-03 7.2300E-03 7.4661E-03 7.5889E-03 7.5658E-03 7.4857E-03 7.4885E-03 7.5643E-03 7.6347E-03 7.7877E-03 8.1156E-03 8.6442E-03 9.0737E-03 9.2950E-03 9.3478E-03 9.4745E-03 9.9456E-03 1.0608E-02 1.1119E-02 1.1475E-02 1.1796E-02 1.2172E-02 1.2398E-02 1.2636E-02 1.2901E-02 1.3325E-02 1.3840E-02 1.4396E-02 1.4620E-02 1.4233E-02 1.3556E-02 1.2914E-02 1.2303E-02 1.1772E-02 1.1379E-02 1.1047E-02 1.0744E-02 1.0453E-02 1.0096E-02 9.6382E-03 9.1409E-03
2.3205E-03 2.9729E-03 3.4960E-03 3.8968E-03 4.2052E-03 4.4638E-03 4.6969E-03 4.8768E-03 5.0366E-03 5.2099E-03 5.4348E-03 5.7323E-03 6.1353E-03 6.5277E-03 6.9347E-03 7.3842E-03 7.8579E-03 8.3137E-03 8.6620E-03 8.8697E-03 8.8826E-03 8.7813E-03 8.7676E-03 8.8426E-03 8.9517E-03 9.1352E-03 9.4659E-03 1.0014E-02 1.0557E-02 1.0928E-02 1.1064E-02 1.1192E-02 1.1648E-02 1.2398E-02 1.3075E-02 1.3544E-02 1.3866E-02 1.4201E-02 1.4500E-02 1.4849E-02 1.5207E-02 1.5653E-02 1.6227E-02 1.6847E-02 1.7064E-02 1.6620E-02 1.5896E-02 1.5142E-02 1.4385E-02 1.3733E-02 1.3240E-02 1.2812E-02 1.2466E-02 1.2130E-02 1.1697E-02 1.1150E-02 1.0582E-02
2.5595E-03 3.2465E-03 3.7751E-03 4.1897E-03 4.5282E-03 4.8127E-03 5.0561E-03 5.2547E-03 5.4591E-03 5.6558E-03 5.8811E-03 6.1916E-03 6.6156E-03 7.0462E-03 7.4620E-03 7.9227E-03 8.4454E-03 8.9777E-03 9.4399E-03 9.7593E-03 9.8468E-03 9.7697E-03 9.7556E-03 9.8365E-03 9.9921E-03 1.0215E-02 1.0538E-02 1.1110E-02 1.1786E-02 1.2269E-02 1.2483E-02 1.2635E-02 1.3043E-02 1.3825E-02 1.4615E-02 1.5161E-02 1.5537E-02 1.5894E-02 1.6269E-02 1.6650E-02 1.7030E-02 1.7531E-02 1.8247E-02 1.8957E-02 1.9113E-02 1.8575E-02 1.7813E-02 1.7020E-02 1.6213E-02 1.5474E-02 1.4857E-02 1.4332E-02 1.3924E-02 1.3509E-02 1.2997E-02 1.2390E-02 1.1778E-02
2.7709E-03 3.4857E-03 4.0052E-03 4.3995E-03 4.7210E-03 4.9964E-03 5.2465E-03 5.4600E-03 5.7006E-03 5.9391E-03 6.1835E-03 6.4792E-03 6.8694E-03 7.3159E-03 7.7552E-03 8.2025E-03 8.7270E-03 9.3081E-03 9.8849E-03 1.0338E-02 1.0568E-02 1.0569E-02 1.0578E-02 1.0685E-02 1.0869E-02 1.1172E-02 1.1514E-02 1.2080E-02 1.2764E-02 1.3348E-02 1.3698E-02 1.3920E-02 1.4331E-02 1.5180E-02 1.6013E-02 1.6545E-02 1.6952E-02 1.7396E-02 1.7847E-02 1.8226E-02 1.8593E-02 1.9229E-02 2.0134E-02 2.0925E-02 2.1022E-02 2.0381E-02 1.9506E-02 1.8647E-02 1.7813E-02 1.7023E-02 1.6331E-02 1.5745E-02 1.5254E-02 1.4701E-02 1.4076E-02 1.3420E-02 1.2761E-02
2.9899E-03 3.7340E-03 4.2440E-03 4.6019E-03 4.8792E-03 5.1292E-03 5.3765E-03 5.6201E-03 5.8819E-03 6.1506E-03 6.4121E-03 6.6757E-03 7.0166E-03 7.4624E-03 7.9227E-03 8.3663E-03 8.8823E-03 9.4827E-03 1.0121E-02 1.0697E-02 1.1110E-02 1.1266E-02 1.1328E-02 1.1448E-02 1.1682E-02 1.2107E-02 1.2526E-02 1.3043E-02 1.3638E-02 1.4289E-02 1.4820E-02 1.5201E-02 1.5678E-02 1.6576E-02 1.7479E-02 1.8043E-02 1.8392E-02 1.8775E-02 1.9261E-02 1.9695E-02 2.0091E-02 2.0791E-02 2.1796E-02 2.2703E-02 2.2789E-02 2.2023E-02 2.1052E-02 2.0163E-02 1.9309E-02 1.8463E-02 1.7707E-02 1.7099E-02 1.6520E-02 1.5816E-02 1.5077E-02 1.4356E-02 1.3624E-02
3.2021E-03 3.9977E-03 4.5030E-03 4.8263E-03 5.0648E-03 5.2682E-03 5.4878E-03 5.7617E-03 6.0562E-03 6.3365E-03 6.5958E-03 6.8484E-03 7.1527E-03 7.5532E-03 8.0283E-03 8.5103E-03 9.0289E-03 9.5946E-03 1.0227E-02 1.0876E-02 1.1423E-02 1.1789E-02 1.1971E-02 1.2135E-02 1.2438E-02 1.2976E-02 1.3482E-02 1.3982E-02 1.4506E-02 1.5179E-02 1.5886E-02 1.6461E-02 1.6965E-02 1.7838E-02 1.8841E-02 1.9521E-02 1.9873E-02 2.0191E-02 2.0729E-02 2.1171E-02 2.1576E-02 2.2271E-02 2.3327E-02 2.4319E-02 2.4382E-02 2.3465E-02 2.2407E-02 2.1558E-02 2.0708E-02 1.9798E-02 1.8970E-02 1.8313E-02 1.7661E-02 1.6856E-02 1.6010E-02 1.5218E-02 1.4445E-02
3.3384E-03 4.2012E-03 4.7402E-03 5.0699E-03 5.2695E-03 5.4154E-03 5.5941E-03 5.8632E-03 6.1899E-03 6.4913E-03 6.7759E-03 7.0618E-03 7.3575E-03 7.6882E-03 8.1220E-03 8.6394E-03 9.1568E-03 9.6681E-03 1.0283E-02 1.0981E-02 1.1645E-02 1.2227E-02 1.2622E-02 1.2856E-02 1.3183E-02 1.3801E-02 1.4355E-02 1.4816E-02 1.5330E-02 1.6065E-02 1.6864E-02 1.7520E-02 1.8037E-02 1.8813E-02 1.9923E-02 2.0746E-02 2.1174E-02 2.1637E-02 2.2249E-02 2.2689E-02 2.2987E-02 2.3724E-02 2.4824E-02 2.5858E-02 2.5877E-02 2.4889E-02 2.3780E-02 2.2930E-02 2.2029E-02 2.1037E-02 2.0166E-02 1.9438E-02 1.8694E-02 1.7798E-02 1.6855E-02 1.5986E-02 1.5167E-02
3.4028E-03 4.3293E-03 4.9196E-03 5.2824E-03 5.4676E-03 5.5695E-03 5.7016E-03 5.9197E-03 6.2285E-03 6.5469E-03 6.8542E-03 7.1734E-03 7.5088E-03 7.8264E-03 8.1928E-03 8.6529E-03 9.1525E-03 9.6555E-03 1.0291E-02 1.1025E-02 1.1742E-02 1.2476E-02 1.3138E-02 1.3535E-02 1.3876E-02 1.4528E-02 1.5168E-02 1.5621E-02 1.6125E-02 1.6820E-02 1.7562E-02 1.8197E-02 1.8750E-02 1.9599E-02 2.0906E-02 2.1886E-02 2.2334E-02 2.2866E-02 2.3567E-02 2.3979E-02 2.4308E-02 2.5164E-02 2.6402E-02 2.7472E-02 2.7357E-02 2.6317E-02 2.5214E-02 2.4294E-02 2.3303E-02 2.2215E-02 2.1260E-02 2.0507E-02 1.9681E-02 1.8645E-02 1.7609E-02 1.6662E-02 1.5795E-02
3.3919E-03 4.3588E-03 5.0168E-03 5.4395E-03 5.6498E-03 5.7331E-03 5.8145E-03 5.9594E-03 6.2170E-03 6.5256E-03 6.8324E-03 7.1697E-03 7.5756E-03 7.9533E-03 8.2889E-03 8.6830E-03 9.1648E-03 9.6693E-03 1.0270E-02 1.1017E-02 1.1793E-02 1.2644E-02 1.3480E-02 1.4067E-02 1.4464E-02 1.5128E-02 1.5914E-02 1.6486E-02 1.6978E-02 1.7608E-02 1.8254E-02 1.8871E-02 1.9471E-02 2.0367E-02 2.1749E-02 2.2906E-02 2.3383E-02 2.3908E-02 2.4743E-02 2.5136E-02 2.5575E-02 2.6645E-02 2.8125E-02 2.9210E-02 2.8877E-02 2.7695E-02 2.6582E-02 2.5657E-02 2.4586E-02 2.3375E-02 2.2305E-02 2.1483E-02 2.0539E-02 1.9408E-02 1.8294E-02 1.7264E-02 1.6327E-02
3.2936E-03 4.2556E-03 5.0051E-03 5.5210E-03 5.8039E-03 5.9317E-03 5.9690E-03 6.0269E-03 6.2033E-03 6.4635E-03 6.8058E-03 7.1945E-03 7.6426E-03 8.0897E-03 8.4561E-03 8.8019E-03 9.2204E-03 9.6968E-03 1.0254E-02 1.0995E-02 1.1815E-02 1.2764E-02 1.3759E-02 1.4565E-02 1.5092E-02 1.5750E-02 1.6658E-02 1.7446E-02 1.7892E-02 1.8409E-02 1.8984E-02 1.9706E-02 2.0414E-02 2.1178E-02 2.2566E-02 2.3876E-02 2.4418E-02 2.5018E-02 2.5814E-02 2.6434E-02 2.7012E-02 2.8267E-02 2.9914E-02 3.0968E-02 3.0434E-02 2.9088E-02 2.7970E-02 2.7040E-02 2.5820E-02 2.4506E-02 2.3349E-02 2.2380E-02 2.1283E-02 2.0078E-02 1.8893E-02 1.7772E-02 1.6763E-02
3.1993E-03 4.1396E-03 4.9248E-03 5.5187E-03 5.9046E-03 6.1192E-03 6.1802E-03 6.1796E-03 6.2637E-03 6.4636E-03 6.7931E-03 7.2302E-03 7.7237E-03 8.1883E-03 8.6164E-03 8.9606E-03 9.3230E-03 9.7904E-03 1.0364E-02 1.1009E-02 1.1788E-02 1.2821E-02 1.3988E-02 1.4976E-02 1.5698E-02 1.6431E-02 1.7406E-02 1.8452E-02 1.8934E-02 1.9293E-02 1.9851E-02 2.0739E-02 2.1437E-02 2.2156E-02 2.3470E-02 2.4922E-02 2.5658E-02 2.6271E-02 2.6947E-02 2.7763E-02 2.8515E-02 2.9854E-02 3.1774E-02 3.2850E-02 3.2069E-02 3.0576E-02 2.9439E-02 2.8411E-02 2.7022E-02 2.5614E-02 2.4431E-02 2.3290E-02 2.2014E-02 2.0713E-02 1.9445E-02 1.8254E-02 1.7221E-02
3.1900E-03 4.1124E-03 4.8662E-03 5.4804E-03 5.9638E-03 6.2857E-03 6.4234E-03 6.4386E-03 6.4784E-03 6.6009E-03 6.8365E-03 7.2235E-03 7.7094E-03 8.1900E-03 8.6865E-03 9.1035E-03 9.4721E-03 9.9622E-03 1.0585E-02 1.1207E-02 1.1901E-02 1.2926E-02 1.4155E-02 1.5245E-02 1.6249E-02 1.7275E-02 1.8262E-02 1.9417E-02 2.0110E-02 2.0320E-02 2.0807E-02 2.1712E-02 2.2523E-02 2.3321E-02 2.4440E-02 2.6008E-02 2.7116E-02 2.7711E-02 2.8413E-02 2.9270E-02 3.0033E-02 3.1523E-02 3.3643E-02 3.4765E-02 3.3821E-02 3.2213E-02 3.0963E-02 2.9728E-02 2.8176E-02 2.6667E-02 2.5402E-02 2.4148E-02 2.2742E-02 2.1337E-02 1.9990E-02 1.8788E-02 1.7783E-02
3.2177E-03 4.1341E-03 4.8409E-03 5.4328E-03 5.9722E-03 6.3899E-03 6.6297E-03 6.7226E-03 6.7922E-03 6.8688E-03 6.9970E-03 7.2359E-03 7.6377E-03 8.1516E-03 8.7224E-03 9.2669E-03 9.7263E-03 1.0198E-02 1.0814E-02 1.1492E-02 1.2147E-02 1.3095E-02 1.4265E-02 1.5466E-02 1.6820E-02 1.8264E-02 1.9239E-02 2.0228E-02 2.1186E-02 2.1449E-02 2.1770E-02 2.2591E-02 2.3574E-02 2.4378E-02 2.5488E-02 2.7281E-02 2.8520E-02 2.9094E-02 2.9944E-02 3.0697E-02 3.1496E-02 3.3179E-02 3.5528E-02 3.6660E-02 3.5595E-02 3.3908E-02 3.2505E-02 3.1046E-02 2.9367E-02 2.7782E-02 2.6363E-02 2.4978E-02 2.3485E-02 2.1970E-02 2.0542E-02 1.9337E-02 1.8362E-02
3.2286E-03 4.1469E-03 4.8397E-03 5.3940E-03 5.9076E-03 6.3707E-03 6.7049E-03 6.9254E-03 7.0997E-03 7.2130E-03 7.2840E-03 7.3944E-03 7.6825E-03 8.1392E-03 8.7237E-03 9.4073E-03 1.0073E-02 1.0604E-02 1.1206E-02 1.1916E-02 1.2664E-02 1.3572E-02 1.4684E-02 1.5933E-02 1.7435E-02 1.9213E-02 2.0403E-02 2.1158E-02 2.2282E-02 2.2735E-02 2.2922E-02 2.3673E-02 2.4696E-02 2.5599E-02 2.6681E-02 2.8416E-02 2.9930E-02 3.0699E-02 3.1563E-02 3.2375E-02 3.3231E-02 3.5130E-02 3.7656E-02 3.8746E-02 3.7411E-02 3.5608E-02 3.4028E-02 3.2383E-02 3.0620E-02 2.9054E-02 2.7511E-02 2.5870E-02 2.4192E-02 2.2592E-02 2.1159E-02 1.9950E-02 1.8913E-02
3.2301E-03 4.1653E-03 4.8801E-03 5.4126E-03 5.8731E-03 6.3199E-03 6.7081E-03 7.0351E-03 7.3223E-03 7.5399E-03 7.6517E-03 7.7254E-03 7.9085E-03 8.2562E-03 8.7941E-03 9.5744E-03 1.0462E-02 1.1252E-02 1.2002E-02 1.2742E-02 1.3618E-02 1.4557E-02 1.5658E-02 1.6896E-02 1.8401E-02 2.0305E-02 2.1784E-02 2.2616E-02 2.3567E-02 2.4237E-02 2.4342E-02 2.4994E-02 2.6074E-02 2.7002E-02 2.8077E-02 2.9817E-02 3.1603E-02 3.2761E-02 3.3677E-02 3.4355E-02 3.5197E-02 3.7177E-02 4.0159E-02 4.1197E-02 3.9344E-02 3.7339E-02 3.5710E-02 3.3928E-02 3.2089E-02 3.0450E-02 2.8727E-02 2.6809E-02 2.4939E-02 2.3248E-02 2.1812E-02 2.0593E-02 1.9480E-02
3.2382E-03 4.1879E-03 4.9207E-03 5.4557E-03 5.8977E-03 6.3111E-03 6.6688E-03 7.0461E-03 7.4225E-03 7.7476E-03 7.9725E-03 8.1139E-03 8.2400E-03 8.4743E-03 8.9320E-03 9.7185E-03 1.0633E-02 1.1678E-02 1.2809E-02 1.3682E-02 1.4598E-02 1.5554E-02 1.6652E-02 1.8066E-02 1.9547E-02 2.1374E-02 2.3090E-02 2.4104E-02 2.4888E-02 2.5767E-02 2.5922E-02 2.6375E-02 2.7380E-02 2.8312E-02 2.9536E-02 3.1336E-02 3.3457E-02 3.4677E-02 3.5703E-02 3.6630E-02 3.7711E-02 3.9698E-02 4.2646E-02 4.3559E-02 4.1450E-02 3.9285E-02 3.7524E-02 3.5569E-02 3.3604E-02 3.1802E-02 2.9831E-02 2.7730E-02 2.5772E-02 2.4005E-02 2.2527E-02 2.1262E-02 2.0077E-02
3.2290E-03 4.1721E-03 4.9120E-03 5.4722E-03 5.9395E-03 6.3580E-03 6.6828E-03 7.0438E-03 7.4404E-03 7.8018E-03 8.1818E-03 8.4843E-03 8.6643E-03 8.8612E-03 9.2557E-03 1.0004E-02 1.0942E-02 1.1973E-02 1.3231E-02 1.4378E-02 1.5396E-02 1.6366E-02 1.7480E-02 1.8957E-02 2.0427E-02 2.2082E-02 2.4011E-02 2.5395E-02 2.5984E-02 2.6885E-02 2.7526E-02 2.7983E-02 2.8666E-02 2.9548E-02 3.0958E-02 3.2886E-02 3.5360E-02 3.6667E-02 3.7876E-02 3.9019E-02 4.0293E-02 4.2523E-02 4.5356E-02 4.5868E-02 4.3720E-02 4.1548E-02 3.9566E-02 3.7354E-02 3.5167E-02 3.3092E-02 3.0899E-02 2.8635E-02 2.6608E-02 2.4821E-02 2.3327E-02 2.1982E-02 2.0680E-02
3.2153E-03 4.1425E-03 4.8803E-03 5.4730E-03 5.9678E-03 6.4050E-03 6.7352E-03 7.0857E-03 7.4301E-03 7.7843E-03 8.2443E-03 8.7040E-03 9.0500E-03 9.3361E-03 9.7214E-03 1.0421E-02 1.1271E-02 1.2102E-02 1.3150E-02 1.4592E-02 1.5987E-02 1.6948E-02 1.7940E-02 1.9233E-02 2.0834E-02 2.2574E-02 2.4801E-02 2.6591E-02 2.7321E-02 2.7800E-02 2.8793E-02 2.9416E-02 2.9911E-02 3.0867E-02 3.2349E-02 3.4422E-02 3.7204E-02 3.9038E-02 4.0609E-02 4.1783E-02 4.2911E-02 4.5228E-02 4.8469E-02 4.8754E-02 4.6289E-02 4.3973E-02 4.1818E-02 3.9340E-02 3.6937E-02 3.4535E-02 3.1987E-02 2.9560E-02 2.7494E-02 2.5727E-02 2.4211E-02 2.2743E-02 2.1297E-02
3.2242E-03 4.1437E-03 4.8760E-03 5.4760E-03 5.9742E-03 6.4176E-03 6.7912E-03 7.1584E-03 7.4797E-03 7.8317E-03 8.2541E-03 8.7380E-03 9.2617E-03 9.7959E-03 1.0263E-02 1.0887E-02 1.1616E-02 1.2262E-02 1.3081E-02 1.4363E-02 1.5857E-02 1.7056E-02 1.8207E-02 1.9384E-02 2.1169E-02 2.3134E-02 2.5235E-02 2.7277E-02 2.8741E-02 2.9192E-02 2.9836E-02 3.0770E-02 3.1513E-02 3.2459E-02 3.4056E-02 3.6010E-02 3.9087E-02 4.1759E-02 4.3602E-02 4.4751E-02 4.5636E-02 4.8125E-02 5.1874E-02 5.2297E-02 4.9393E-02 4.6695E-02 4.4190E-02 4.1450E-02 3.8826E-02 3.5988E-02 3.3038E-02 3.0459E-02 2.8393E-02 2.6649E-02 2.5003E-02 2.3395E-02 2.1820E-02
3.2637E-03 4.2036E-03 4.9364E-03 5.5177E-03 5.9955E-03 6.4481E-03 6.8593E-03 7.2370E-03 7.5684E-03 7.9491E-03 8.3344E-03 8.7556E-03 9.3067E-03 1.0017E-02 1.0691E-02 1.1372E-02 1.2045E-02 1.2586E-02 1.3247E-02 1.4135E-02 1.5479E-02 1.7065E-02 1.8365E-02 1.9592E-02 2.1207E-02 2.3268E-02 2.5342E-02 2.7629E-02 2.9939E-02 3.1034E-02 3.1337E-02 3.2626E-02 3.3596E-02 3.4326E-02 3.6071E-02 3.8236E-02 4.1299E-02 4.4559E-02 4.6525E-02 4.7825E-02 4.8713E-02 5.1368E-02 5.5584E-02 5.5825E-02 5.2839E-02 4.9892E-02 4.6825E-02 4.3658E-02 4.0622E-02 3.7277E-02 3.4076E-02 3.1454E-02 2.9361E-02 2.7565E-02 2.5794E-02 2.4014E-02 2.2229E-02
3.2665E-03 4.2381E-03 5.0193E-03 5.6126E-03 6.0885E-03 6.5559E-03 6.9799E-03 7.3533E-03 7.6646E-03 7.9950E-03 8.3883E-03 8.8190E-03 9.3057E-03 1.0035E-02 1.0936E-02 1.1905E-02 1.2696E-02 1.3202E-02 1.3666E-02 1.4202E-02 1.5176E-02 1.6722E-02 1.8112E-02 1.9526E-02 2.1263E-02 2.3269E-02 2.5642E-02 2.8029E-02 3.0685E-02 3.2794E-02 3.3341E-02 3.4466E-02 3.5435E-02 3.6257E-02 3.7983E-02 4.0394E-02 4.3432E-02 4.7432E-02 4.9606E-02 5.1191E-02 5.2533E-02 5.5773E-02 6.0142E-02 5.9586E-02 5.6391E-02 5.3295E-02 4.9641E-02 4.5897E-02 4.2433E-02 3.8617E-02 3.5277E-02 3.2706E-02 3.0554E-02 2.8510E-02 2.6540E-02 2.4548E-02 2.2533E-02
3.1797E-03 4.1530E-03 4.9798E-03 5.6456E-03 6.1982E-03 6.6944E-03 7.1025E-03 7.4738E-03 7.8042E-03 8.1140E-03 8.4671E-03 8.9033E-03 9.3874E-03 1.0056E-02 1.0992E-02 1.2219E-02 1.3350E-02 1.3958E-02 1.4304E-02 1.4658E-02 1.5264E-02 1.6370E-02 1.7869E-02 1.9690E-02 2.1340E-02 2.3150E-02 2.5731E-02 2.8561E-02 3.1497E-02 3.4441E-02 3.5746E-02 3.6042E-02 3.7213E-02 3.8244E-02 3.9797E-02 4.2391E-02 4.5805E-02 5.0218E-02 5.2717E-02 5.4888E-02 5.6881E-02 6.0441E-02 6.4827E-02 6.3802E-02 6.0037E-02 5.6554E-02 5.2374E-02 4.8140E-02 4.4168E-02 4.0053E-02 3.6779E-02 3.4252E-02 3.1964E-02 2.9538E-02 2.7146E-02 2.4840E-02 2.2706E-02
3.0235E-03 3.9572E-03 4.7913E-03 5.5136E-03 6.1645E-03 6.7456E-03 7.2054E-03 7.6186E-03 7.9962E-03 8.3518E-03 8.7213E-03 9.1455E-03 9.6312E-03 1.0228E-02 1.1078E-02 1.2242E-02 1.3567E-02 1.4599E-02 1.5011E-02 1.5188E-02 1.5778E-02 1.6475E-02 1.7756E-02 1.9619E-02 2.1312E-02 2.3175E-02 2.5247E-02 2.8143E-02 3.1482E-02 3.4964E-02 3.7391E-02 3.7905E-02 3.8919E-02 4.0304E-02 4.1888E-02 4.4888E-02 4.8478E-02 5.3239E-02 5.6539E-02 5.9033E-02 6.1524E-02 6.5480E-02 7.0051E-02 6.8135E-02 6.3855E-02 5.9764E-02 5.5149E-02 5.0560E-02 4.5922E-02 4.1683E-02 3.8593E-02 3.6081E-02 3.3488E-02 3.0601E-02 2.7682E-02 2.5054E-02 2.2932E-02
2.8777E-03 3.7692E-03 4.5666E-03 5.2567E-03 5.9101E-03 6.5713E-03 7.1677E-03 7.7225E-03 8.2035E-03 8.6239E-03 9.0978E-03 9.5732E-03 1.0021E-02 1.0552E-02 1.1275E-02 1.2274E-02 1.3542E-02 1.4850E-02 1.5705E-02 1.5961E-02 1.6423E-02 1.6895E-02 1.7665E-02 1.9231E-02 2.1192E-02 2.3298E-02 2.5182E-02 2.7855E-02 3.1197E-02 3.4901E-02 3.8470E-02 4.0156E-02 4.0827E-02 4.2886E-02 4.4697E-02 4.7302E-02 5.0979E-02 5.6469E-02 6.0929E-02 6.3739E-02 6.6392E-02 7.1095E-02 7.5905E-02 7.2983E-02 6.7994E-02 6.3238E-02 5.8209E-02 5.3103E-02 4.7850E-02 4.3660E-02 4.0585E-02 3.7868E-02 3.4843E-02 3.1463E-02 2.8110E-02 2.5370E-02 2.3341E-02
