20231023_webinar_progetto_murano/refs/data_input_report_tx_finale/grd_f3_sc_1/Average_Period.grd
DSAA
          81           81
 760250.0000  764250.0000
5036750.0000 5040750.0000
  0.7430E-03   0.3247E+01
[rows 50 to 74 of 81, columns 0 to 56 of 81]
2.2717E-03 2.9704E-03 3.3872E-03 3.6191E-03 3.8676E-03 4.0424E-03 4.2452E-03 4.4432E-03 4.5994E-03 4.7126E-03 4.8023E-03 4.9654E-03 5.1780E-03 5.4940E-03 5.8230E-03 6.1886E-03 6.4815E-03 6.9443E-03 7.3909E-03 7.5259E-03 7.9294E-03 8.4357E-03 9.0610E-03 9.6201E-03 1.0408E-02 1.0769E-02 1.0219E-02 9.3418E-03 8.5670E-03 9.2443E-03 1.1271E-02 1.4008E-02 1.6946E-02 2.0928E-02 2.7097E-02 3.1803E-02 4.3264E-02 5.7454E-02 7.1096E-02 8.8654E-02 8.3786E-02 6.9766E-02 6.4616E-02 6.3659E-02 6.4060E-02 6.1333E-02 5.7648E-02 5.1997E-02 4.4764E-02 3.8905E-02 3.6231E-02 3.3390E-02 3.0164E-02 2.6884E-02 2.4310E-02 2.2705E-02 2.1033E-02
2.1201E-03 2.7233E-03 3.0970E-03 3.3660E-03 3.5957E-03 3.7913E-03 3.9998E-03 4.1458E-03 4.2548E-03 4.3620E-03 4.4356E-03 4.5686E-03 4.7903E-03 5.0888E-03 5.5356E-03 5.9809E-03 6.6188E-03 6.9605E-03 7.3905E-03 7.7170E-03 8.3341E-03 9.2008E-03 9.4904E-03 9.8904E-03 9.3066E-03 8.5780E-03 8.3392E-03 8.5797E-03 8.6413E-03 9.5407E-03 1.1142E-02 1.3547E-02 1.7324E-02 2.2044E-02 2.4216E-02 3.1490E-02 4.2048E-02 4.7995E-02 5.8912E-02 6.9755E-02 6.4334E-02 5.5041E-02 5.0329E-02 4.9920E-02 5.2180E-02 5.2448E-02 4.8730E-02 4.7212E-02 4.2819E-02 3.5286E-02 3.1979E-02 3.0519E-02 2.7850E-02 2.5893E-02 2.3380E-02 2.1695E-02 1.9981E-02
1.9921E-03 2.5601E-03 2.9551E-03 3.2125E-03 3.3804E-03 3.5372E-03 3.7452E-03 3.9477E-03 4.0449E-03 4.1444E-03 4.2423E-03 4.3797E-03 4.6930E-03 5.0670E-03 5.4329E-03 5.9441E-03 6.5878E-03 7.3228E-03 7.9439E-03 8.2612E-03 8.5878E-03 8.7351E-03 8.2348E-03 7.8076E-03 7.2717E-03 7.1459E-03 7.4899E-03 7.9827E-03 8.7413E-03 1.0100E-02 1.1549E-02 1.3080E-02 1.7444E-02 2.0071E-02 2.4766E-02 3.1832E-02 3.6692E-02 4.2587E-02 5.1886E-02 5.7021E-02 5.2643E-02 4.5162E-02 4.1354E-02 4.0231E-02 4.1723E-02 4.3946E-02 4.2267E-02 4.0055E-02 3.9246E-02 3.5607E-02 3.0111E-02 2.6642E-02 2.5242E-02 2.4063E-02 2.2455E-02 2.1265E-02 1.9392E-02
1.8722E-03 2.4293E-03 2.8343E-03 3.0328E-03 3.1460E-03 3.2762E-03 3.4871E-03 3.7968E-03 3.9292E-03 4.1267E-03 4.2155E-03 4.4214E-03 4.6910E-03 5.1428E-03 5.5778E-03 6.0157E-03 6.7105E-03 7.3848E-03 7.7287E-03 7.5318E-03 7.2865E-03 7.0132E-03 6.6953E-03 6.6516E-03 6.5042E-03 6.6405E-03 7.3641E-03 8.1839E-03 8.7072E-03 9.3690E-03 1.1580E-02 1.4595E-02 1.6616E-02 1.9829E-02 2.5146E-02 2.9563E-02 3.2236E-02 3.8925E-02 4.6099E-02 4.7084E-02 4.2820E-02 3.7293E-02 3.6202E-02 3.4239E-02 3.4354E-02 3.7035E-02 3.6573E-02 3.4731E-02 3.3754E-02 3.2962E-02 2.9843E-02 2.5406E-02 2.2631E-02 2.1779E-02 2.1085E-02 2.0318E-02 1.8788E-02
1.7555E-03 2.2676E-03 2.6866E-03 2.9047E-03 3.0731E-03 3.2378E-03 3.4189E-03 3.6373E-03 3.8246E-03 4.0331E-03 4.4267E-03 4.5891E-03 4.8697E-03 5.3275E-03 5.6877E-03 6.0843E-03 6.4828E-03 6.6385E-03 6.4655E-03 6.0822E-03 5.9062E-03 5.9128E-03 5.9854E-03 6.1230E-03 6.3948E-03 6.8242E-03 7.4907E-03 8.2440E-03 8.6219E-03 1.0387E-02 1.2599E-02 1.4060E-02 1.6775E-02 2.1065E-02 2.4483E-02 2.6703E-02 3.0236E-02 3.4478E-02 4.0715E-02 4.0973E-02 3.6504E-02 3.1532E-02 3.1157E-02 2.9844E-02 2.9271E-02 3.0629E-02 3.1714E-02 3.1369E-02 2.9694E-02 2.8714E-02 2.7849E-02 2.5392E-02 2.1745E-02 2.0019E-02 1.9615E-02 1.9070E-02 1.7992E-02
1.6761E-03 2.1733E-03 2.6186E-03 2.9091E-03 3.1407E-03 3.2352E-03 3.3620E-03 3.5700E-03 3.8534E-03 4.1649E-03 4.5275E-03 4.7169E-03 4.9022E-03 5.2055E-03 5.4079E-03 5.5314E-03 5.5784E-03 5.4756E-03 5.4035E-03 5.3131E-03 5.5203E-03 5.8189E-03 5.8224E-03 5.8290E-03 6.3045E-03 6.8342E-03 7.2788E-03 7.7067E-03 9.4986E-03 1.1979E-02 1.2136E-02 1.4258E-02 1.8209E-02 2.0825E-02 2.3241E-02 2.4409E-02 2.7848E-02 3.1987E-02 3.5779E-02 3.4791E-02 3.0925E-02 2.7680E-02 2.7189E-02 2.6302E-02 2.6060E-02 2.6344E-02 2.7858E-02 2.8249E-02 2.6961E-02 2.5587E-02 2.5323E-02 2.4634E-02 2.2283E-02 1.9936E-02 1.8366E-02 1.7819E-02 1.6997E-02
1.6900E-03 2.1857E-03 2.5469E-03 2.8314E-03 3.0506E-03 3.2739E-03 3.4732E-03 3.6437E-03 3.9750E-03 4.2865E-03 4.5268E-03 4.7399E-03 4.7213E-03 4.5503E-03 4.4823E-03 4.5922E-03 4.5885E-03 4.6559E-03 4.8458E-03 5.0912E-03 5.5499E-03 5.8172E-03 5.6950E-03 5.6994E-03 5.9992E-03 6.4676E-03 6.8296E-03 8.1095E-03 1.0631E-02 1.1519E-02 1.1733E-02 1.5042E-02 1.7853E-02 1.9483E-02 2.0722E-02 2.3086E-02 2.6210E-02 2.8953E-02 3.0421E-02 2.9375E-02 2.6057E-02 2.4140E-02 2.3824E-02 2.3495E-02 2.3652E-02 2.3525E-02 2.4426E-02 2.6292E-02 2.4631E-02 2.3281E-02 2.3017E-02 2.3097E-02 2.2197E-02 2.0126E-02 1.8270E-02 1.6874E-02 1.5826E-02
1.7043E-03 2.1897E-03 2.5437E-03 2.8946E-03 3.1399E-03 3.3983E-03 3.6493E-03 3.8283E-03 4.0728E-03 4.2414E-03 4.2489E-03 4.2978E-03 4.1256E-03 3.8592E-03 3.8658E-03 4.0174E-03 4.2133E-03 4.4277E-03 4.6333E-03 4.8995E-03 5.1272E-03 5.3046E-03 5.4798E-03 5.5416E-03 5.5989E-03 6.1807E-03 7.4687E-03 9.2309E-03 9.9814E-03 1.0529E-02 1.2555E-02 1.4924E-02 1.6574E-02 1.8191E-02 1.9340E-02 2.1822E-02 2.4318E-02 2.6434E-02 2.7124E-02 2.5558E-02 2.3120E-02 2.1406E-02 2.1415E-02 2.1327E-02 2.1476E-02 2.1092E-02 2.1594E-02 2.3575E-02 2.2523E-02 2.1268E-02 2.0838E-02 2.1021E-02 2.0620E-02 1.9714E-02 1.8227E-02 1.6359E-02 1.5184E-02
1.7665E-03 2.2786E-03 2.5965E-03 2.9173E-03 3.2675E-03 3.5877E-03 3.8570E-03 3.8391E-03 3.6753E-03 3.5783E-03 3.5424E-03 3.6174E-03 3.5782E-03 3.5101E-03 3.6238E-03 3.8182E-03 4.0829E-03 4.2856E-03 4.4398E-03 4.5983E-03 4.7907E-03 5.0443E-03 5.3262E-03 5.3733E-03 5.6484E-03 6.7606E-03 8.5416E-03 9.3319E-03 9.4762E-03 1.0762E-02 1.3191E-02 1.4480E-02 1.5646E-02 1.6720E-02 1.8156E-02 2.0232E-02 2.2466E-02 2.4614E-02 2.5062E-02 2.3297E-02 2.1043E-02 1.9314E-02 1.9476E-02 1.9949E-02 1.9803E-02 1.9557E-02 1.9290E-02 2.0326E-02 2.0775E-02 1.9503E-02 1.8889E-02 1.8719E-02 1.8389E-02 1.8302E-02 1.7506E-02 1.5981E-02 1.4809E-02
1.8189E-03 2.3854E-03 2.7754E-03 3.0866E-03 3.3127E-03 3.4793E-03 3.5904E-03 3.4035E-03 3.0562E-03 3.0157E-03 3.2290E-03 3.4443E-03 3.4287E-03 3.4489E-03 3.6176E-03 3.8252E-03 4.0165E-03 4.1393E-03 4.2592E-03 4.4944E-03 4.7322E-03 4.9430E-03 5.1414E-03 5.4775E-03 6.2979E-03 7.5602E-03 8.6021E-03 8.7333E-03 9.8401E-03 1.1962E-02 1.3186E-02 1.4002E-02 1.4697E-02 1.5092E-02 1.7019E-02 1.8965E-02 2.0751E-02 2.2282E-02 2.2063E-02 2.0674E-02 1.9226E-02 1.7611E-02 1.7910E-02 1.8340E-02 1.8377E-02 1.8192E-02 1.7274E-02 1.7816E-02 1.8862E-02 1.7937E-02 1.7421E-02 1.7078E-02 1.6647E-02 1.6616E-02 1.6163E-02 1.5347E-02 1.4306E-02
1.9026E-03 2.4754E-03 2.8244E-03 2.9806E-03 3.0038E-03 2.9696E-03 2.9008E-03 2.8387E-03 2.8646E-03 3.0617E-03 3.3045E-03 3.4322E-03 3.3754E-03 3.4134E-03 3.6097E-03 3.7387E-03 3.8807E-03 4.0458E-03 4.2442E-03 4.5141E-03 4.6784E-03 4.9187E-03 5.3638E-03 6.0256E-03 6.9951E-03 7.7404E-03 8.0820E-03 8.7685E-03 1.0555E-02 1.1878E-02 1.2576E-02 1.3409E-02 1.3730E-02 1.4443E-02 1.6369E-02 1.7488E-02 1.9036E-02 2.0174E-02 1.9754E-02 1.8712E-02 1.7782E-02 1.7019E-02 1.6862E-02 1.6950E-02 1.7228E-02 1.6984E-02 1.6051E-02 1.6076E-02 1.6953E-02 1.6868E-02 1.6188E-02 1.5526E-02 1.5154E-02 1.5082E-02 1.5014E-02 1.4526E-02 1.3800E-02
1.9016E-03 2.3751E-03 2.5499E-03 2.5503E-03 2.5139E-03 2.5359E-03 2.5811E-03 2.6905E-03 2.8984E-03 3.1263E-03 3.2316E-03 3.3040E-03 3.3161E-03 3.4512E-03 3.5675E-03 3.7122E-03 3.8489E-03 4.0845E-03 4.2621E-03 4.4666E-03 4.7890E-03 5.1200E-03 5.7624E-03 6.6681E-03 7.1341E-03 7.3358E-03 7.9565E-03 9.6615E-03 1.0981E-02 1.1275E-02 1.1972E-02 1.2738E-02 1.2743E-02 1.3612E-02 1.5013E-02 1.6209E-02 1.7373E-02 1.7998E-02 1.7641E-02 1.6803E-02 1.6101E-02 1.5865E-02 1.5622E-02 1.5799E-02 1.5898E-02 1.5859E-02 1.5107E-02 1.4570E-02 1.5324E-02 1.5666E-02 1.4774E-02 1.4274E-02 1.4293E-02 1.3979E-02 1.3905E-02 1.3642E-02 1.3165E-02
1.6367E-03 2.0146E-03 2.1514E-03 2.1991E-03 2.2929E-03 2.5020E-03 2.6784E-03 2.7634E-03 2.8381E-03 2.9714E-03 3.0679E-03 3.1475E-03 3.2660E-03 3.4625E-03 3.5700E-03 3.7194E-03 3.8841E-03 4.1357E-03 4.3414E-03 4.5959E-03 5.0167E-03 5.5270E-03 6.3131E-03 6.7640E-03 6.7652E-03 7.3901E-03 8.6940E-03 1.0099E-02 1.0608E-02 1.0624E-02 1.1122E-02 1.1877E-02 1.2145E-02 1.2888E-02 1.4015E-02 1.5484E-02 1.6427E-02 1.6372E-02 1.5779E-02 1.5236E-02 1.4659E-02 1.4275E-02 1.4238E-02 1.4448E-02 1.4630E-02 1.4658E-02 1.3955E-02 1.3361E-02 1.3876E-02 1.4468E-02 1.3841E-02 1.3470E-02 1.3318E-02 1.3088E-02 1.2780E-02 1.2577E-02 1.2341E-02
1.3816E-03 1.7529E-03 1.9597E-03 2.1375E-03 2.3479E-03 2.5626E-03 2.6837E-03 2.6803E-03 2.6995E-03 2.8225E-03 3.0167E-03 3.1852E-03 3.3377E-03 3.4921E-03 3.5697E-03 3.6816E-03 3.8587E-03 4.1477E-03 4.4215E-03 4.7635E-03 5.3644E-03 6.0625E-03 6.4815E-03 6.5167E-03 6.6366E-03 7.8252E-03 9.4154E-03 9.9643E-03 1.0029E-02 1.0312E-02 1.0609E-02 1.1018E-02 1.1683E-02 1.2569E-02 1.3583E-02 1.4989E-02 1.5725E-02 1.5343E-02 1.4504E-02 1.3897E-02 1.3664E-02 1.3310E-02 1.2996E-02 1.3124E-02 1.3639E-02 1.3560E-02 1.2771E-02 1.2466E-02 1.2785E-02 1.3518E-02 1.3384E-02 1.2670E-02 1.2197E-02 1.2133E-02 1.1820E-02 1.1620E-02 1.1514E-02
1.3187E-03 1.7453E-03 1.9754E-03 2.1820E-03 2.3706E-03 2.4557E-03 2.5273E-03 2.5890E-03 2.6870E-03 2.8308E-03 3.0631E-03 3.2664E-03 3.3649E-03 3.4364E-03 3.5416E-03 3.7085E-03 3.9230E-03 4.2185E-03 4.5002E-03 5.0230E-03 5.7182E-03 6.1916E-03 6.2178E-03 6.3657E-03 6.9929E-03 8.3610E-03 9.6352E-03 9.7838E-03 9.8286E-03 1.0310E-02 1.0220E-02 1.0418E-02 1.1286E-02 1.2112E-02 1.3251E-02 1.4666E-02 1.5211E-02 1.4645E-02 1.3758E-02 1.3279E-02 1.2968E-02 1.2423E-02 1.2003E-02 1.2364E-02 1.2856E-02 1.2761E-02 1.1912E-02 1.1707E-02 1.1967E-02 1.2490E-02 1.2498E-02 1.1852E-02 1.1402E-02 1.1134E-02 1.0905E-02 1.0736E-02 1.0558E-02
1.3482E-03 1.7655E-03 1.9958E-03 2.1724E-03 2.2768E-03 2.3018E-03 2.4244E-03 2.5928E-03 2.7399E-03 2.9506E-03 3.1744E-03 3.2572E-03 3.3095E-03 3.3932E-03 3.5840E-03 3.8068E-03 4.0187E-03 4.3009E-03 4.7830E-03 5.4377E-03 5.8417E-03 5.9481E-03 6.0977E-03 6.7085E-03 7.8488E-03 9.0318E-03 9.5520E-03 9.5349E-03 9.6970E-03 9.8862E-03 9.8138E-03 1.0142E-02 1.0999E-02 1.1906E-02 1.2999E-02 1.4101E-02 1.4523E-02 1.3933E-02 1.3000E-02 1.2560E-02 1.2349E-02 1.1885E-02 1.1575E-02 1.1882E-02 1.2318E-02 1.2027E-02 1.1319E-02 1.1110E-02 1.1165E-02 1.1340E-02 1.1484E-02 1.1112E-02 1.0599E-02 1.0078E-02 9.9349E-03 9.8793E-03 9.8362E-03
1.3539E-03 1.7271E-03 1.9486E-03 2.1221E-03 2.2261E-03 2.2940E-03 2.4585E-03 2.6479E-03 2.8203E-03 3.0044E-03 3.1636E-03 3.2242E-03 3.2838E-03 3.4339E-03 3.6668E-03 3.9746E-03 4.2352E-03 4.6463E-03 5.2765E-03 5.6878E-03 5.6997E-03 5.7768E-03 6.2552E-03 7.1514E-03 8.2155E-03 8.9570E-03 9.0622E-03 9.0301E-03 9.2567E-03 9.1461E-03 9.2554E-03 9.7123E-03 1.0452E-02 1.1455E-02 1.2576E-02 1.3341E-02 1.3403E-02 1.2766E-02 1.2101E-02 1.1708E-02 1.1549E-02 1.1150E-02 1.0935E-02 1.0983E-02 1.1260E-02 1.1275E-02 1.0795E-02 1.0585E-02 1.0457E-02 1.0326E-02 1.0611E-02 1.0371E-02 9.9750E-03 9.3931E-03 9.1866E-03 9.1269E-03 9.2203E-03
1.2928E-03 1.6391E-03 1.8817E-03 2.0988E-03 2.2451E-03 2.3785E-03 2.5719E-03 2.7309E-03 2.8871E-03 3.0277E-03 3.1530E-03 3.2577E-03 3.3357E-03 3.5000E-03 3.7411E-03 4.1003E-03 4.5650E-03 5.1109E-03 5.4853E-03 5.5557E-03 5.5549E-03 5.9065E-03 6.6039E-03 7.4256E-03 8.1060E-03 8.3386E-03 8.2881E-03 8.3622E-03 8.5130E-03 8.5501E-03 8.7714E-03 9.2992E-03 1.0010E-02 1.0887E-02 1.1862E-02 1.2455E-02 1.2276E-02 1.1642E-02 1.1202E-02 1.0958E-02 1.0716E-02 1.0340E-02 1.0017E-02 1.0030E-02 1.0252E-02 1.0354E-02 1.0106E-02 1.0105E-02 9.9649E-03 9.7649E-03 9.9232E-03 9.7523E-03 9.4653E-03 9.0025E-03 8.5573E-03 8.4526E-03 8.5646E-03
1.2436E-03 1.6073E-03 1.8843E-03 2.1109E-03 2.2752E-03 2.4507E-03 2.6364E-03 2.7804E-03 2.9330E-03 3.0607E-03 3.1540E-03 3.2418E-03 3.4019E-03 3.6106E-03 3.8771E-03 4.2754E-03 4.7579E-03 5.1393E-03 5.3232E-03 5.3623E-03 5.5550E-03 6.2300E-03 7.0365E-03 7.6361E-03 7.8682E-03 7.9209E-03 7.9795E-03 8.1420E-03 8.2531E-03 8.3780E-03 8.6782E-03 9.2038E-03 9.8670E-03 1.0602E-02 1.1345E-02 1.1688E-02 1.1424E-02 1.0835E-02 1.0466E-02 1.0386E-02 1.0182E-02 9.8036E-03 9.5465E-03 9.4630E-03 9.6224E-03 9.7256E-03 9.5861E-03 9.6638E-03 9.5094E-03 9.3173E-03 9.3298E-03 9.0598E-03 8.8043E-03 8.4455E-03 8.0559E-03 7.8625E-03 8.0023E-03
1.2655E-03 1.6431E-03 1.9232E-03 2.1234E-03 2.3146E-03 2.5073E-03 2.6974E-03 2.8310E-03 2.9675E-03 3.0896E-03 3.1946E-03 3.3272E-03 3.5272E-03 3.7783E-03 4.1351E-03 4.5381E-03 4.8588E-03 5.0014E-03 5.0926E-03 5.3260E-03 5.7867E-03 6.5205E-03 7.2108E-03 7.5692E-03 7.6474E-03 7.7948E-03 7.9697E-03 8.1649E-03 8.2543E-03 8.3297E-03 8.6445E-03 9.1447E-03 9.7119E-03 1.0295E-02 1.0834E-02 1.1036E-02 1.0717E-02 1.0222E-02 9.9724E-03 9.9558E-03 9.7910E-03 9.4110E-03 9.1821E-03 9.0550E-03 9.1760E-03 9.3265E-03 9.3130E-03 9.1651E-03 9.0185E-03 8.8980E-03 8.8273E-03 8.6284E-03 8.3265E-03 8.0652E-03 7.8037E-03 7.5396E-03 7.5560E-03
1.2994E-03 1.6580E-03 1.9459E-03 2.1692E-03 2.3925E-03 2.5496E-03 2.6834E-03 2.8239E-03 2.9577E-03 3.1107E-03 3.2394E-03 3.4232E-03 3.7031E-03 4.0663E-03 4.4502E-03 4.7389E-03 4.9149E-03 4.9473E-03 5.0645E-03 5.4852E-03 6.1326E-03 6.8317E-03 7.2530E-03 7.3953E-03 7.4702E-03 7.6792E-03 7.9428E-03 8.1415E-03 8.2263E-03 8.2579E-03 8.5385E-03 8.9348E-03 9.3745E-03 9.9331E-03 1.0400E-02 1.0473E-02 1.0087E-02 9.7199E-03 9.5506E-03 9.4990E-03 9.3509E-03 9.0399E-03 8.8114E-03 8.6840E-03 8.7908E-03 8.8950E-03 8.8800E-03 8.6649E-03 8.4405E-03 8.3065E-03 8.2606E-03 8.1890E-03 8.0191E-03 7.7886E-03 7.4968E-03 7.2143E-03 7.0938E-03
1.3011E-03 1.6457E-03 1.9463E-03 2.2044E-03 2.4193E-03 2.5372E-03 2.6502E-03 2.7854E-03 2.9201E-03 3.1044E-03 3.2949E-03 3.5325E-03 3.9167E-03 4.3659E-03 4.6437E-03 4.7557E-03 4.8497E-03 4.9366E-03 5.1788E-03 5.6940E-03 6.3663E-03 6.9723E-03 7.2323E-03 7.2655E-03 7.3137E-03 7.5559E-03 7.8566E-03 8.0278E-03 8.0730E-03 8.1043E-03 8.3478E-03 8.6562E-03 8.9985E-03 9.5266E-03 9.9775E-03 9.9615E-03 9.5529E-03 9.2266E-03 9.1312E-03 9.1106E-03 8.9135E-03 8.6417E-03 8.4491E-03 8.3703E-03 8.4478E-03 8.4813E-03 8.4288E-03 8.2314E-03 7.9679E-03 7.8407E-03 7.7164E-03 7.6634E-03 7.5872E-03 7.3383E-03 7.0414E-03 6.7948E-03 6.6315E-03
1.2890E-03 1.6396E-03 1.9118E-03 2.1452E-03 2.3453E-03 2.4993E-03 2.6376E-03 2.7719E-03 2.9207E-03 3.1032E-03 3.3436E-03 3.6787E-03 4.0642E-03 4.3898E-03 4.5333E-03 4.6257E-03 4.6907E-03 4.8769E-03 5.3109E-03 5.9075E-03 6.4818E-03 6.8799E-03 7.0614E-03 7.1437E-03 7.2269E-03 7.4472E-03 7.6787E-03 7.7727E-03 7.8133E-03 7.8866E-03 8.1069E-03 8.3689E-03 8.6723E-03 9.1400E-03 9.5021E-03 9.4565E-03 9.0686E-03 8.7872E-03 8.7518E-03 8.7987E-03 8.6158E-03 8.3413E-03 8.1322E-03 8.0711E-03 8.1240E-03 8.1151E-03 8.1166E-03 7.9254E-03 7.6277E-03 7.4967E-03 7.2916E-03 7.2014E-03 7.1538E-03 6.9519E-03 6.7771E-03 6.6103E-03 6.3294E-03
1.3046E-03 1.6612E-03 1.9204E-03 2.1391E-03 2.3257E-03 2.4738E-03 2.6397E-03 2.8043E-03 2.9656E-03 3.1720E-03 3.4676E-03 3.8205E-03 4.0817E-03 4.2580E-03 4.3840E-03 4.4944E-03 4.6407E-03 4.9494E-03 5.4847E-03 6.0489E-03 6.4439E-03 6.6648E-03 6.8566E-03 6.9818E-03 7.1395E-03 7.3441E-03 7.4663E-03 7.4576E-03 7.4572E-03 7.5898E-03 7.8168E-03 8.0674E-03 8.3610E-03 8.7028E-03 8.9328E-03 8.8757E-03 8.6045E-03 8.4500E-03 8.4323E-03 8.4570E-03 8.3726E-03 8.1470E-03 7.9173E-03 7.8102E-03 7.8054E-03 7.7666E-03 7.7855E-03 7.6150E-03 7.2652E-03 7.1107E-03 6.9038E-03 6.7914E-03 6.6988E-03 6.5330E-03 6.5129E-03 6.3638E-03 6.1805E-03
1.3515E-03 1.6999E-03 1.9468E-03 2.1396E-03 2.3078E-03 2.4695E-03 2.6560E-03 2.8344E-03 3.0432E-03 3.3614E-03 3.6639E-03 3.9251E-03 4.0837E-03 4.1654E-03 4.3346E-03 4.5384E-03 4.7535E-03 5.1452E-03 5.6505E-03 6.0407E-03 6.2863E-03 6.4839E-03 6.7016E-03 6.8120E-03 6.9974E-03 7.2218E-03 7.3143E-03 7.2169E-03 7.1475E-03 7.2791E-03 7.5032E-03 7.7203E-03 8.0099E-03 8.2369E-03 8.4030E-03 8.3713E-03 8.1632E-03 8.0669E-03 8.0648E-03 8.1106E-03 8.0588E-03 7.8680E-03 7.6763E-03 7.5169E-03 7.4399E-03 7.4507E-03 7.5077E-03 7.3840E-03 7.0394E-03 6.8045E-03 6.5722E-03 6.4531E-03 6.4470E-03 6.2420E-03 6.2307E-03 6.1764E-03 6.1051E-03
