20231023_webinar_progetto_murano/refs/data_input_report_tx_finale/grd_f3_sc_1/Average_Period.grd
DSAA
          81           81
 760250.0000  764250.0000
5036750.0000 5040750.0000
  0.7430E-03   0.3247E+01
[rows 25 to 49 of 81, columns 0 to 56 of 81]
2.7914E-03 3.6543E-03 4.4010E-03 5.0285E-03 5.6102E-03 6.2229E-03 6.8754E-03 7.5615E-03 8.1998E-03 8.8175E-03 9.4470E-03 1.0098E-02 1.0670E-02 1.1119E-02 1.1630E-02 1.2521E-02 1.3612E-02 1.4748E-02 1.5911E-02 1.6764E-02 1.7231E-02 1.7605E-02 1.8113E-02 1.9192E-02 2.0855E-02 2.3132E-02 2.5371E-02 2.7731E-02 3.0992E-02 3.4564E-02 3.8694E-02 4.2255E-02 4.3111E-02 4.5551E-02 4.7909E-02 5.0014E-02 5.3803E-02 5.9747E-02 6.5269E-02 6.8487E-02 7.1789E-02 7.7298E-02 8.2065E-02 7.8485E-02 7.2643E-02 6.7075E-02 6.1569E-02 5.5801E-02 5.0175E-02 4.6048E-02 4.2780E-02 3.9577E-02 3.5851E-02 3.2025E-02 2.8542E-02 2.5859E-02 2.3889E-02
2.7301E-03 3.5470E-03 4.2589E-03 4.8718E-03 5.4355E-03 5.9651E-03 6.5459E-03 7.1917E-03 7.8903E-03 8.6987E-03 9.5779E-03 1.0472E-02 1.1241E-02 1.1696E-02 1.2124E-02 1.2867E-02 1.3824E-02 1.4705E-02 1.5531E-02 1.6669E-02 1.7842E-02 1.8786E-02 1.9248E-02 1.9813E-02 2.0934E-02 2.2824E-02 2.5384E-02 2.7972E-02 3.0822E-02 3.4667E-02 3.8511E-02 4.3370E-02 4.5762E-02 4.7881E-02 5.0873E-02 5.3272E-02 5.7475E-02 6.3011E-02 6.9885E-02 7.3887E-02 7.7902E-02 8.4228E-02 8.9587E-02 8.4821E-02 7.7880E-02 7.1595E-02 6.5503E-02 5.8861E-02 5.2945E-02 4.8812E-02 4.5150E-02 4.1215E-02 3.6756E-02 3.2586E-02 2.9119E-02 2.6483E-02 2.4597E-02
2.6611E-03 3.4466E-03 4.1510E-03 4.7609E-03 5.3398E-03 5.8517E-03 6.3493E-03 6.8752E-03 7.5095E-03 8.2763E-03 9.1939E-03 1.0261E-02 1.1280E-02 1.1982E-02 1.2544E-02 1.3177E-02 1.4052E-02 1.4816E-02 1.5408E-02 1.6598E-02 1.8072E-02 1.9693E-02 2.0645E-02 2.1201E-02 2.1653E-02 2.2911E-02 2.5236E-02 2.8208E-02 3.0839E-02 3.4308E-02 3.8152E-02 4.3636E-02 4.8478E-02 5.0585E-02 5.3760E-02 5.6974E-02 6.1359E-02 6.6575E-02 7.4636E-02 7.9607E-02 8.4216E-02 9.1366E-02 9.6712E-02 9.1826E-02 8.4116E-02 7.7015E-02 6.9818E-02 6.2099E-02 5.6059E-02 5.1804E-02 4.7527E-02 4.2575E-02 3.7563E-02 3.3164E-02 2.9731E-02 2.7174E-02 2.5329E-02
2.5604E-03 3.3373E-03 4.0378E-03 4.6245E-03 5.1734E-03 5.6895E-03 6.1561E-03 6.6396E-03 7.2322E-03 7.8958E-03 8.5935E-03 9.5208E-03 1.0636E-02 1.1661E-02 1.2590E-02 1.3465E-02 1.4271E-02 1.4932E-02 1.5564E-02 1.6684E-02 1.8306E-02 1.9962E-02 2.1327E-02 2.2462E-02 2.3033E-02 2.3726E-02 2.5003E-02 2.7636E-02 3.0992E-02 3.4459E-02 3.8041E-02 4.3325E-02 4.9545E-02 5.3545E-02 5.6649E-02 6.0395E-02 6.5248E-02 7.1365E-02 8.0631E-02 8.6871E-02 9.1972E-02 1.0015E-01 1.0552E-01 9.9985E-02 9.1416E-02 8.3245E-02 7.4591E-02 6.6062E-02 5.9906E-02 5.5138E-02 4.9694E-02 4.3753E-02 3.8340E-02 3.3807E-02 3.0554E-02 2.8161E-02 2.6094E-02
2.4998E-03 3.2835E-03 3.9545E-03 4.4706E-03 4.9796E-03 5.4846E-03 5.9197E-03 6.3743E-03 6.9449E-03 7.5609E-03 8.1234E-03 8.7831E-03 9.6664E-03 1.0717E-02 1.1964E-02 1.3311E-02 1.4367E-02 1.5115E-02 1.5736E-02 1.6571E-02 1.8095E-02 1.9810E-02 2.1080E-02 2.2611E-02 2.4115E-02 2.4839E-02 2.5558E-02 2.7528E-02 3.1079E-02 3.4767E-02 3.8198E-02 4.2600E-02 4.8606E-02 5.5619E-02 5.9266E-02 6.3850E-02 6.9083E-02 7.6606E-02 8.6901E-02 9.3890E-02 1.0106E-01 1.1149E-01 1.1790E-01 1.1033E-01 9.9576E-02 8.9753E-02 7.9508E-02 7.0816E-02 6.4200E-02 5.7877E-02 5.1016E-02 4.4382E-02 3.8894E-02 3.4812E-02 3.1827E-02 2.9240E-02 2.6695E-02
2.4777E-03 3.2597E-03 3.8753E-03 4.3305E-03 4.8266E-03 5.2990E-03 5.7005E-03 6.1548E-03 6.6837E-03 7.2366E-03 7.7687E-03 8.2880E-03 8.9455E-03 9.8396E-03 1.0971E-02 1.2350E-02 1.3793E-02 1.5032E-02 1.5943E-02 1.6684E-02 1.7631E-02 1.8986E-02 2.0514E-02 2.2498E-02 2.4202E-02 2.5600E-02 2.6662E-02 2.7924E-02 3.0767E-02 3.4437E-02 3.8570E-02 4.2831E-02 4.8099E-02 5.5859E-02 6.2611E-02 6.7889E-02 7.3780E-02 8.0993E-02 9.3067E-02 1.0327E-01 1.1296E-01 1.2733E-01 1.3341E-01 1.2268E-01 1.0918E-01 9.7355E-02 8.5674E-02 7.6505E-02 6.8509E-02 5.9817E-02 5.1709E-02 4.4931E-02 4.0024E-02 3.6316E-02 3.2976E-02 2.9763E-02 2.6816E-02
2.4526E-03 3.2023E-03 3.7666E-03 4.2245E-03 4.6842E-03 5.1062E-03 5.5413E-03 6.0168E-03 6.5184E-03 7.0406E-03 7.5762E-03 8.0215E-03 8.5559E-03 9.3332E-03 1.0231E-02 1.1257E-02 1.2537E-02 1.4010E-02 1.5562E-02 1.6853E-02 1.7636E-02 1.8472E-02 1.9592E-02 2.1684E-02 2.3722E-02 2.5529E-02 2.7407E-02 2.9195E-02 3.1678E-02 3.4726E-02 3.9067E-02 4.3788E-02 4.8036E-02 5.6010E-02 6.4845E-02 7.2634E-02 7.9740E-02 8.7707E-02 1.0057E-01 1.1298E-01 1.2681E-01 1.4373E-01 1.4938E-01 1.3664E-01 1.2012E-01 1.0633E-01 9.2999E-02 8.2239E-02 7.2161E-02 6.1661E-02 5.2960E-02 4.6459E-02 4.1707E-02 3.7459E-02 3.3401E-02 2.9750E-02 2.6675E-02
2.3939E-03 3.1148E-03 3.6386E-03 4.0957E-03 4.4928E-03 4.8991E-03 5.3505E-03 5.7638E-03 6.2356E-03 6.7704E-03 7.3601E-03 7.8214E-03 8.3277E-03 9.0388E-03 9.8133E-03 1.0531E-02 1.1405E-02 1.2646E-02 1.4270E-02 1.5973E-02 1.7397E-02 1.8850E-02 1.9845E-02 2.1032E-02 2.2756E-02 2.4751E-02 2.7221E-02 3.0352E-02 3.2861E-02 3.4860E-02 3.8731E-02 4.4210E-02 4.9146E-02 5.5443E-02 6.5638E-02 7.4744E-02 8.3696E-02 9.3978E-02 1.0813E-01 1.2466E-01 1.4096E-01 1.6264E-01 1.6947E-01 1.5284E-01 1.3247E-01 1.1605E-01 1.0101E-01 8.7843E-02 7.5080E-02 6.4090E-02 5.5447E-02 4.8730E-02 4.3062E-02 3.7806E-02 3.3251E-02 2.9455E-02 2.6460E-02
2.2601E-03 2.9480E-03 3.4652E-03 3.8995E-03 4.2879E-03 4.6838E-03 5.0916E-03 5.4158E-03 5.8215E-03 6.2963E-03 6.8425E-03 7.3920E-03 8.0109E-03 8.7063E-03 9.4448E-03 1.0045E-02 1.0731E-02 1.1621E-02 1.2914E-02 1.4490E-02 1.6199E-02 1.8348E-02 2.0197E-02 2.1483E-02 2.2809E-02 2.3880E-02 2.6150E-02 2.9711E-02 3.3202E-02 3.5994E-02 3.8982E-02 4.3352E-02 4.8572E-02 5.5621E-02 6.4594E-02 7.5442E-02 8.8592E-02 1.0132E-01 1.1742E-01 1.3828E-01 1.5748E-01 1.8404E-01 1.9242E-01 1.7077E-01 1.4546E-01 1.2601E-01 1.0907E-01 9.2212E-02 7.7832E-02 6.6941E-02 5.8038E-02 5.0274E-02 4.3377E-02 3.7449E-02 3.2716E-02 2.8963E-02 2.5932E-02
2.1208E-03 2.7630E-03 3.2710E-03 3.7014E-03 4.0885E-03 4.4747E-03 4.8688E-03 5.1803E-03 5.4865E-03 5.8435E-03 6.2616E-03 6.8004E-03 7.4909E-03 8.1817E-03 8.8964E-03 9.5658E-03 1.0275E-02 1.1121E-02 1.2196E-02 1.3391E-02 1.4636E-02 1.6470E-02 1.8723E-02 2.1265E-02 2.3774E-02 2.4537E-02 2.5263E-02 2.8292E-02 3.2322E-02 3.7233E-02 4.0842E-02 4.3128E-02 4.7299E-02 5.5331E-02 6.2956E-02 7.4479E-02 9.1579E-02 1.0757E-01 1.2400E-01 1.5176E-01 1.8044E-01 2.1255E-01 2.1826E-01 1.8631E-01 1.5740E-01 1.3578E-01 1.1482E-01 9.5002E-02 8.0584E-02 7.0018E-02 5.9493E-02 5.0291E-02 4.2862E-02 3.6791E-02 3.1969E-02 2.8237E-02 2.4967E-02
2.0667E-03 2.6675E-03 3.1516E-03 3.5641E-03 3.9382E-03 4.2774E-03 4.6487E-03 4.9778E-03 5.2266E-03 5.5554E-03 5.9267E-03 6.3806E-03 6.9083E-03 7.4733E-03 8.0920E-03 8.6810E-03 9.4214E-03 1.0369E-02 1.1559E-02 1.2632E-02 1.3580E-02 1.4652E-02 1.6337E-02 1.8867E-02 2.2530E-02 2.5713E-02 2.7113E-02 2.8429E-02 3.2222E-02 3.7280E-02 4.2374E-02 4.5872E-02 4.9418E-02 5.4421E-02 6.4301E-02 7.5099E-02 9.4351E-02 1.1483E-01 1.3775E-01 1.7164E-01 2.0964E-01 2.5088E-01 2.4925E-01 2.0524E-01 1.7220E-01 1.4790E-01 1.1944E-01 9.7399E-02 8.3667E-02 7.1293E-02 5.9481E-02 4.9670E-02 4.2115E-02 3.5821E-02 3.1109E-02 2.7515E-02 2.4297E-02
2.1015E-03 2.6893E-03 3.1594E-03 3.4908E-03 3.7907E-03 4.1134E-03 4.3854E-03 4.6735E-03 4.9725E-03 5.3606E-03 5.8575E-03 6.3148E-03 6.6142E-03 6.9912E-03 7.5609E-03 8.0164E-03 8.5734E-03 9.3575E-03 1.0310E-02 1.1433E-02 1.2462E-02 1.3353E-02 1.4672E-02 1.6462E-02 1.9018E-02 2.3358E-02 2.7935E-02 3.0051E-02 3.2170E-02 3.5563E-02 4.0927E-02 4.6732E-02 5.1906E-02 5.5771E-02 6.6761E-02 8.1279E-02 9.3298E-02 1.1966E-01 1.4916E-01 1.8451E-01 2.3830E-01 2.9313E-01 2.7701E-01 2.2041E-01 1.8361E-01 1.5318E-01 1.1864E-01 9.9910E-02 8.5263E-02 7.0161E-02 5.8536E-02 4.8642E-02 4.0819E-02 3.4667E-02 3.0526E-02 2.7272E-02 2.4495E-02
2.1555E-03 2.7640E-03 3.2257E-03 3.5528E-03 3.8219E-03 4.1134E-03 4.3452E-03 4.5280E-03 4.7676E-03 5.1293E-03 5.6132E-03 6.0355E-03 6.3314E-03 6.7107E-03 7.2903E-03 7.7095E-03 8.0847E-03 8.7153E-03 9.3787E-03 1.0250E-02 1.1079E-02 1.1962E-02 1.3189E-02 1.4687E-02 1.6410E-02 1.8950E-02 2.2296E-02 2.5860E-02 2.9994E-02 3.4427E-02 3.6710E-02 4.1505E-02 5.0172E-02 5.8179E-02 6.6745E-02 8.2987E-02 1.0123E-01 1.2761E-01 1.7730E-01 2.2009E-01 2.8536E-01 3.5295E-01 3.1101E-01 2.3741E-01 1.9319E-01 1.5116E-01 1.2029E-01 1.0194E-01 8.5247E-02 6.9244E-02 5.6427E-02 4.6750E-02 3.9720E-02 3.4510E-02 3.0792E-02 2.8041E-02 2.5616E-02
2.1821E-03 2.7824E-03 3.2610E-03 3.6583E-03 3.9349E-03 4.1853E-03 4.4732E-03 4.6743E-03 4.8868E-03 5.1882E-03 5.5293E-03 5.8734E-03 6.1984E-03 6.5522E-03 6.9568E-03 7.4148E-03 7.8993E-03 8.4296E-03 8.9976E-03 9.7045E-03 1.0414E-02 1.0970E-02 1.1732E-02 1.3111E-02 1.4738E-02 1.6847E-02 1.8470E-02 2.0983E-02 2.4312E-02 2.9722E-02 3.4225E-02 3.9293E-02 4.5545E-02 5.6015E-02 7.2107E-02 8.9336E-02 1.1753E-01 1.5168E-01 2.1794E-01 2.9195E-01 3.8328E-01 4.5587E-01 3.7534E-01 2.7827E-01 2.0674E-01 1.5925E-01 1.2804E-01 1.0458E-01 8.6202E-02 6.9062E-02 5.5664E-02 4.6700E-02 4.0264E-02 3.5849E-02 3.1941E-02 2.8879E-02 2.6237E-02
2.1272E-03 2.7353E-03 3.2295E-03 3.6135E-03 3.9199E-03 4.1496E-03 4.4080E-03 4.7428E-03 5.0110E-03 5.2687E-03 5.5649E-03 5.9011E-03 6.2927E-03 6.6595E-03 6.9418E-03 7.2422E-03 7.6744E-03 8.1473E-03 8.6824E-03 9.3662E-03 9.9978E-03 1.0601E-02 1.1277E-02 1.2409E-02 1.3643E-02 1.5233E-02 1.6411E-02 1.8795E-02 2.1361E-02 2.4039E-02 2.7751E-02 3.4872E-02 4.4504E-02 5.4573E-02 7.1037E-02 9.4556E-02 1.3267E-01 1.9297E-01 2.8120E-01 4.2929E-01 5.4801E-01 6.3416E-01 4.6525E-01 3.2684E-01 2.2223E-01 1.6946E-01 1.3125E-01 1.0601E-01 8.5181E-02 6.7417E-02 5.5669E-02 4.8996E-02 4.2987E-02 3.7951E-02 3.3606E-02 3.0177E-02 2.7383E-02
2.1703E-03 2.8025E-03 3.3002E-03 3.6721E-03 3.9671E-03 4.1417E-03 4.3472E-03 4.6595E-03 4.9200E-03 5.1351E-03 5.4781E-03 5.9040E-03 6.2782E-03 6.5766E-03 6.9495E-03 7.2659E-03 7.5525E-03 8.0001E-03 8.4481E-03 9.0436E-03 9.6864E-03 1.0400E-02 1.1069E-02 1.2060E-02 1.3108E-02 1.5079E-02 1.6475E-02 1.8404E-02 2.0668E-02 2.2190E-02 2.4564E-02 2.9109E-02 3.6054E-02 4.8253E-02 6.6883E-02 9.0737E-02 1.3435E-01 2.3407E-01 4.0719E-01 6.5339E-01 9.1285E-01 9.5396E-01 6.0404E-01 3.8647E-01 2.5026E-01 1.7734E-01 1.3417E-01 1.0328E-01 8.2458E-02 6.8947E-02 6.0080E-02 5.2800E-02 4.6168E-02 4.0517E-02 3.6259E-02 3.2668E-02 2.9386E-02
2.3408E-03 3.0440E-03 3.5681E-03 3.9480E-03 4.1991E-03 4.3446E-03 4.5512E-03 4.8230E-03 5.0698E-03 5.2621E-03 5.5626E-03 5.9589E-03 6.3645E-03 6.7238E-03 7.1186E-03 7.5109E-03 7.8509E-03 8.1997E-03 8.6535E-03 9.0935E-03 9.7676E-03 1.0411E-02 1.0972E-02 1.1905E-02 1.3157E-02 1.4680E-02 1.6010E-02 1.7278E-02 1.9348E-02 2.2055E-02 2.4543E-02 2.8569E-02 3.2502E-02 4.0608E-02 5.6232E-02 8.1914E-02 1.2644E-01 2.1615E-01 5.2583E-01 1.1046E+00 1.6487E+00 1.4666E+00 7.9242E-01 4.5848E-01 2.8507E-01 1.8617E-01 1.3346E-01 1.0901E-01 9.3432E-02 7.8259E-02 6.7517E-02 5.7387E-02 4.9499E-02 4.3015E-02 3.7465E-02 3.3174E-02 2.9661E-02
2.5469E-03 3.3383E-03 3.8600E-03 4.2365E-03 4.4713E-03 4.7126E-03 5.0103E-03 5.3112E-03 5.5525E-03 5.7754E-03 6.1268E-03 6.3517E-03 6.7031E-03 7.0934E-03 7.5978E-03 8.1114E-03 8.4924E-03 8.8477E-03 9.3561E-03 9.9151E-03 1.0449E-02 1.1055E-02 1.1588E-02 1.2298E-02 1.3331E-02 1.4403E-02 1.5436E-02 1.6637E-02 1.8337E-02 2.0744E-02 2.4198E-02 2.7778E-02 3.1808E-02 3.9001E-02 5.2156E-02 7.4978E-02 1.1156E-01 2.0116E-01 4.2730E-01 1.2510E+00 2.1256E+00 1.8343E+00 9.2583E-01 5.6442E-01 3.0403E-01 2.0329E-01 1.5957E-01 1.2429E-01 1.0146E-01 8.2362E-02 6.8725E-02 5.7482E-02 4.9044E-02 4.1562E-02 3.6341E-02 3.2222E-02 2.9100E-02
2.6607E-03 3.4559E-03 3.9997E-03 4.4136E-03 4.7102E-03 4.9858E-03 5.2979E-03 5.6727E-03 5.9411E-03 6.1950E-03 6.5932E-03 6.7300E-03 6.9056E-03 7.3769E-03 7.9826E-03 8.4589E-03 8.9167E-03 9.4072E-03 9.8267E-03 1.0614E-02 1.0938E-02 1.1507E-02 1.2053E-02 1.2643E-02 1.3637E-02 1.4506E-02 1.5595E-02 1.6793E-02 1.8552E-02 2.1222E-02 2.4472E-02 2.8387E-02 3.2911E-02 4.0783E-02 5.3267E-02 7.2950E-02 1.0268E-01 1.8386E-01 3.5067E-01 5.6361E-01 2.3356E+00 3.2471E+00 9.4385E-01 5.6988E-01 3.5093E-01 2.1673E-01 1.5811E-01 1.2139E-01 9.5305E-02 7.7433E-02 6.4837E-02 5.4854E-02 4.7618E-02 4.0608E-02 3.5492E-02 3.1465E-02 2.8316E-02
2.6304E-03 3.4029E-03 3.9717E-03 4.3964E-03 4.7503E-03 5.0675E-03 5.3446E-03 5.6947E-03 5.9088E-03 6.1129E-03 6.3960E-03 6.6379E-03 6.9539E-03 7.3513E-03 7.7922E-03 8.2070E-03 8.7208E-03 9.3088E-03 9.6819E-03 1.0131E-02 1.0420E-02 1.1037E-02 1.1642E-02 1.2273E-02 1.3021E-02 1.3802E-02 1.5015E-02 1.6151E-02 1.7551E-02 1.9252E-02 2.2378E-02 2.6142E-02 3.0640E-02 3.8427E-02 4.8241E-02 6.8231E-02 1.0102E-01 1.7452E-01 3.3116E-01 5.1847E-01 1.2059E+00 2.0450E+00 9.1865E-01 6.0239E-01 3.5656E-01 2.1691E-01 1.5596E-01 1.1874E-01 9.4142E-02 7.5418E-02 6.1039E-02 5.1320E-02 4.4304E-02 3.9124E-02 3.4246E-02 3.0313E-02 2.7707E-02
2.6662E-03 3.4810E-03 4.0516E-03 4.4543E-03 4.8422E-03 5.0915E-03 5.3172E-03 5.6216E-03 5.7842E-03 6.0356E-03 6.2913E-03 6.6637E-03 7.0227E-03 7.3172E-03 7.7723E-03 8.3142E-03 8.7866E-03 9.1525E-03 9.5580E-03 9.7874E-03 1.0076E-02 1.0736E-02 1.1094E-02 1.1547E-02 1.2266E-02 1.2768E-02 1.3718E-02 1.4969E-02 1.6505E-02 1.8456E-02 2.0283E-02 2.4100E-02 2.8803E-02 3.3571E-02 4.1852E-02 5.9393E-02 8.5297E-02 1.3277E-01 2.3503E-01 4.7327E-01 1.1752E+00 8.5186E-01 6.5563E-01 4.4255E-01 2.9765E-01 2.0710E-01 1.5426E-01 1.1556E-01 9.0576E-02 7.3088E-02 5.9508E-02 4.9918E-02 4.2329E-02 3.7654E-02 3.3189E-02 2.9853E-02 2.7550E-02
2.7178E-03 3.5326E-03 4.0542E-03 4.4800E-03 4.8367E-03 4.9675E-03 5.0843E-03 5.3527E-03 5.6129E-03 5.8476E-03 6.0036E-03 6.2867E-03 6.6231E-03 6.9452E-03 7.4080E-03 7.9860E-03 8.5039E-03 8.7396E-03 8.9917E-03 9.2256E-03 9.5382E-03 1.0127E-02 1.0501E-02 1.1093E-02 1.1536E-02 1.2514E-02 1.3274E-02 1.4002E-02 1.5456E-02 1.6946E-02 1.7968E-02 2.0989E-02 2.4864E-02 3.0780E-02 3.8043E-02 4.6138E-02 6.0889E-02 1.0210E-01 1.7587E-01 4.3483E-01 6.6586E-01 4.9961E-01 4.0306E-01 2.8168E-01 1.9506E-01 1.3988E-01 1.1160E-01 9.4137E-02 7.8920E-02 6.7155E-02 5.7807E-02 4.8515E-02 4.1403E-02 3.6536E-02 3.1991E-02 2.8875E-02 2.6545E-02
2.6163E-03 3.3123E-03 3.7197E-03 4.0691E-03 4.3896E-03 4.5639E-03 4.6703E-03 4.9233E-03 5.2140E-03 5.4231E-03 5.5902E-03 5.8487E-03 6.2787E-03 6.7090E-03 7.1550E-03 7.7274E-03 8.3237E-03 8.7237E-03 8.9019E-03 8.8766E-03 8.9787E-03 9.4921E-03 9.7950E-03 1.0121E-02 1.0379E-02 1.1239E-02 1.1965E-02 1.2610E-02 1.4075E-02 1.5254E-02 1.7231E-02 1.9707E-02 2.1767E-02 2.3758E-02 2.9113E-02 3.8548E-02 5.6544E-02 8.3130E-02 1.4979E-01 2.6920E-01 3.4271E-01 2.5536E-01 2.1573E-01 1.7414E-01 1.4157E-01 1.1068E-01 8.9281E-02 7.3622E-02 6.3683E-02 5.6054E-02 5.1747E-02 4.4949E-02 3.9425E-02 3.4462E-02 3.0223E-02 2.7146E-02 2.5068E-02
2.4481E-03 3.0730E-03 3.4512E-03 3.7283E-03 4.0895E-03 4.3396E-03 4.5174E-03 4.8545E-03 5.1847E-03 5.4879E-03 5.6449E-03 5.8546E-03 6.2533E-03 6.6194E-03 7.0044E-03 7.3370E-03 7.7778E-03 8.0193E-03 8.1098E-03 8.0931E-03 8.2037E-03 8.5375E-03 8.9130E-03 9.3594E-03 1.0008E-02 1.1082E-02 1.1771E-02 1.2196E-02 1.3305E-02 1.4705E-02 1.5533E-02 1.4812E-02 1.6366E-02 2.0250E-02 2.7480E-02 3.7516E-02 5.1175E-02 7.1230E-02 1.2071E-01 1.6765E-01 1.9106E-01 1.4575E-01 1.2945E-01 1.2281E-01 1.0462E-01 9.2527E-02 7.6053E-02 6.4568E-02 5.5987E-02 4.7937E-02 4.3685E-02 3.9099E-02 3.5615E-02 3.1855E-02 2.8316E-02 2.5540E-02 2.3778E-02
2.3965E-03 3.0921E-03 3.5364E-03 3.7697E-03 4.1242E-03 4.3620E-03 4.5137E-03 4.8138E-03 5.0631E-03 5.2512E-03 5.3378E-03 5.4618E-03 5.7191E-03 6.0712E-03 6.3904E-03 6.7155E-03 6.9984E-03 7.2312E-03 7.3801E-03 7.5418E-03 7.8531E-03 8.2116E-03 8.5143E-03 9.3661E-03 9.6441E-03 1.0830E-02 1.2138E-02 1.2856E-02 1.1971E-02 1.1029E-02 1.1700E-02 1.3345E-02 1.6245E-02 2.1071E-02 2.7639E-02 3.5632E-02 4.3087E-02 6.5999E-02 9.1130E-02 1.1870E-01 1.1976E-01 9.6459E-02 8.9537E-02 8.6179E-02 7.9054E-02 7.5814E-02 6.7946E-02 5.6688E-02 4.9858E-02 4.4041E-02 4.0098E-02 3.4674E-02 3.1422E-02 2.8650E-02 2.6068E-02 2.4058E-02 2.2316E-02
