20231023_webinar_progetto_murano/refs/data_input_report_tx_finale/grd_f3_sc_1/Percentile_24h.grd
DSAA
          81           81
 760250.0000  764250.0000
5036750.0000 5040750.0000
  0.1255E-01   0.1776E+02
[rows 25 to 49 of 81, columns 0 to 56 of 81]
3.0021E-02 3.9537E-02 4.8698E-02 5.8037E-02 6.7458E-02 7.7075E-02 8.5822E-02 9.7008E-02 1.0659E-01 1.0894E-01 1.1071E-01 1.2370E-01 1.2978E-01 1.2834E-01 1.3786E-01 1.4057E-01 1.4668E-01 1.5253E-01 1.5903E-01 1.6390E-01 1.6600E-01 1.6988E-01 1.7456E-01 1.7227E-01 1.8283E-01 2.1298E-01 1.8813E-01 2.0549E-01 2.1863E-01 2.4857E-01 2.8686E-01 2.8143E-01 2.9194E-01 3.9050E-01 3.5198E-01 3.5126E-01 3.7990E-01 4.7592E-01 4.7517E-01 5.0592E-01 5.5604E-01 6.4138E-01 7.6845E-01 6.7193E-01 6.0872E-01 5.6548E-01 5.6761E-01 5.4191E-01 4.4436E-01 4.1901E-01 3.9942E-01 3.4308E-01 3.2956E-01 3.0820E-01 2.7255E-01 2.4502E-01 2.2437E-01
3.0896E-02 3.6852E-02 4.9824E-02 5.3987E-02 6.3129E-02 6.7149E-02 8.4108E-02 8.5387E-02 8.9547E-02 9.9176E-02 1.1749E-01 1.2788E-01 1.4197E-01 1.4181E-01 1.4226E-01 1.5098E-01 1.5946E-01 1.6747E-01 1.6621E-01 1.7507E-01 1.8572E-01 1.7731E-01 1.9556E-01 1.9722E-01 1.9258E-01 2.0480E-01 2.1627E-01 2.1726E-01 2.2933E-01 2.4602E-01 2.8646E-01 3.3059E-01 3.1411E-01 3.6039E-01 4.4507E-01 4.0955E-01 3.9472E-01 5.2498E-01 5.5519E-01 5.4223E-01 5.9856E-01 7.2124E-01 7.9533E-01 7.5299E-01 6.2143E-01 6.1321E-01 6.1673E-01 5.5804E-01 4.7467E-01 4.6506E-01 3.9774E-01 3.7787E-01 3.5276E-01 2.9069E-01 2.7337E-01 2.4256E-01 2.6948E-01
3.1367E-02 3.6946E-02 4.1543E-02 5.2559E-02 6.3705E-02 6.6727E-02 7.9181E-02 7.9200E-02 1.0289E-01 9.7318E-02 1.1383E-01 1.3245E-01 1.3657E-01 1.5268E-01 1.5474E-01 1.6113E-01 1.6433E-01 1.7556E-01 1.7262E-01 1.6664E-01 1.8131E-01 2.0767E-01 2.0220E-01 2.2284E-01 2.2447E-01 2.1672E-01 2.4407E-01 2.2933E-01 2.3323E-01 2.6011E-01 2.7913E-01 3.2446E-01 3.4473E-01 3.4868E-01 4.3040E-01 4.5955E-01 4.2557E-01 5.5086E-01 6.1997E-01 5.7991E-01 6.5633E-01 8.2177E-01 8.6410E-01 8.5254E-01 6.5164E-01 6.4894E-01 6.4831E-01 5.7250E-01 5.4557E-01 4.9372E-01 4.1782E-01 3.9166E-01 3.5965E-01 2.9076E-01 2.7340E-01 2.7257E-01 2.7087E-01
2.8765E-02 3.4520E-02 3.9978E-02 4.7807E-02 5.5902E-02 6.3994E-02 7.1843E-02 7.9293E-02 8.6079E-02 9.7791E-02 1.1786E-01 1.3720E-01 1.4921E-01 1.5707E-01 1.5427E-01 1.7321E-01 1.8299E-01 1.8434E-01 1.8837E-01 1.8794E-01 1.9580E-01 2.0481E-01 2.0569E-01 2.2185E-01 2.3967E-01 2.4981E-01 2.5113E-01 2.4224E-01 2.5041E-01 2.5881E-01 2.7786E-01 3.2006E-01 3.6110E-01 3.6006E-01 4.2478E-01 5.0688E-01 4.6562E-01 5.5119E-01 6.8125E-01 6.2898E-01 7.1916E-01 8.8067E-01 9.8192E-01 9.0493E-01 7.1874E-01 6.8278E-01 7.0841E-01 6.3040E-01 5.8250E-01 4.7745E-01 4.9190E-01 4.3270E-01 3.3058E-01 3.0839E-01 3.0923E-01 3.0324E-01 2.5473E-01
2.7719E-02 3.2941E-02 4.1338E-02 4.5896E-02 5.2281E-02 6.2477E-02 6.8930E-02 7.7165E-02 8.6314E-02 9.3109E-02 1.1376E-01 1.1767E-01 1.4179E-01 1.5443E-01 1.6646E-01 1.7798E-01 1.8975E-01 2.0187E-01 2.1268E-01 2.0104E-01 2.0241E-01 2.0870E-01 1.8974E-01 2.0784E-01 2.3347E-01 2.5078E-01 2.4510E-01 2.6384E-01 2.5502E-01 2.7209E-01 2.9470E-01 3.1297E-01 3.6904E-01 3.8844E-01 4.1596E-01 5.3633E-01 5.3449E-01 6.0246E-01 7.3458E-01 6.8004E-01 8.3394E-01 9.5662E-01 1.1419E+00 9.6741E-01 8.0632E-01 7.6309E-01 7.2351E-01 6.5655E-01 5.5396E-01 5.3324E-01 5.0530E-01 4.0346E-01 3.7010E-01 3.4456E-01 3.2840E-01 2.8888E-01 2.6209E-01
3.2160E-02 3.6294E-02 4.0910E-02 5.0408E-02 5.1881E-02 5.9920E-02 6.3712E-02 6.9361E-02 8.3002E-02 8.8668E-02 1.0035E-01 1.1222E-01 1.2938E-01 1.3575E-01 1.5557E-01 1.7488E-01 1.9093E-01 2.0781E-01 2.0906E-01 2.3777E-01 2.2919E-01 2.2938E-01 2.1389E-01 1.9936E-01 2.2633E-01 2.3338E-01 2.7163E-01 2.4311E-01 2.8372E-01 2.9285E-01 3.2311E-01 3.5057E-01 3.6340E-01 3.8961E-01 4.4993E-01 5.4818E-01 5.7324E-01 6.7037E-01 8.0407E-01 7.8447E-01 9.1279E-01 1.0522E+00 1.3659E+00 1.1161E+00 9.2297E-01 9.0789E-01 8.2776E-01 7.1269E-01 6.2620E-01 6.0052E-01 5.0544E-01 4.3941E-01 4.0083E-01 3.7263E-01 3.3214E-01 2.8636E-01 2.6615E-01
3.0040E-02 4.0893E-02 4.7489E-02 4.7959E-02 4.9254E-02 5.4814E-02 6.5169E-02 7.0147E-02 7.6903E-02 8.1130E-02 8.8504E-02 1.0498E-01 1.1425E-01 1.2386E-01 1.4835E-01 1.6567E-01 1.7730E-01 2.0510E-01 2.2657E-01 2.3815E-01 2.4589E-01 2.6628E-01 2.4704E-01 2.2957E-01 2.1841E-01 2.6898E-01 2.4896E-01 3.0301E-01 2.8384E-01 3.1368E-01 3.3851E-01 3.4831E-01 3.9272E-01 3.9106E-01 4.6345E-01 5.9057E-01 6.5041E-01 6.6531E-01 8.7233E-01 9.1500E-01 1.0022E+00 1.1642E+00 1.5311E+00 1.3022E+00 1.0336E+00 1.1095E+00 1.0082E+00 7.3967E-01 7.4071E-01 6.3599E-01 5.4361E-01 4.9851E-01 4.5098E-01 3.7624E-01 3.4084E-01 3.0789E-01 2.6814E-01
2.5498E-02 3.3576E-02 4.1618E-02 5.4602E-02 5.4584E-02 5.4938E-02 5.4603E-02 6.7042E-02 7.1810E-02 7.8302E-02 8.5122E-02 9.6681E-02 1.0241E-01 1.1692E-01 1.2846E-01 1.3734E-01 1.6892E-01 1.9103E-01 2.2079E-01 2.5029E-01 2.6597E-01 2.8678E-01 2.9184E-01 2.7849E-01 2.4735E-01 2.3452E-01 2.4988E-01 2.8503E-01 3.3001E-01 3.2751E-01 3.3634E-01 3.6125E-01 3.9717E-01 4.2650E-01 4.7574E-01 5.7716E-01 7.7267E-01 7.7651E-01 9.3953E-01 1.0188E+00 1.1983E+00 1.3591E+00 1.7235E+00 1.4356E+00 1.1792E+00 1.3179E+00 1.0248E+00 9.3012E-01 7.8552E-01 6.7815E-01 5.3888E-01 5.5460E-01 4.3201E-01 3.5523E-01 3.2578E-01 2.8909E-01 2.4205E-01
2.5078E-02 3.4293E-02 3.9170E-02 4.0977E-02 4.5278E-02 5.3121E-02 6.0595E-02 6.8278E-02 6.9497E-02 7.2032E-02 7.3513E-02 8.6715E-02 9.2626E-02 1.0442E-01 1.0728E-01 1.2929E-01 1.4369E-01 1.4952E-01 1.9191E-01 2.2948E-01 2.6289E-01 2.9118E-01 3.1120E-01 3.1378E-01 3.0347E-01 2.6143E-01 2.3460E-01 2.8569E-01 3.3856E-01 3.6452E-01 3.5073E-01 3.8990E-01 3.9598E-01 4.3268E-01 4.9213E-01 5.9623E-01 6.9618E-01 8.8302E-01 9.1750E-01 1.1729E+00 1.3966E+00 1.5963E+00 1.9813E+00 1.5099E+00 1.4198E+00 1.4012E+00 1.1245E+00 9.4163E-01 8.7611E-01 7.4019E-01 6.3035E-01 5.2881E-01 4.2714E-01 3.6671E-01 3.3119E-01 2.8945E-01 2.4263E-01
2.2395E-02 3.1895E-02 3.7156E-02 4.1849E-02 4.4435E-02 5.2757E-02 6.0190E-02 6.7033E-02 7.0152E-02 7.1176E-02 7.3997E-02 7.7424E-02 8.3798E-02 9.1140E-02 1.0242E-01 1.1393E-01 1.2396E-01 1.3559E-01 1.6067E-01 1.7106E-01 2.2089E-01 2.5503E-01 2.8619E-01 3.0683E-01 3.0850E-01 3.5953E-01 3.0366E-01 2.9220E-01 3.2596E-01 3.6372E-01 3.9250E-01 4.2426E-01 4.3304E-01 4.4870E-01 5.1354E-01 6.0700E-01 7.1023E-01 8.7086E-01 9.7380E-01 1.2715E+00 1.5531E+00 1.8711E+00 2.3590E+00 1.7391E+00 1.6461E+00 1.4697E+00 1.1532E+00 1.0619E+00 9.6990E-01 7.7826E-01 6.4053E-01 5.0470E-01 4.6822E-01 3.7677E-01 2.9935E-01 2.6253E-01 2.1968E-01
2.2071E-02 2.7987E-02 3.4392E-02 3.5684E-02 4.0417E-02 4.5510E-02 5.8800E-02 6.7332E-02 7.0491E-02 7.2052E-02 6.9266E-02 7.4665E-02 7.7149E-02 8.3898E-02 8.8035E-02 8.6352E-02 9.4676E-02 1.2384E-01 1.5726E-01 1.5291E-01 1.6930E-01 1.9456E-01 2.2468E-01 2.4206E-01 3.1620E-01 3.7396E-01 3.8804E-01 3.7260E-01 3.4826E-01 4.0549E-01 4.1969E-01 4.3227E-01 4.5746E-01 5.0441E-01 5.3449E-01 5.3747E-01 7.2694E-01 9.1228E-01 1.1687E+00 1.4029E+00 1.7548E+00 2.1844E+00 2.7656E+00 1.9861E+00 1.8683E+00 1.5978E+00 1.2329E+00 1.1238E+00 9.7228E-01 7.3616E-01 6.2639E-01 4.8796E-01 4.3370E-01 3.4195E-01 2.8332E-01 2.4390E-01 2.4370E-01
2.3836E-02 2.9709E-02 3.5093E-02 3.9545E-02 4.2279E-02 4.5066E-02 4.7261E-02 5.3366E-02 5.4642E-02 5.8668E-02 7.0492E-02 7.5539E-02 8.3395E-02 8.2993E-02 9.2196E-02 9.4101E-02 9.4986E-02 9.4819E-02 9.9617E-02 1.0592E-01 1.4196E-01 1.5176E-01 1.5499E-01 1.8292E-01 2.3644E-01 3.1856E-01 4.5090E-01 4.1332E-01 4.3098E-01 4.1277E-01 4.7002E-01 4.8119E-01 5.1444E-01 5.2127E-01 5.9957E-01 6.5726E-01 6.7127E-01 8.1513E-01 1.2052E+00 1.5051E+00 1.9306E+00 2.5264E+00 2.9059E+00 2.2524E+00 1.9174E+00 1.4634E+00 1.3120E+00 1.1055E+00 8.6839E-01 7.2617E-01 5.4968E-01 5.3057E-01 4.0475E-01 3.0765E-01 3.0454E-01 2.6766E-01 2.0580E-01
2.6115E-02 3.2553E-02 3.7584E-02 4.0042E-02 4.3034E-02 4.5350E-02 4.9228E-02 5.0717E-02 5.2392E-02 5.7031E-02 5.8315E-02 6.0481E-02 6.6990E-02 7.4068E-02 8.5907E-02 8.9397E-02 9.2278E-02 1.0709E-01 1.1692E-01 1.2169E-01 1.3892E-01 1.4519E-01 1.4193E-01 1.3898E-01 1.8098E-01 2.5179E-01 2.9566E-01 3.4945E-01 4.3733E-01 4.4979E-01 4.5363E-01 5.2255E-01 5.7531E-01 5.6117E-01 6.1626E-01 7.5483E-01 7.2829E-01 8.2517E-01 1.1731E+00 1.6548E+00 2.3624E+00 2.8250E+00 3.0276E+00 2.5529E+00 2.0540E+00 1.5746E+00 1.3972E+00 9.6781E-01 8.7457E-01 6.2267E-01 5.3440E-01 4.4255E-01 3.6574E-01 3.7834E-01 2.7742E-01 2.5347E-01 2.3524E-01
2.8911E-02 3.5417E-02 4.1761E-02 4.7549E-02 4.8622E-02 5.1348E-02 5.5094E-02 5.6638E-02 5.8337E-02 6.1448E-02 6.7140E-02 6.2694E-02 6.7190E-02 7.4237E-02 7.7345E-02 7.5538E-02 7.9698E-02 9.6511E-02 9.7769E-02 1.0278E-01 1.1408E-01 1.3341E-01 1.4525E-01 1.5061E-01 1.5511E-01 1.8706E-01 1.9073E-01 2.3849E-01 3.2383E-01 3.8253E-01 4.5185E-01 5.1583E-01 5.0200E-01 5.8267E-01 7.8433E-01 8.7194E-01 9.2850E-01 9.7585E-01 1.4526E+00 1.8768E+00 3.1802E+00 3.6844E+00 3.3191E+00 2.7874E+00 1.9805E+00 1.7865E+00 1.2064E+00 1.0752E+00 7.0760E-01 6.4037E-01 4.6399E-01 4.7631E-01 4.1959E-01 3.2781E-01 3.1521E-01 2.8136E-01 2.5266E-01
2.4681E-02 3.3268E-02 3.9905E-02 4.1180E-02 4.5252E-02 5.3504E-02 5.4934E-02 5.7570E-02 6.2192E-02 6.3785E-02 6.8230E-02 7.6966E-02 8.1424E-02 7.2020E-02 7.9531E-02 8.8644E-02 8.8094E-02 8.5970E-02 8.5661E-02 9.3103E-02 1.0101E-01 1.0785E-01 1.0821E-01 1.3070E-01 1.4910E-01 1.5660E-01 1.9336E-01 2.3947E-01 2.6590E-01 2.7769E-01 3.4055E-01 4.7187E-01 6.4757E-01 5.5099E-01 6.5675E-01 8.8953E-01 1.0856E+00 1.2442E+00 1.5586E+00 2.4951E+00 3.9934E+00 4.6117E+00 4.2850E+00 3.0137E+00 2.1947E+00 1.4819E+00 1.1170E+00 1.1019E+00 7.4335E-01 6.0816E-01 6.2010E-01 5.0587E-01 4.4880E-01 4.0051E-01 3.5359E-01 3.0283E-01 2.6443E-01
2.3892E-02 3.3431E-02 4.0411E-02 4.4690E-02 4.4484E-02 4.5665E-02 5.0781E-02 5.7062E-02 5.7623E-02 6.0644E-02 6.3962E-02 6.8698E-02 7.6927E-02 7.9219E-02 8.0723E-02 8.2292E-02 8.0245E-02 7.9313E-02 8.9594E-02 9.1865E-02 9.3405E-02 9.2516E-02 1.0449E-01 1.1171E-01 1.3125E-01 1.4865E-01 1.8171E-01 2.0615E-01 2.6601E-01 2.9022E-01 2.8251E-01 3.1255E-01 4.0196E-01 5.8368E-01 7.6597E-01 8.3169E-01 1.2402E+00 1.8459E+00 2.6743E+00 3.5497E+00 5.3445E+00 7.0211E+00 5.1341E+00 3.2158E+00 2.0833E+00 1.4046E+00 1.2252E+00 8.8080E-01 8.5129E-01 7.5729E-01 7.0477E-01 5.9073E-01 5.3112E-01 4.4742E-01 3.7886E-01 3.6834E-01 3.5280E-01
2.5862E-02 3.3256E-02 4.0446E-02 4.6868E-02 5.1937E-02 5.5293E-02 5.6857E-02 5.8455E-02 5.6752E-02 5.6561E-02 5.8625E-02 6.2973E-02 7.0066E-02 7.1537E-02 7.5771E-02 8.5600E-02 9.1477E-02 8.7156E-02 8.7285E-02 8.8893E-02 9.1536E-02 9.5334E-02 9.9098E-02 1.0744E-01 1.4371E-01 1.7407E-01 2.0632E-01 2.1364E-01 2.4616E-01 2.9999E-01 3.1887E-01 3.2717E-01 3.5662E-01 4.5089E-01 5.7773E-01 9.1074E-01 1.3938E+00 2.1575E+00 3.9114E+00 5.7251E+00 8.7963E+00 1.0607E+01 6.2735E+00 3.9853E+00 2.6238E+00 1.6178E+00 1.3848E+00 1.1275E+00 9.7552E-01 8.1805E-01 8.0165E-01 7.0547E-01 6.0418E-01 5.2530E-01 4.5865E-01 3.8968E-01 3.3920E-01
3.2610E-02 4.0891E-02 4.8768E-02 5.5700E-02 6.1708E-02 6.0299E-02 6.4547E-02 6.8940E-02 6.9194E-02 7.0400E-02 7.3423E-02 7.3119E-02 6.9494E-02 7.6272E-02 8.1459E-02 8.6696E-02 8.6662E-02 9.9702E-02 1.0465E-01 1.0069E-01 1.0291E-01 1.1224E-01 1.1186E-01 1.2264E-01 1.3553E-01 1.7605E-01 1.7879E-01 1.8176E-01 2.2995E-01 2.6716E-01 3.0199E-01 3.5597E-01 4.2069E-01 4.3008E-01 5.2559E-01 7.1340E-01 1.1174E+00 2.3344E+00 3.9229E+00 8.9382E+00 1.0534E+01 1.1094E+01 7.2611E+00 4.5821E+00 3.5735E+00 2.0173E+00 1.5597E+00 1.2923E+00 1.2009E+00 9.6901E-01 8.4294E-01 7.3682E-01 6.3405E-01 5.1724E-01 4.4435E-01 4.0260E-01 3.6342E-01
3.0652E-02 3.8885E-02 4.4627E-02 4.5795E-02 5.0824E-02 5.8499E-02 6.2064E-02 6.6158E-02 6.9402E-02 7.4930E-02 8.0325E-02 7.7450E-02 8.2684E-02 8.4995E-02 8.7052E-02 8.8530E-02 9.2412E-02 1.0037E-01 1.0230E-01 1.1920E-01 1.1676E-01 1.2321E-01 1.3417E-01 1.1968E-01 1.4379E-01 1.5509E-01 1.6351E-01 1.5344E-01 1.8115E-01 2.2938E-01 2.9596E-01 3.4575E-01 3.9404E-01 4.3361E-01 5.6922E-01 7.0300E-01 9.2499E-01 1.6314E+00 3.3403E+00 5.9467E+00 1.2224E+01 1.7481E+01 7.6516E+00 5.3795E+00 3.5995E+00 2.2304E+00 1.7695E+00 1.4803E+00 1.1522E+00 9.3279E-01 8.0295E-01 6.5237E-01 5.6933E-01 5.0993E-01 4.1803E-01 3.5742E-01 3.2343E-01
3.0485E-02 3.8267E-02 4.1985E-02 4.8962E-02 5.4850E-02 5.8963E-02 6.1468E-02 6.4700E-02 7.7603E-02 7.5821E-02 6.9987E-02 6.7898E-02 6.6186E-02 6.8588E-02 6.7456E-02 7.1188E-02 7.7208E-02 8.5795E-02 1.0024E-01 1.1146E-01 1.1044E-01 1.1501E-01 1.2566E-01 1.2662E-01 1.4507E-01 1.5846E-01 1.6037E-01 1.7144E-01 2.1644E-01 1.9563E-01 2.3663E-01 3.1685E-01 4.0907E-01 5.1669E-01 5.8319E-01 8.3352E-01 1.0960E+00 1.6967E+00 3.4618E+00 4.9354E+00 1.0002E+01 1.7756E+01 8.5888E+00 5.9898E+00 3.7734E+00 2.3840E+00 1.7901E+00 1.3597E+00 1.0517E+00 8.9160E-01 7.3317E-01 6.3075E-01 5.4824E-01 4.5387E-01 4.0339E-01 3.5595E-01 3.0820E-01
2.8517E-02 3.4543E-02 3.9955E-02 4.5389E-02 4.8643E-02 5.2711E-02 5.8698E-02 6.2944E-02 5.9742E-02 5.8879E-02 5.9931E-02 6.1107E-02 7.0749E-02 6.6787E-02 6.3702E-02 6.5571E-02 6.8448E-02 7.5992E-02 8.5201E-02 9.0397E-02 9.7788E-02 1.1084E-01 1.2452E-01 1.3784E-01 1.4865E-01 1.5426E-01 1.7003E-01 1.8680E-01 1.8374E-01 2.0205E-01 2.3092E-01 2.7296E-01 3.1438E-01 3.6996E-01 4.7372E-01 6.2982E-01 9.7986E-01 1.5874E+00 2.7318E+00 5.2269E+00 1.2466E+01 9.0174E+00 6.6610E+00 5.1240E+00 3.5128E+00 2.4319E+00 1.5072E+00 1.1501E+00 8.7678E-01 7.6268E-01 6.5289E-01 5.4029E-01 4.3782E-01 4.0575E-01 3.4651E-01 3.2957E-01 2.9717E-01
2.8574E-02 3.4482E-02 4.0494E-02 4.5991E-02 4.8985E-02 5.2517E-02 5.3666E-02 5.8682E-02 6.2988E-02 6.3378E-02 6.3716E-02 6.4201E-02 6.2180E-02 6.2173E-02 6.4030E-02 6.4686E-02 6.5691E-02 7.2713E-02 9.2104E-02 8.7963E-02 9.0936E-02 1.0250E-01 1.0472E-01 1.2673E-01 1.4710E-01 1.3647E-01 1.4429E-01 1.5135E-01 1.5481E-01 1.8823E-01 2.2578E-01 2.6507E-01 2.7427E-01 3.1351E-01 3.6308E-01 4.6770E-01 6.6672E-01 1.2439E+00 1.8820E+00 5.0559E+00 7.9257E+00 5.8975E+00 4.9952E+00 3.0679E+00 2.0273E+00 1.4281E+00 1.2639E+00 9.6891E-01 8.1255E-01 7.0584E-01 6.0629E-01 5.3765E-01 4.6516E-01 3.9377E-01 3.6052E-01 3.2410E-01 2.9606E-01
2.8784E-02 3.6124E-02 4.2070E-02 4.6979E-02 4.7497E-02 5.1611E-02 5.2937E-02 5.8199E-02 6.0728E-02 6.3821E-02 6.6398E-02 6.8491E-02 7.1092E-02 7.1769E-02 7.0701E-02 7.0146E-02 7.8475E-02 7.7207E-02 7.4859E-02 8.3483E-02 9.3795E-02 1.0509E-01 8.8941E-02 9.3573E-02 1.0146E-01 1.0934E-01 1.2125E-01 1.2353E-01 1.5568E-01 1.8466E-01 1.7664E-01 2.0906E-01 2.0965E-01 2.5706E-01 3.3622E-01 4.2719E-01 6.1581E-01 8.8253E-01 1.8969E+00 3.2279E+00 4.8582E+00 2.7498E+00 2.7299E+00 2.3303E+00 1.5124E+00 1.0722E+00 8.6791E-01 7.9924E-01 7.2626E-01 5.6984E-01 5.6614E-01 4.4994E-01 4.2159E-01 3.7585E-01 3.4926E-01 3.2041E-01 2.8168E-01
2.9445E-02 3.7257E-02 4.1940E-02 4.4223E-02 4.8054E-02 5.3180E-02 5.5351E-02 5.9160E-02 6.3247E-02 7.1736E-02 7.0214E-02 7.2263E-02 7.0154E-02 6.7327E-02 6.6307E-02 6.5934E-02 7.6347E-02 8.2540E-02 7.7202E-02 7.6855E-02 7.2448E-02 7.8216E-02 7.8882E-02 8.0971E-02 9.6588E-02 1.1305E-01 1.1659E-01 1.2744E-01 1.5371E-01 1.9215E-01 2.3110E-01 2.2373E-01 1.9751E-01 2.6913E-01 2.9853E-01 4.3003E-01 6.5600E-01 8.2432E-01 1.3639E+00 1.7036E+00 2.4295E+00 1.4025E+00 1.7314E+00 1.4684E+00 1.2836E+00 8.7286E-01 8.1364E-01 6.0743E-01 5.2388E-01 5.2316E-01 4.6233E-01 4.5570E-01 4.2392E-01 3.3704E-01 3.1774E-01 3.3193E-01 2.9906E-01
2.8895E-02 3.6849E-02 4.6570E-02 4.3650E-02 4.9227E-02 5.3098E-02 5.7134E-02 5.9304E-02 6.5485E-02 6.9431E-02 7.2816E-02 7.3370E-02 7.0253E-02 6.7326E-02 6.6036E-02 6.6282E-02 6.7754E-02 7.0340E-02 6.2479E-02 6.6870E-02 7.0037E-02 7.6441E-02 8.3558E-02 9.1348E-02 9.2479E-02 1.0160E-01 1.2101E-01 1.4094E-01 1.6407E-01 1.4306E-01 1.4442E-01 1.9822E-01 1.8836E-01 2.3098E-01 3.2427E-01 4.5424E-01 4.0231E-01 7.3718E-01 9.3115E-01 1.3628E+00 1.6201E+00 9.9021E-01 1.1412E+00 1.0999E+00 9.0047E-01 8.6579E-01 6.8999E-01 5.2932E-01 4.7599E-01 4.1886E-01 3.9943E-01 3.9872E-01 3.9463E-01 3.4619E-01 3.0820E-01 2.7283E-01 2.6946E-01
