20231023_webinar_progetto_murano/refs/data_input_report_tx_finale/grd_f3_sc_1/Percentile_24h.grd
DSAA
          81           81
 760250.0000  764250.0000
5036750.0000 5040750.0000
  0.1255E-01   0.1776E+02
[rows 50 to 74 of 81, columns 0 to 56 of 81]
2.5728E-02 3.4919E-02 3.9561E-02 4.5810E-02 5.0486E-02 5.4685E-02 5.8842E-02 5.9490E-02 6.6752E-02 7.0347E-02 6.7710E-02 6.4664E-02 6.0158E-02 5.4813E-02 5.4667E-02 5.9488E-02 6.5220E-02 7.3476E-02 8.3474E-02 8.8119E-02 9.0894E-02 9.2343E-02 8.5290E-02 8.1792E-02 1.0241E-01 1.0743E-01 1.1962E-01 1.1152E-01 1.0058E-01 1.0167E-01 1.6266E-01 1.5555E-01 1.9145E-01 2.3298E-01 3.4410E-01 3.6827E-01 5.0085E-01 6.6897E-01 7.4810E-01 1.0669E+00 1.0043E+00 9.1912E-01 7.8204E-01 8.6259E-01 7.5446E-01 7.8245E-01 6.1700E-01 4.9417E-01 4.1583E-01 3.7723E-01 3.2744E-01 3.3864E-01 3.4393E-01 3.1238E-01 2.6392E-01 2.5392E-01 2.5309E-01
2.7309E-02 3.4413E-02 4.0477E-02 4.6021E-02 5.1119E-02 5.5152E-02 5.6857E-02 5.6987E-02 5.5246E-02 5.1810E-02 4.8684E-02 4.5299E-02 4.8349E-02 3.8019E-02 5.6258E-02 6.1422E-02 6.7943E-02 7.7699E-02 8.9610E-02 8.2443E-02 7.1118E-02 8.4925E-02 9.5951E-02 1.1811E-01 1.0982E-01 9.8306E-02 9.1751E-02 9.3465E-02 1.3639E-01 1.3502E-01 1.6407E-01 2.0560E-01 2.2859E-01 3.0280E-01 2.3736E-01 3.8165E-01 5.7135E-01 5.6575E-01 7.1677E-01 8.8978E-01 8.2208E-01 6.7383E-01 6.8932E-01 7.2128E-01 7.0199E-01 6.3759E-01 6.1158E-01 4.7253E-01 3.7275E-01 3.4783E-01 3.3704E-01 2.9015E-01 2.6556E-01 2.8477E-01 2.4385E-01 2.1342E-01 2.1111E-01
2.3765E-02 2.8929E-02 4.0207E-02 3.7010E-02 4.0256E-02 4.3020E-02 4.8412E-02 4.4563E-02 4.4394E-02 4.0657E-02 4.3422E-02 3.8812E-02 5.1230E-02 5.4185E-02 5.8455E-02 6.3997E-02 6.9423E-02 8.1997E-02 8.9555E-02 8.9873E-02 8.9049E-02 9.2244E-02 8.9799E-02 8.5926E-02 7.7792E-02 8.9357E-02 9.9348E-02 1.1542E-01 1.2422E-01 1.3859E-01 1.7638E-01 1.7339E-01 2.0385E-01 2.3171E-01 3.1092E-01 3.8738E-01 4.9372E-01 5.2031E-01 6.2088E-01 7.7900E-01 6.5278E-01 5.5564E-01 6.1031E-01 5.7505E-01 5.4230E-01 4.9235E-01 5.1863E-01 4.5398E-01 3.8131E-01 4.0575E-01 3.6470E-01 3.1088E-01 2.4638E-01 2.2658E-01 2.5332E-01 2.4124E-01 2.1904E-01
1.8820E-02 3.3214E-02 3.9753E-02 3.7959E-02 3.0497E-02 3.2916E-02 3.9639E-02 4.0724E-02 4.3149E-02 4.1747E-02 4.5862E-02 4.9346E-02 5.3419E-02 5.6951E-02 5.9426E-02 6.6817E-02 7.5061E-02 8.2415E-02 8.4619E-02 8.3780E-02 8.0542E-02 7.1102E-02 6.5820E-02 8.4796E-02 7.3680E-02 8.4222E-02 9.5390E-02 1.0728E-01 1.0933E-01 1.5106E-01 1.4338E-01 1.4841E-01 1.6931E-01 2.4814E-01 3.3106E-01 4.0727E-01 4.0139E-01 4.3129E-01 5.5531E-01 6.7761E-01 4.6587E-01 4.4771E-01 5.2489E-01 4.9245E-01 4.3869E-01 4.8814E-01 4.4410E-01 4.3729E-01 3.7219E-01 2.9722E-01 3.3035E-01 2.9562E-01 2.3118E-01 1.9704E-01 2.1364E-01 2.3144E-01 2.1106E-01
1.8732E-02 2.9180E-02 3.7539E-02 3.2807E-02 2.9408E-02 3.3229E-02 3.5003E-02 3.9254E-02 4.0389E-02 4.8315E-02 5.4720E-02 5.6955E-02 6.2736E-02 6.6804E-02 6.3961E-02 6.9953E-02 7.5804E-02 7.6636E-02 7.5935E-02 6.4700E-02 6.3194E-02 6.4641E-02 7.2294E-02 7.8047E-02 7.7388E-02 8.8003E-02 9.8172E-02 1.0533E-01 1.2094E-01 1.2835E-01 1.4872E-01 1.4551E-01 2.2477E-01 2.6437E-01 4.0034E-01 3.7420E-01 3.6939E-01 4.4454E-01 5.3353E-01 5.2909E-01 4.5090E-01 3.9447E-01 4.2436E-01 3.9606E-01 4.1885E-01 3.9069E-01 3.9239E-01 4.0975E-01 3.8445E-01 2.5426E-01 2.4249E-01 2.6403E-01 2.2328E-01 2.1202E-01 2.0603E-01 2.2921E-01 2.1205E-01
1.8369E-02 2.7136E-02 3.3542E-02 3.2797E-02 3.4970E-02 3.5505E-02 3.7409E-02 3.8921E-02 4.5408E-02 5.2479E-02 5.7906E-02 5.4458E-02 5.6486E-02 6.2014E-02 6.7044E-02 7.0769E-02 7.1246E-02 7.1389E-02 5.7173E-02 5.7259E-02 6.2578E-02 6.7665E-02 7.0138E-02 7.6630E-02 8.1359E-02 8.6435E-02 9.2313E-02 1.0943E-01 1.1243E-01 1.3049E-01 1.3465E-01 1.6863E-01 2.8391E-01 3.0276E-01 3.4079E-01 3.4832E-01 3.2025E-01 3.8866E-01 4.5658E-01 4.7979E-01 3.5689E-01 3.2816E-01 3.2849E-01 3.2010E-01 3.8370E-01 3.4011E-01 3.3996E-01 3.0679E-01 3.3390E-01 3.3258E-01 2.2337E-01 2.1314E-01 2.0757E-01 2.0397E-01 1.9760E-01 1.9092E-01 2.0531E-01
2.0672E-02 2.6621E-02 2.9919E-02 3.0971E-02 3.4998E-02 3.8919E-02 4.3568E-02 4.3773E-02 4.7145E-02 4.9554E-02 4.8301E-02 5.4216E-02 5.8745E-02 6.4039E-02 6.6201E-02 6.6132E-02 5.9245E-02 5.4238E-02 6.0437E-02 6.4045E-02 7.0150E-02 6.6633E-02 7.7685E-02 7.8900E-02 8.6202E-02 7.8891E-02 9.9535E-02 9.6918E-02 1.1518E-01 1.2564E-01 1.5887E-01 2.0947E-01 2.5978E-01 3.1459E-01 3.1491E-01 3.0134E-01 3.4743E-01 3.8175E-01 3.9424E-01 3.7243E-01 3.1485E-01 2.7761E-01 3.0867E-01 3.4539E-01 3.1617E-01 3.0676E-01 3.1429E-01 2.8541E-01 3.2990E-01 3.2502E-01 2.7553E-01 2.2018E-01 1.9563E-01 1.9897E-01 1.9666E-01 1.9187E-01 1.7612E-01
1.7413E-02 2.4137E-02 2.7758E-02 3.5270E-02 3.8572E-02 4.4071E-02 5.0966E-02 4.5872E-02 4.8172E-02 4.7620E-02 4.8789E-02 4.7301E-02 5.8948E-02 6.3248E-02 5.9004E-02 5.7697E-02 5.3430E-02 6.0511E-02 6.9367E-02 6.7807E-02 6.8789E-02 7.9876E-02 8.6084E-02 7.6033E-02 7.1712E-02 9.0459E-02 9.0973E-02 9.0055E-02 1.0026E-01 1.1685E-01 1.4632E-01 1.8816E-01 3.0065E-01 2.8656E-01 2.7765E-01 2.6640E-01 2.9746E-01 3.5499E-01 3.4676E-01 3.4939E-01 2.8792E-01 2.8609E-01 2.8471E-01 3.1944E-01 2.8894E-01 2.8799E-01 2.9000E-01 2.9790E-01 2.6308E-01 3.2166E-01 2.6990E-01 2.3018E-01 2.0042E-01 1.8280E-01 2.0052E-01 1.8041E-01 1.6556E-01
2.0470E-02 2.7069E-02 2.9557E-02 3.3883E-02 4.2674E-02 5.0219E-02 5.6494E-02 5.3432E-02 4.5771E-02 4.8110E-02 4.9794E-02 5.3145E-02 5.2754E-02 5.4132E-02 6.0193E-02 5.9409E-02 5.9087E-02 6.4063E-02 6.5162E-02 6.4108E-02 8.1157E-02 7.6818E-02 7.3595E-02 7.8531E-02 8.5646E-02 8.1159E-02 9.3147E-02 8.7677E-02 1.1581E-01 1.5226E-01 1.6657E-01 2.2828E-01 2.7576E-01 2.6076E-01 2.3381E-01 2.3840E-01 2.7180E-01 3.1742E-01 3.2225E-01 3.2430E-01 2.7057E-01 2.5680E-01 2.6905E-01 2.7826E-01 2.6606E-01 2.7695E-01 2.6667E-01 2.4649E-01 2.5142E-01 2.7057E-01 2.7643E-01 2.4118E-01 2.0462E-01 1.8369E-01 1.6064E-01 1.5730E-01 1.5512E-01
1.9659E-02 2.5837E-02 3.7039E-02 3.6752E-02 4.0480E-02 4.5631E-02 4.7768E-02 5.4456E-02 4.5254E-02 5.1621E-02 5.0916E-02 5.0087E-02 5.4748E-02 5.8781E-02 5.9963E-02 5.9800E-02 5.9213E-02 6.2285E-02 6.5024E-02 6.4277E-02 6.1993E-02 6.6491E-02 7.7089E-02 7.4875E-02 8.3590E-02 1.1148E-01 9.2711E-02 1.1043E-01 1.5965E-01 1.8507E-01 1.9222E-01 2.5035E-01 2.1861E-01 2.0701E-01 2.0794E-01 2.0853E-01 2.8035E-01 2.9247E-01 2.8043E-01 2.8794E-01 2.6885E-01 2.5413E-01 2.4266E-01 2.3984E-01 2.6581E-01 2.3532E-01 2.3493E-01 1.9275E-01 2.3339E-01 2.2418E-01 2.5122E-01 2.1471E-01 2.1012E-01 1.7955E-01 1.5742E-01 1.3943E-01 1.3840E-01
2.0749E-02 2.6101E-02 3.3267E-02 3.5921E-02 4.0231E-02 4.0624E-02 3.9507E-02 4.0227E-02 4.3340E-02 4.6171E-02 4.7143E-02 5.2037E-02 5.4496E-02 5.4264E-02 5.3288E-02 5.8893E-02 5.9941E-02 6.3086E-02 5.7787E-02 5.6099E-02 6.1587E-02 7.2469E-02 7.9401E-02 8.2349E-02 9.9251E-02 1.0752E-01 1.0405E-01 1.3525E-01 1.6000E-01 1.8213E-01 2.1335E-01 2.2593E-01 1.9182E-01 1.9094E-01 1.9558E-01 2.2504E-01 2.4524E-01 2.6604E-01 2.5932E-01 2.8048E-01 2.3783E-01 2.2344E-01 2.2297E-01 2.3932E-01 2.2973E-01 2.1958E-01 2.2047E-01 2.0244E-01 1.9241E-01 2.1971E-01 2.0992E-01 2.0912E-01 1.6938E-01 1.8529E-01 1.5851E-01 1.5229E-01 1.2633E-01
2.1716E-02 2.8748E-02 3.3363E-02 3.3251E-02 3.1859E-02 3.4957E-02 3.7852E-02 4.0801E-02 4.1853E-02 4.4398E-02 4.6198E-02 4.8292E-02 5.0524E-02 4.2044E-02 4.3125E-02 5.1815E-02 5.7210E-02 5.7823E-02 5.5114E-02 6.1868E-02 7.0928E-02 8.1316E-02 7.7273E-02 9.0232E-02 9.5972E-02 9.6751E-02 1.2052E-01 1.3929E-01 1.5844E-01 1.9141E-01 2.0254E-01 1.9219E-01 1.5987E-01 1.8925E-01 1.9897E-01 2.0244E-01 2.2536E-01 2.2663E-01 2.2913E-01 2.5027E-01 2.0166E-01 2.0714E-01 2.0798E-01 2.3066E-01 1.8783E-01 1.9647E-01 1.9519E-01 1.9696E-01 1.8012E-01 2.1128E-01 1.8634E-01 1.8530E-01 1.7038E-01 1.6996E-01 1.4967E-01 1.3391E-01 1.2823E-01
2.2107E-02 2.6813E-02 3.0658E-02 3.0582E-02 3.5407E-02 3.9272E-02 4.2756E-02 4.2666E-02 4.4559E-02 4.3705E-02 4.3081E-02 4.3408E-02 4.3281E-02 4.5833E-02 4.9172E-02 5.3612E-02 5.3787E-02 5.2804E-02 5.5769E-02 7.2258E-02 8.0537E-02 7.4490E-02 7.2475E-02 7.3610E-02 7.9457E-02 9.9014E-02 1.3106E-01 1.4527E-01 1.8280E-01 1.9313E-01 1.8014E-01 1.8512E-01 1.6371E-01 1.7554E-01 2.0041E-01 2.0225E-01 2.0635E-01 1.9600E-01 1.8290E-01 2.2074E-01 1.8080E-01 1.8776E-01 1.9642E-01 2.1915E-01 1.9705E-01 1.8235E-01 1.7044E-01 1.8177E-01 1.8552E-01 1.7454E-01 1.6376E-01 1.6486E-01 1.7750E-01 1.5588E-01 1.5923E-01 1.3509E-01 1.1309E-01
2.0264E-02 2.5937E-02 2.8259E-02 3.2260E-02 4.0779E-02 4.3426E-02 4.7891E-02 3.9767E-02 3.6308E-02 3.6063E-02 3.7129E-02 4.5493E-02 5.1779E-02 4.6890E-02 4.8425E-02 5.2353E-02 4.9148E-02 5.4620E-02 7.1187E-02 7.7998E-02 7.5106E-02 7.0570E-02 7.2760E-02 6.5897E-02 8.8093E-02 1.3806E-01 1.5577E-01 1.3421E-01 1.9493E-01 1.6665E-01 1.7904E-01 1.6056E-01 1.4982E-01 1.7198E-01 1.9053E-01 1.8705E-01 2.0370E-01 1.8225E-01 1.7736E-01 1.9126E-01 1.7940E-01 1.9366E-01 1.8350E-01 1.9900E-01 1.9045E-01 1.7157E-01 1.5139E-01 1.5768E-01 1.6467E-01 1.5761E-01 1.8265E-01 1.5499E-01 1.4502E-01 1.4389E-01 1.4834E-01 1.3645E-01 1.2236E-01
1.9533E-02 2.4450E-02 3.0198E-02 3.6310E-02 4.2556E-02 4.7794E-02 5.1200E-02 4.2508E-02 3.1319E-02 3.4238E-02 4.9171E-02 5.6786E-02 5.6337E-02 4.8892E-02 4.7561E-02 4.5940E-02 5.4946E-02 6.8567E-02 7.5017E-02 6.8398E-02 6.2954E-02 7.2535E-02 6.0149E-02 8.5701E-02 1.1346E-01 1.3532E-01 1.2841E-01 1.7577E-01 1.8736E-01 1.6256E-01 1.7511E-01 1.3188E-01 1.4413E-01 1.6012E-01 1.9289E-01 1.8656E-01 1.9381E-01 1.7206E-01 1.6997E-01 1.7799E-01 1.8103E-01 1.6618E-01 1.6983E-01 1.8182E-01 1.7356E-01 1.6169E-01 1.3585E-01 1.3709E-01 1.3625E-01 1.3235E-01 1.4985E-01 1.5137E-01 1.3982E-01 1.4315E-01 1.3218E-01 1.2927E-01 1.1285E-01
2.0975E-02 2.9500E-02 3.3306E-02 4.0289E-02 4.0718E-02 3.8530E-02 3.8029E-02 3.4512E-02 3.8271E-02 4.4968E-02 5.5334E-02 5.6300E-02 4.8822E-02 4.5194E-02 4.9436E-02 5.8619E-02 6.0377E-02 6.7805E-02 6.8877E-02 5.7695E-02 6.7425E-02 5.9767E-02 8.4757E-02 1.0127E-01 1.2627E-01 1.3243E-01 1.7411E-01 1.8513E-01 1.5444E-01 1.6621E-01 1.4249E-01 1.2899E-01 1.4120E-01 1.6407E-01 1.8976E-01 1.8071E-01 1.8249E-01 1.8102E-01 1.7392E-01 1.7028E-01 1.7910E-01 1.6544E-01 1.6370E-01 1.8487E-01 1.6409E-01 1.4985E-01 1.2943E-01 1.2142E-01 1.2248E-01 1.1961E-01 1.3373E-01 1.4437E-01 1.2378E-01 1.2521E-01 1.2441E-01 1.1866E-01 1.1598E-01
2.1894E-02 2.9431E-02 3.5899E-02 4.0519E-02 4.0628E-02 2.8214E-02 3.0668E-02 3.4751E-02 4.0613E-02 4.5957E-02 5.3989E-02 4.4715E-02 4.5814E-02 4.6467E-02 5.7292E-02 6.3677E-02 6.7630E-02 6.8578E-02 5.3626E-02 6.6432E-02 5.6843E-02 8.2018E-02 8.8860E-02 1.0334E-01 1.1084E-01 1.3816E-01 1.7664E-01 1.6806E-01 1.5046E-01 1.4047E-01 1.3843E-01 1.2508E-01 1.2787E-01 1.6474E-01 1.6860E-01 1.6625E-01 1.7806E-01 1.6661E-01 1.6739E-01 1.6463E-01 1.6330E-01 1.5497E-01 1.4642E-01 1.8343E-01 1.5241E-01 1.3464E-01 1.2165E-01 1.2179E-01 1.2105E-01 1.2362E-01 1.2507E-01 1.3395E-01 1.2955E-01 1.2136E-01 1.1673E-01 1.1671E-01 1.1043E-01
2.3302E-02 3.0604E-02 3.5112E-02 3.1366E-02 3.4120E-02 2.9198E-02 3.0932E-02 3.7932E-02 4.1348E-02 4.4666E-02 4.5468E-02 4.7010E-02 4.4943E-02 5.1382E-02 6.0219E-02 7.0997E-02 7.1803E-02 5.1229E-02 6.7684E-02 7.0056E-02 7.6411E-02 8.8505E-02 9.7030E-02 1.0234E-01 1.1273E-01 1.5294E-01 1.6031E-01 1.3297E-01 1.4984E-01 1.3296E-01 1.1101E-01 1.2665E-01 1.3014E-01 1.6084E-01 1.5487E-01 1.6293E-01 1.6555E-01 1.4605E-01 1.4933E-01 1.5249E-01 1.5407E-01 1.4316E-01 1.3312E-01 1.4496E-01 1.3947E-01 1.2879E-01 1.2137E-01 1.2536E-01 1.2645E-01 1.1884E-01 1.1847E-01 1.2437E-01 1.2040E-01 1.1646E-01 1.1074E-01 1.0414E-01 1.0980E-01
2.1835E-02 2.9815E-02 2.8685E-02 2.5503E-02 2.8806E-02 3.1794E-02 3.7019E-02 4.2789E-02 4.6189E-02 4.7449E-02 4.7312E-02 4.3187E-02 4.8915E-02 5.1815E-02 6.0079E-02 6.7475E-02 5.8254E-02 5.8911E-02 6.3393E-02 7.6128E-02 8.0620E-02 9.0928E-02 9.6831E-02 1.0252E-01 1.2774E-01 1.6330E-01 1.4153E-01 1.3848E-01 1.3399E-01 1.1390E-01 1.0041E-01 1.3598E-01 1.4155E-01 1.4968E-01 1.4646E-01 1.4739E-01 1.6440E-01 1.3739E-01 1.3931E-01 1.4363E-01 1.4909E-01 1.3611E-01 1.3527E-01 1.3827E-01 1.3898E-01 1.2904E-01 1.2010E-01 1.0913E-01 1.3021E-01 1.1861E-01 1.1211E-01 1.1342E-01 1.1760E-01 1.1174E-01 1.1174E-01 1.0191E-01 1.0766E-01
1.6966E-02 2.3162E-02 2.8900E-02 3.0319E-02 3.4855E-02 3.8256E-02 4.0552E-02 4.5474E-02 4.8487E-02 5.0036E-02 4.9145E-02 5.0244E-02 5.1676E-02 5.2101E-02 5.7176E-02 6.0911E-02 6.2554E-02 5.9808E-02 7.2059E-02 7.8966E-02 8.5164E-02 9.5943E-02 1.0291E-01 1.1285E-01 1.4121E-01 1.4941E-01 1.4011E-01 1.3805E-01 1.2579E-01 1.0600E-01 1.1190E-01 1.3662E-01 1.3847E-01 1.4624E-01 1.4218E-01 1.4449E-01 1.6069E-01 1.3489E-01 1.3264E-01 1.3296E-01 1.5120E-01 1.3065E-01 1.3321E-01 1.4001E-01 1.4215E-01 1.2909E-01 1.2227E-01 1.0340E-01 1.1309E-01 1.0629E-01 1.0459E-01 1.0986E-01 1.0993E-01 1.1231E-01 1.1176E-01 1.0176E-01 9.2973E-02
1.9885E-02 2.6353E-02 3.0438E-02 3.5722E-02 4.0999E-02 4.2399E-02 4.2571E-02 4.5422E-02 4.8142E-02 4.8558E-02 4.9772E-02 6.2241E-02 6.2868E-02 5.9996E-02 5.9674E-02 6.2844E-02 6.4212E-02 6.6031E-02 7.1949E-02 8.1067E-02 8.3489E-02 9.3554E-02 1.0203E-01 1.2369E-01 1.4491E-01 1.4536E-01 1.3525E-01 1.3335E-01 1.1749E-01 9.7834E-02 1.1327E-01 1.3192E-01 1.3698E-01 1.3777E-01 1.3813E-01 1.4293E-01 1.4413E-01 1.2215E-01 1.2951E-01 1.3045E-01 1.4844E-01 1.3065E-01 1.2839E-01 1.3633E-01 1.3323E-01 1.2221E-01 1.1359E-01 9.1745E-02 9.7017E-02 9.6978E-02 9.8885E-02 1.0800E-01 1.0634E-01 1.0765E-01 1.1042E-01 1.0288E-01 9.8659E-02
2.4798E-02 2.9687E-02 3.3807E-02 3.7809E-02 4.1791E-02 4.2103E-02 4.2152E-02 4.4877E-02 4.6045E-02 4.8785E-02 5.7822E-02 6.2813E-02 6.5538E-02 6.5414E-02 6.4490E-02 6.4315E-02 7.0132E-02 7.1512E-02 7.9584E-02 8.2985E-02 8.4614E-02 9.9481E-02 1.1533E-01 1.3350E-01 1.4399E-01 1.3859E-01 1.3576E-01 1.2815E-01 1.1012E-01 9.8446E-02 1.1407E-01 1.2954E-01 1.3410E-01 1.3290E-01 1.3332E-01 1.3839E-01 1.3005E-01 1.1959E-01 1.2851E-01 1.2853E-01 1.3801E-01 1.2377E-01 1.1729E-01 1.2616E-01 1.2347E-01 1.1637E-01 1.0322E-01 8.4210E-02 8.6563E-02 8.5063E-02 9.8771E-02 1.0407E-01 9.9149E-02 1.0086E-01 1.0564E-01 1.0426E-01 9.5739E-02
2.2166E-02 2.9577E-02 3.3622E-02 3.6131E-02 3.6599E-02 3.9911E-02 4.2074E-02 4.3165E-02 4.7037E-02 5.3864E-02 5.0781E-02 5.6567E-02 6.0649E-02 6.0088E-02 5.4889E-02 6.2857E-02 7.6393E-02 7.3547E-02 7.8431E-02 8.3950E-02 8.9009E-02 1.0159E-01 1.2108E-01 1.3611E-01 1.3900E-01 1.3866E-01 1.3460E-01 1.2293E-01 1.0377E-01 9.6550E-02 1.1395E-01 1.2736E-01 1.2912E-01 1.3223E-01 1.2754E-01 1.3420E-01 1.1710E-01 1.2204E-01 1.1734E-01 1.2255E-01 1.3079E-01 1.1857E-01 1.1561E-01 1.1683E-01 1.1494E-01 1.0673E-01 9.4391E-02 8.2942E-02 8.6118E-02 9.4907E-02 9.9567E-02 1.0241E-01 9.3838E-02 9.6235E-02 1.0059E-01 1.0213E-01 9.6795E-02
2.1039E-02 2.7356E-02 3.2368E-02 3.5488E-02 3.7126E-02 4.0275E-02 4.1025E-02 4.4998E-02 5.2932E-02 5.1780E-02 4.8026E-02 4.9541E-02 5.7415E-02 5.2381E-02 5.3011E-02 6.9157E-02 6.5967E-02 7.0892E-02 8.0488E-02 9.3447E-02 9.5075E-02 1.1097E-01 1.3322E-01 1.3339E-01 1.3680E-01 1.3088E-01 1.2542E-01 1.1658E-01 9.7218E-02 9.3199E-02 1.1257E-01 1.2292E-01 1.2600E-01 1.2815E-01 1.2399E-01 1.2161E-01 1.0490E-01 1.1759E-01 1.0725E-01 1.1525E-01 1.2508E-01 1.1170E-01 1.0644E-01 1.0750E-01 1.0774E-01 9.9365E-02 8.9303E-02 8.6178E-02 8.7118E-02 9.0944E-02 9.1212E-02 9.6082E-02 9.1800E-02 8.6341E-02 9.3219E-02 9.9745E-02 9.7429E-02
2.2657E-02 2.8507E-02 3.2363E-02 3.5951E-02 3.8966E-02 3.9465E-02 4.4318E-02 4.8520E-02 5.1133E-02 5.3519E-02 5.2184E-02 5.5108E-02 5.4066E-02 5.6562E-02 6.1818E-02 6.6205E-02 6.4925E-02 7.5805E-02 8.0673E-02 8.3821E-02 9.8091E-02 1.1827E-01 1.2337E-01 1.3029E-01 1.2888E-01 1.2463E-01 1.2154E-01 1.0812E-01 9.2495E-02 9.1313E-02 1.1645E-01 1.1861E-01 1.2173E-01 1.2127E-01 1.1874E-01 1.1739E-01 1.0590E-01 1.1360E-01 1.0089E-01 1.0907E-01 1.2007E-01 1.0483E-01 1.0790E-01 1.0657E-01 9.6771E-02 9.1508E-02 8.6817E-02 8.7024E-02 8.5562E-02 8.8743E-02 8.5789E-02 8.9248E-02 9.0972E-02 8.1878E-02 8.6693E-02 9.4455E-02 9.4769E-02
