20231023_webinar_progetto_murano/refs/data_input_report_tx_finale/grd_f3_sc_1/Percentile_24h.grd
DSAA
          81           81
 760250.0000  764250.0000
5036750.0000 5040750.0000
  0.1255E-01   0.1776E+02
[rows 0 to 24 of 81, columns 0 to 56 of 81]
1.4817E-02 1.8895E-02 2.4022E-02 2.5830E-02 2.6389E-02 2.6669E-02 2.6739E-02 2.7923E-02 2.8547E-02 2.7750E-02 2.7604E-02 2.7843E-02 3.1273E-02 3.3459E-02 3.6213E-02 3.9258E-02 4.1830E-02 4.1726E-02 4.6561E-02 4.8458E-02 4.8049E-02 4.5453E-02 4.3133E-02 4.1597E-02 4.2733E-02 4.5346E-02 4.4627E-02 4.6267E-02 4.4268E-02 4.4146E-02 4.7487E-02 4.9003E-02 5.0666E-02 6.4251E-02 6.6597E-02 7.2990E-02 7.9829E-02 7.4487E-02 7.3357E-02 7.6567E-02 7.9458E-02 8.7670E-02 8.6836E-02 1.0168E-01 1.0659E-01 1.0134E-01 1.0273E-01 9.5079E-02 8.8140E-02 7.8672E-02 7.1989E-02 7.3107E-02 8.3159E-02 8.6732E-02 8.3100E-02 7.5903E-02 6.5273E-02
1.7661E-02 2.2593E-02 2.8841E-02 3.3661E-02 3.4634E-02 3.3324E-02 3.4364E-02 3.3353E-02 3.4666E-02 3.5163E-02 3.4584E-02 3.6664E-02 3.6760E-02 3.8564E-02 4.3852E-02 4.9399E-02 5.1924E-02 5.3518E-02 5.5810E-02 5.7362E-02 5.8266E-02 5.7730E-02 5.3702E-02 5.6413E-02 5.2768E-02 5.4767E-02 5.6870E-02 5.7364E-02 5.4199E-02 5.5116E-02 6.0486E-02 6.0576E-02 6.7042E-02 7.6899E-02 8.3682E-02 8.6992E-02 9.4180E-02 1.0369E-01 9.1812E-02 1.0803E-01 1.0840E-01 1.0765E-01 1.1030E-01 1.2467E-01 1.3138E-01 1.2586E-01 1.2384E-01 1.1940E-01 1.1138E-01 9.8922E-02 8.8543E-02 9.2341E-02 1.0243E-01 1.0677E-01 9.8349E-02 9.1791E-02 8.0330E-02
2.3558E-02 2.7555E-02 3.0197E-02 3.6661E-02 4.0078E-02 3.9736E-02 3.8533E-02 3.7730E-02 3.9086E-02 3.9975E-02 3.9655E-02 4.1489E-02 4.2232E-02 4.4812E-02 5.0038E-02 5.4186E-02 5.9791E-02 6.1473E-02 6.4151E-02 6.5829E-02 6.6703E-02 6.6863E-02 6.5665E-02 6.3395E-02 6.0879E-02 6.2700E-02 6.7426E-02 6.6397E-02 6.4102E-02 6.5379E-02 6.9990E-02 7.2330E-02 8.1832E-02 9.1209E-02 9.7151E-02 1.0396E-01 1.0475E-01 1.1351E-01 1.0862E-01 1.2617E-01 1.2219E-01 1.1955E-01 1.2805E-01 1.4432E-01 1.5148E-01 1.4434E-01 1.4397E-01 1.3921E-01 1.2867E-01 1.1451E-01 1.0431E-01 1.1010E-01 1.2345E-01 1.2215E-01 1.1738E-01 1.0288E-01 9.4454E-02
2.3728E-02 3.4335E-02 3.7063E-02 3.7224E-02 4.3336E-02 4.4135E-02 4.1311E-02 4.4448E-02 4.3618E-02 4.3674E-02 4.4424E-02 4.4830E-02 4.6399E-02 4.8379E-02 5.2964E-02 5.7627E-02 6.3413E-02 6.8749E-02 6.8985E-02 7.1816E-02 7.4757E-02 7.6303E-02 7.3681E-02 7.1343E-02 6.8942E-02 6.8717E-02 7.4153E-02 7.2415E-02 7.3550E-02 7.4662E-02 8.1152E-02 8.1219E-02 8.9340E-02 1.0353E-01 1.1046E-01 1.2424E-01 1.2393E-01 1.1917E-01 1.2312E-01 1.3345E-01 1.3996E-01 1.3425E-01 1.4502E-01 1.6210E-01 1.6615E-01 1.5845E-01 1.6124E-01 1.5480E-01 1.4104E-01 1.2678E-01 1.2019E-01 1.2623E-01 1.4466E-01 1.3397E-01 1.2989E-01 1.1384E-01 1.0695E-01
2.6190E-02 3.1442E-02 3.5467E-02 3.9203E-02 4.2406E-02 4.7842E-02 4.6044E-02 4.4451E-02 4.7153E-02 4.6562E-02 4.7258E-02 4.8069E-02 4.9712E-02 5.0035E-02 5.1623E-02 5.8584E-02 6.5357E-02 7.0205E-02 7.4068E-02 7.5391E-02 8.2059E-02 8.3257E-02 7.8842E-02 7.7673E-02 7.6070E-02 7.6314E-02 8.2300E-02 8.2670E-02 8.2997E-02 8.2915E-02 8.8303E-02 9.2280E-02 9.4252E-02 1.0675E-01 1.2645E-01 1.3527E-01 1.4365E-01 1.3286E-01 1.3553E-01 1.5003E-01 1.4757E-01 1.4810E-01 1.6180E-01 1.7848E-01 1.7958E-01 1.7260E-01 1.7705E-01 1.6684E-01 1.4797E-01 1.3973E-01 1.3578E-01 1.4344E-01 1.5759E-01 1.4373E-01 1.4112E-01 1.2471E-01 1.1869E-01
2.8297E-02 3.4064E-02 3.8519E-02 4.1379E-02 4.2901E-02 4.7827E-02 5.0710E-02 5.0476E-02 5.2903E-02 5.0818E-02 4.9389E-02 5.0169E-02 5.1249E-02 5.3563E-02 5.3908E-02 5.6034E-02 6.2467E-02 7.0549E-02 7.3915E-02 7.9485E-02 8.3677E-02 8.8663E-02 8.6348E-02 8.2896E-02 8.2213E-02 8.2726E-02 8.9665E-02 9.3375E-02 8.5568E-02 9.0879E-02 9.7768E-02 1.0175E-01 1.0337E-01 1.1967E-01 1.4421E-01 1.6864E-01 1.6202E-01 1.4930E-01 1.4616E-01 1.4881E-01 1.4775E-01 1.5436E-01 1.7374E-01 1.9728E-01 1.9142E-01 1.8719E-01 1.9084E-01 1.7431E-01 1.5945E-01 1.5109E-01 1.5151E-01 1.6160E-01 1.6858E-01 1.6120E-01 1.5062E-01 1.3369E-01 1.3148E-01
3.1899E-02 3.9825E-02 4.1301E-02 4.4449E-02 4.5437E-02 4.9089E-02 5.2055E-02 5.4281E-02 5.5780E-02 5.6585E-02 5.2957E-02 5.1705E-02 5.2914E-02 5.4483E-02 5.6129E-02 5.4937E-02 6.1532E-02 6.5674E-02 7.4222E-02 8.1653E-02 8.5631E-02 9.2196E-02 9.4264E-02 8.1572E-02 8.5368E-02 8.8977E-02 9.5556E-02 1.0339E-01 9.6867E-02 9.8215E-02 1.0529E-01 1.0964E-01 1.1243E-01 1.3217E-01 1.4795E-01 1.8445E-01 1.6530E-01 1.6201E-01 1.5535E-01 1.6169E-01 1.6011E-01 1.6614E-01 1.8567E-01 2.1417E-01 2.0412E-01 2.0050E-01 2.0465E-01 1.8722E-01 1.6994E-01 1.6030E-01 1.6388E-01 1.7704E-01 1.7828E-01 1.7997E-01 1.4549E-01 1.4445E-01 1.4443E-01
3.3755E-02 4.3580E-02 4.5694E-02 4.7258E-02 4.8934E-02 4.9230E-02 5.4370E-02 5.5571E-02 5.7408E-02 5.7672E-02 5.8410E-02 5.3302E-02 5.5280E-02 5.6344E-02 5.7359E-02 5.9347E-02 6.0096E-02 6.5556E-02 7.2836E-02 8.0955E-02 8.7012E-02 9.4209E-02 9.7753E-02 8.9712E-02 8.6324E-02 9.4926E-02 1.0016E-01 1.0928E-01 1.0850E-01 1.0509E-01 1.0964E-01 1.1845E-01 1.2052E-01 1.3250E-01 1.5167E-01 1.9129E-01 1.7723E-01 1.6700E-01 1.6357E-01 1.6750E-01 1.6871E-01 1.7631E-01 1.9799E-01 2.3078E-01 2.1726E-01 2.1621E-01 2.1563E-01 1.9668E-01 1.7988E-01 1.6976E-01 1.7337E-01 1.9526E-01 1.8540E-01 1.8886E-01 1.5492E-01 1.5211E-01 1.5339E-01
3.1443E-02 4.0539E-02 4.6140E-02 4.9843E-02 5.1237E-02 5.3152E-02 5.6268E-02 5.7700E-02 5.9275E-02 5.8745E-02 5.7943E-02 5.9565E-02 5.7277E-02 5.7603E-02 5.8855E-02 5.8700E-02 6.1120E-02 6.2300E-02 6.9539E-02 7.8889E-02 8.8010E-02 9.5848E-02 9.6426E-02 1.0562E-01 8.6565E-02 1.0082E-01 1.0307E-01 1.1275E-01 1.1952E-01 1.1141E-01 1.1676E-01 1.1878E-01 1.2769E-01 1.2622E-01 1.5781E-01 1.8633E-01 1.8320E-01 1.6984E-01 1.7081E-01 1.7199E-01 1.8063E-01 1.8436E-01 2.1075E-01 2.4041E-01 2.2937E-01 2.3133E-01 2.2857E-01 2.0571E-01 1.8934E-01 1.8639E-01 1.9437E-01 2.1215E-01 1.9149E-01 1.9068E-01 1.6485E-01 1.5371E-01 1.5980E-01
3.0178E-02 3.8965E-02 4.5867E-02 4.9769E-02 5.3170E-02 5.4901E-02 5.5692E-02 5.6814E-02 5.3795E-02 6.2626E-02 6.1673E-02 6.1165E-02 6.1217E-02 5.8880E-02 5.9885E-02 5.8116E-02 5.9046E-02 6.1742E-02 6.7967E-02 7.6427E-02 8.6836E-02 9.4133E-02 1.0336E-01 1.0995E-01 8.6993E-02 1.0337E-01 1.0896E-01 1.1381E-01 1.2285E-01 1.1964E-01 1.2128E-01 1.2063E-01 1.3443E-01 1.3162E-01 1.4999E-01 1.8000E-01 1.8846E-01 1.7792E-01 1.7840E-01 1.8143E-01 1.9152E-01 1.9027E-01 2.2271E-01 2.5821E-01 2.3899E-01 2.4601E-01 2.3885E-01 2.1338E-01 2.0296E-01 1.8732E-01 2.1619E-01 2.2588E-01 2.0808E-01 1.7268E-01 1.7445E-01 1.5837E-01 1.6705E-01
3.1070E-02 3.8113E-02 4.2790E-02 4.9513E-02 5.4463E-02 5.7250E-02 5.9025E-02 5.8002E-02 5.4411E-02 5.7438E-02 6.4332E-02 6.5105E-02 6.3152E-02 6.1839E-02 6.0670E-02 5.9843E-02 5.8314E-02 6.1873E-02 6.3635E-02 7.2856E-02 8.4995E-02 9.3146E-02 1.0300E-01 1.1291E-01 1.1055E-01 1.0337E-01 1.1753E-01 1.2818E-01 1.2274E-01 1.3047E-01 1.2988E-01 1.2162E-01 1.2898E-01 1.4386E-01 1.5111E-01 1.7773E-01 1.9866E-01 1.8130E-01 1.8654E-01 1.9196E-01 2.0260E-01 2.0120E-01 2.3448E-01 2.7621E-01 2.4723E-01 2.5782E-01 2.4760E-01 2.2524E-01 2.1188E-01 2.0636E-01 2.3659E-01 2.4257E-01 2.2547E-01 1.7823E-01 1.7961E-01 1.6988E-01 1.7810E-01
3.4231E-02 4.0776E-02 4.6242E-02 4.8580E-02 5.1397E-02 5.8810E-02 6.0690E-02 5.9461E-02 5.7694E-02 5.7365E-02 6.3822E-02 6.9097E-02 7.0756E-02 6.5087E-02 6.4174E-02 6.2451E-02 6.1080E-02 6.0831E-02 6.7576E-02 6.8702E-02 8.1075E-02 9.1748E-02 1.0155E-01 1.1394E-01 1.2270E-01 1.0336E-01 1.2379E-01 1.2707E-01 1.3927E-01 1.3283E-01 1.3494E-01 1.3183E-01 1.2952E-01 1.5048E-01 1.5783E-01 1.8711E-01 2.0473E-01 1.9773E-01 1.9653E-01 2.0498E-01 2.0821E-01 2.1435E-01 2.4688E-01 2.8744E-01 2.6054E-01 2.7216E-01 2.4827E-01 2.3701E-01 2.2173E-01 2.2461E-01 2.5376E-01 2.4130E-01 2.1112E-01 1.8843E-01 1.8372E-01 1.8527E-01 1.8424E-01
3.6093E-02 4.2513E-02 4.7632E-02 5.1872E-02 5.4380E-02 5.5885E-02 5.9945E-02 6.3732E-02 6.2746E-02 5.9365E-02 6.1838E-02 7.1433E-02 7.5757E-02 7.3188E-02 6.7696E-02 6.7412E-02 6.3693E-02 6.4436E-02 6.8505E-02 6.8201E-02 7.5648E-02 8.8809E-02 9.9650E-02 1.1339E-01 1.2622E-01 1.1994E-01 1.2262E-01 1.3481E-01 1.5427E-01 1.5200E-01 1.4486E-01 1.4542E-01 1.3388E-01 1.5344E-01 1.5684E-01 2.0363E-01 2.0834E-01 2.1753E-01 2.0777E-01 2.1929E-01 2.1538E-01 2.2954E-01 2.6213E-01 2.9954E-01 2.7251E-01 2.8738E-01 2.6239E-01 2.4817E-01 2.2790E-01 2.4296E-01 2.6729E-01 2.3645E-01 2.0433E-01 1.9881E-01 1.9538E-01 1.9674E-01 1.8745E-01
3.7769E-02 4.4965E-02 5.0058E-02 5.4984E-02 5.5828E-02 6.2001E-02 6.0010E-02 6.1176E-02 6.7298E-02 6.3261E-02 6.5225E-02 6.5517E-02 8.0032E-02 7.9917E-02 7.7654E-02 7.1617E-02 7.1296E-02 6.6981E-02 6.9954E-02 7.6539E-02 7.2683E-02 8.6645E-02 1.0004E-01 1.1302E-01 1.2840E-01 1.4148E-01 1.2059E-01 1.4246E-01 1.6123E-01 1.6536E-01 1.5330E-01 1.5382E-01 1.4574E-01 1.6233E-01 1.6889E-01 2.0635E-01 2.1697E-01 2.2352E-01 2.2163E-01 2.3404E-01 2.2325E-01 2.5208E-01 2.7884E-01 3.1255E-01 2.9073E-01 3.0161E-01 2.7584E-01 2.4564E-01 2.3348E-01 2.7380E-01 2.7675E-01 2.4102E-01 2.0547E-01 1.9947E-01 2.0499E-01 2.0256E-01 1.8581E-01
3.6925E-02 4.6703E-02 5.3343E-02 5.6338E-02 5.9811E-02 6.3156E-02 6.5941E-02 6.4047E-02 6.2149E-02 6.7438E-02 6.8594E-02 6.9386E-02 6.8490E-02 8.4482E-02 8.5540E-02 8.1356E-02 7.7239E-02 7.5345E-02 7.4635E-02 7.7414E-02 8.0823E-02 8.5237E-02 9.7891E-02 1.1246E-01 1.3013E-01 1.4809E-01 1.3993E-01 1.4638E-01 1.6354E-01 1.7277E-01 1.7235E-01 1.6236E-01 1.5501E-01 1.6995E-01 1.7638E-01 2.0592E-01 2.3879E-01 2.3237E-01 2.3605E-01 2.4907E-01 2.3842E-01 2.7946E-01 2.9875E-01 3.2672E-01 3.0551E-01 2.9957E-01 2.7962E-01 2.6720E-01 2.5760E-01 2.9977E-01 2.7744E-01 2.5059E-01 2.1847E-01 2.1456E-01 2.1879E-01 2.0817E-01 1.8365E-01
3.4360E-02 4.4998E-02 5.3023E-02 5.9948E-02 6.2045E-02 6.4464E-02 6.8057E-02 6.7368E-02 6.6539E-02 6.3566E-02 7.0607E-02 7.0546E-02 7.3633E-02 7.5504E-02 8.3206E-02 9.4177E-02 8.9607E-02 8.5809E-02 8.3846E-02 8.4725E-02 8.9764E-02 9.5537E-02 9.9125E-02 1.1327E-01 1.3215E-01 1.5209E-01 1.6831E-01 1.4674E-01 1.6811E-01 1.8183E-01 1.9575E-01 1.7427E-01 1.7153E-01 1.7111E-01 1.9030E-01 1.9952E-01 2.4130E-01 2.4007E-01 2.5170E-01 2.6101E-01 2.5348E-01 3.0639E-01 3.1886E-01 3.3605E-01 3.2542E-01 3.1415E-01 2.8834E-01 2.7647E-01 2.8451E-01 3.0916E-01 2.7965E-01 2.3994E-01 2.3085E-01 2.2956E-01 2.2916E-01 2.1276E-01 1.8108E-01
3.3338E-02 3.9502E-02 5.2394E-02 5.8486E-02 6.4187E-02 6.7064E-02 6.9261E-02 7.6845E-02 7.6441E-02 7.0588E-02 7.0553E-02 7.1793E-02 7.5882E-02 8.0220E-02 8.2599E-02 8.8076E-02 1.0225E-01 9.7943E-02 9.7532E-02 9.4917E-02 9.6281E-02 1.0143E-01 1.0608E-01 1.1449E-01 1.3324E-01 1.5279E-01 1.7443E-01 1.5867E-01 1.7957E-01 2.0603E-01 2.1396E-01 1.9461E-01 1.8100E-01 1.7438E-01 2.0576E-01 2.1029E-01 2.5583E-01 2.5395E-01 2.6875E-01 2.8064E-01 2.7105E-01 3.3099E-01 3.4100E-01 3.5523E-01 3.5054E-01 3.3202E-01 2.9359E-01 2.8988E-01 3.1077E-01 3.1619E-01 2.7914E-01 2.4810E-01 2.5028E-01 2.4604E-01 2.3956E-01 2.1069E-01 1.7811E-01
3.5847E-02 4.6573E-02 5.1934E-02 5.2667E-02 6.6005E-02 7.1208E-02 7.1431E-02 7.3042E-02 8.2887E-02 8.1489E-02 7.4201E-02 7.2976E-02 7.7584E-02 8.1030E-02 8.6949E-02 9.4267E-02 9.9370E-02 1.1321E-01 1.1007E-01 1.0888E-01 1.0809E-01 1.1050E-01 1.1448E-01 1.1342E-01 1.3022E-01 1.5585E-01 1.7544E-01 1.9505E-01 1.8560E-01 1.9114E-01 2.2037E-01 2.1283E-01 1.9314E-01 1.8424E-01 2.2080E-01 2.3056E-01 2.5890E-01 2.6897E-01 2.8015E-01 3.0105E-01 2.8953E-01 3.5520E-01 3.6997E-01 3.7954E-01 3.7738E-01 3.4882E-01 3.1350E-01 3.0394E-01 3.4682E-01 3.2363E-01 2.8265E-01 2.7420E-01 2.7739E-01 2.6895E-01 2.4484E-01 2.0832E-01 1.8728E-01
3.9558E-02 5.0768E-02 5.2175E-02 5.8172E-02 6.3317E-02 6.7844E-02 7.5274E-02 7.5174E-02 7.9896E-02 8.7212E-02 8.5751E-02 8.0244E-02 7.8650E-02 8.4715E-02 9.0554E-02 9.7743E-02 1.0720E-01 1.1478E-01 1.2058E-01 1.1800E-01 1.1964E-01 1.1972E-01 1.2117E-01 1.1977E-01 1.3262E-01 1.5735E-01 1.7949E-01 2.0787E-01 1.8741E-01 2.0887E-01 2.2489E-01 2.3556E-01 2.1044E-01 2.0682E-01 2.1639E-01 2.4664E-01 2.5753E-01 2.8517E-01 3.0190E-01 3.2450E-01 3.1761E-01 3.8273E-01 4.0577E-01 4.0682E-01 3.9065E-01 3.6676E-01 3.4477E-01 3.3156E-01 3.6380E-01 3.3027E-01 2.9008E-01 3.0147E-01 3.0083E-01 2.8433E-01 2.4315E-01 2.0547E-01 1.9965E-01
3.7214E-02 4.8403E-02 5.4024E-02 5.5134E-02 5.8195E-02 6.8659E-02 6.7746E-02 7.6111E-02 8.2385E-02 8.6122E-02 9.3078E-02 9.5521E-02 9.1079E-02 8.5840E-02 9.4395E-02 1.0142E-01 1.1201E-01 1.0258E-01 1.1274E-01 1.2580E-01 1.2930E-01 1.2149E-01 1.2790E-01 1.3020E-01 1.3010E-01 1.5029E-01 1.7985E-01 2.0283E-01 2.1790E-01 2.1454E-01 2.2732E-01 2.4108E-01 2.3499E-01 2.2419E-01 2.2023E-01 2.6527E-01 2.7804E-01 3.3238E-01 3.2394E-01 3.5112E-01 3.4756E-01 4.1419E-01 4.4105E-01 4.3782E-01 4.2052E-01 3.8965E-01 3.6812E-01 3.6078E-01 3.8347E-01 3.2475E-01 3.1091E-01 3.1402E-01 3.2267E-01 2.8402E-01 2.3322E-01 2.1237E-01 2.1263E-01
4.1725E-02 5.0110E-02 5.6165E-02 5.9851E-02 6.3628E-02 6.6131E-02 6.8774E-02 7.7349E-02 8.1878E-02 9.0755E-02 9.7533E-02 1.0442E-01 1.0488E-01 9.8992E-02 9.5431E-02 1.0443E-01 1.1484E-01 1.1149E-01 1.1863E-01 1.2949E-01 1.3359E-01 1.2355E-01 1.3015E-01 1.3913E-01 1.4307E-01 1.4675E-01 1.6417E-01 2.0674E-01 2.3216E-01 2.1953E-01 2.3450E-01 2.6977E-01 2.4664E-01 2.3699E-01 2.2522E-01 2.8928E-01 3.0023E-01 3.3373E-01 3.3683E-01 3.7469E-01 3.7880E-01 4.4707E-01 4.6595E-01 4.6860E-01 4.3872E-01 3.9856E-01 3.8416E-01 3.9246E-01 3.9525E-01 3.4118E-01 3.2781E-01 3.3154E-01 3.0753E-01 2.7106E-01 2.3476E-01 2.2700E-01 2.2233E-01
4.2507E-02 5.3806E-02 6.4335E-02 6.8644E-02 7.1235E-02 7.2947E-02 7.5864E-02 7.8219E-02 8.7390E-02 8.3436E-02 9.8512E-02 1.0857E-01 1.0425E-01 1.1730E-01 1.1083E-01 1.0548E-01 1.1958E-01 1.2003E-01 1.2253E-01 1.2578E-01 1.3005E-01 1.3316E-01 1.3865E-01 1.4303E-01 1.4382E-01 1.5098E-01 1.6525E-01 1.9762E-01 2.3176E-01 2.5925E-01 2.3002E-01 2.7580E-01 2.5886E-01 2.4629E-01 2.3659E-01 3.0087E-01 3.2249E-01 3.5613E-01 3.6310E-01 3.9568E-01 4.0751E-01 4.8549E-01 5.0134E-01 4.9325E-01 4.7324E-01 4.0296E-01 3.9996E-01 4.2798E-01 4.0775E-01 3.4735E-01 3.1999E-01 3.0882E-01 2.8819E-01 2.5521E-01 2.4216E-01 2.4163E-01 2.0702E-01
3.8866E-02 5.1130E-02 5.9567E-02 6.8709E-02 8.1144E-02 8.3302E-02 8.3024E-02 8.6741E-02 8.9553E-02 9.0838E-02 9.0459E-02 1.0809E-01 1.0991E-01 1.1118E-01 1.3321E-01 1.2954E-01 1.2163E-01 1.2571E-01 1.3721E-01 1.3865E-01 1.3295E-01 1.3051E-01 1.4612E-01 1.6179E-01 1.5488E-01 1.5817E-01 1.6235E-01 1.8252E-01 2.1806E-01 2.7188E-01 2.4021E-01 2.6026E-01 3.1286E-01 2.5259E-01 2.4592E-01 3.0475E-01 3.4636E-01 3.7681E-01 3.8895E-01 4.1752E-01 4.4036E-01 4.9640E-01 5.5005E-01 5.3547E-01 4.9783E-01 4.3657E-01 4.3431E-01 4.6632E-01 3.9622E-01 3.5266E-01 3.2273E-01 3.0586E-01 2.8159E-01 2.5973E-01 2.5886E-01 2.4849E-01 2.1620E-01
3.5077E-02 4.5284E-02 6.1426E-02 6.6028E-02 7.2652E-02 8.0847E-02 8.9682E-02 9.2874E-02 9.7723E-02 1.0093E-01 1.0215E-01 1.0427E-01 1.1476E-01 1.1718E-01 1.2307E-01 1.4098E-01 1.3745E-01 1.3332E-01 1.3679E-01 1.4362E-01 1.4666E-01 1.3580E-01 1.4735E-01 1.7365E-01 1.5114E-01 1.6411E-01 1.7766E-01 1.8468E-01 2.1580E-01 2.5305E-01 2.7604E-01 2.6787E-01 3.2772E-01 2.9833E-01 2.8512E-01 2.8709E-01 3.7363E-01 4.0830E-01 3.9941E-01 4.4828E-01 4.8409E-01 5.4437E-01 6.1517E-01 5.7714E-01 5.3416E-01 4.8665E-01 4.8032E-01 5.0410E-01 4.0940E-01 3.5621E-01 3.4577E-01 3.2635E-01 2.9043E-01 2.8055E-01 2.6215E-01 2.3405E-01 2.1762E-01
3.2871E-02 4.2638E-02 5.2473E-02 6.1845E-02 7.3653E-02 7.9526E-02 8.8012E-02 9.6211E-02 1.0204E-01 1.0378E-01 1.0946E-01 1.1448E-01 1.1418E-01 1.2288E-01 1.2683E-01 1.3067E-01 1.3973E-01 1.5710E-01 1.4818E-01 1.4939E-01 1.5799E-01 1.5056E-01 1.5436E-01 1.6296E-01 1.8147E-01 1.6748E-01 1.9677E-01 1.9291E-01 2.1709E-01 2.4884E-01 3.0039E-01 2.7479E-01 3.0340E-01 3.7143E-01 3.0159E-01 2.9641E-01 3.8067E-01 4.2372E-01 4.3362E-01 4.9646E-01 5.1963E-01 5.8430E-01 6.7958E-01 6.3227E-01 5.6781E-01 5.3624E-01 5.2422E-01 4.8986E-01 4.4002E-01 3.8433E-01 3.7146E-01 3.3120E-01 3.1232E-01 2.9936E-01 2.5772E-01 2.2826E-01 2.1887E-01
