20201013_calpuff_aermod_lapmod/results/calpuff_area_sources_szinit_0/rank(88)_odor_1hr_conc.grd
DSAA
         101         101
     737.625     742.625
    5081.125    5086.125
  0.4222E-01  0.1333E+03
[rows 50 to 74 of 101, columns 0 to 56 of 101]
3.2250E-01 3.4452E-01 3.6748E-01 3.9237E-01 4.2071E-01 4.4701E-01 4.7251E-01 4.9912E-01 5.2922E-01 5.5159E-01 5.7884E-01 6.1080E-01 6.4343E-01 6.8123E-01 7.2245E-01 7.4740E-01 7.9689E-01 8.4949E-01 9.0435E-01 9.5903E-01 1.0243E+00 1.0813E+00 1.1483E+00 1.2285E+00 1.3170E+00 1.4062E+00 1.5165E+00 1.6360E+00 1.7659E+00 1.9133E+00 2.0803E+00 2.2805E+00 2.4914E+00 2.7126E+00 2.9604E+00 3.2579E+00 3.6278E+00 4.0412E+00 4.5364E+00 5.1006E+00 5.8070E+00 6.8242E+00 7.9808E+00 9.6942E+00 1.1793E+01 1.4715E+01 1.8778E+01 2.3696E+01 2.6498E+01 2.8581E+01 2.5865E+01 2.0544E+01 1.6141E+01 1.2253E+01 9.4419E+00 7.5709E+00 5.9625E+00
3.2035E-01 3.3792E-01 3.6328E-01 3.9121E-01 4.1966E-01 4.4203E-01 4.6731E-01 4.9401E-01 5.2718E-01 5.5686E-01 5.8432E-01 6.0980E-01 6.3991E-01 6.7082E-01 7.1636E-01 7.6597E-01 8.0885E-01 8.5544E-01 9.1467E-01 9.6513E-01 1.0201E+00 1.0836E+00 1.1587E+00 1.2382E+00 1.3220E+00 1.4128E+00 1.5168E+00 1.6248E+00 1.7360E+00 1.8837E+00 2.0473E+00 2.2309E+00 2.4587E+00 2.7102E+00 2.9240E+00 3.2098E+00 3.5658E+00 3.9506E+00 4.4253E+00 5.0028E+00 5.7682E+00 6.7557E+00 8.1612E+00 1.0127E+01 1.2814E+01 1.6148E+01 2.1827E+01 3.1324E+01 4.3540E+01 5.0506E+01 3.7330E+01 2.4897E+01 1.8220E+01 1.3737E+01 1.0488E+01 8.0828E+00 6.3674E+00
3.1692E-01 3.3879E-01 3.6139E-01 3.8921E-01 4.1087E-01 4.5074E-01 4.7361E-01 4.9657E-01 5.2108E-01 5.5207E-01 5.7637E-01 6.1014E-01 6.4033E-01 6.7498E-01 7.2248E-01 7.6151E-01 8.0759E-01 8.5261E-01 9.0106E-01 9.7654E-01 1.0450E+00 1.1008E+00 1.1693E+00 1.2456E+00 1.3108E+00 1.3971E+00 1.4913E+00 1.6048E+00 1.7168E+00 1.8592E+00 2.0234E+00 2.1976E+00 2.4022E+00 2.6071E+00 2.8643E+00 3.1398E+00 3.5015E+00 3.8524E+00 4.2592E+00 4.8655E+00 5.6440E+00 6.6129E+00 8.0438E+00 1.0178E+01 1.2925E+01 1.6703E+01 2.3091E+01 3.6360E+01 7.0261E+01 1.3328E+02 5.4706E+01 2.8504E+01 1.9661E+01 1.4396E+01 1.0934E+01 8.4143E+00 6.6202E+00
3.1295E-01 3.3798E-01 3.6082E-01 3.8800E-01 4.1846E-01 4.4180E-01 4.7329E-01 5.0174E-01 5.2717E-01 5.5752E-01 5.8499E-01 6.1293E-01 6.4362E-01 6.7419E-01 7.0200E-01 7.3655E-01 7.8428E-01 8.3124E-01 8.7585E-01 9.3323E-01 1.0043E+00 1.0636E+00 1.1471E+00 1.2267E+00 1.2963E+00 1.3890E+00 1.4974E+00 1.6141E+00 1.7354E+00 1.8803E+00 2.0285E+00 2.1818E+00 2.3367E+00 2.5333E+00 2.7658E+00 3.0238E+00 3.3461E+00 3.7411E+00 4.1949E+00 4.7253E+00 5.4658E+00 6.3867E+00 7.8224E+00 9.7318E+00 1.2197E+01 1.5479E+01 2.0973E+01 2.9195E+01 4.1279E+01 6.0479E+01 4.6778E+01 2.7538E+01 1.9385E+01 1.4329E+01 1.0949E+01 8.4832E+00 6.6206E+00
3.1084E-01 3.3479E-01 3.5580E-01 3.7984E-01 4.0214E-01 4.2670E-01 4.5361E-01 4.8164E-01 5.1397E-01 5.4320E-01 5.6770E-01 5.9366E-01 6.2125E-01 6.4411E-01 6.8250E-01 7.2647E-01 7.7286E-01 8.3312E-01 8.7838E-01 9.2396E-01 9.7860E-01 1.0444E+00 1.1189E+00 1.1841E+00 1.2704E+00 1.3495E+00 1.4278E+00 1.5337E+00 1.6572E+00 1.7849E+00 1.9337E+00 2.1239E+00 2.2815E+00 2.4527E+00 2.6406E+00 2.8995E+00 3.1788E+00 3.5367E+00 3.8777E+00 4.3769E+00 4.9539E+00 5.7545E+00 7.0764E+00 8.6273E+00 1.0631E+01 1.2590E+01 1.6344E+01 1.9132E+01 1.9952E+01 2.5374E+01 2.7243E+01 2.2085E+01 1.7058E+01 1.3307E+01 1.0486E+01 8.3589E+00 6.5289E+00
2.9885E-01 3.1815E-01 3.4075E-01 3.6175E-01 3.8836E-01 4.1150E-01 4.4217E-01 4.7179E-01 5.0012E-01 5.1570E-01 5.4287E-01 5.6679E-01 5.9304E-01 6.3446E-01 6.6896E-01 7.1626E-01 7.5882E-01 7.9389E-01 8.2761E-01 8.9022E-01 9.3917E-01 1.0066E+00 1.0775E+00 1.1422E+00 1.2017E+00 1.2791E+00 1.3505E+00 1.4541E+00 1.5750E+00 1.6859E+00 1.8155E+00 1.9572E+00 2.1195E+00 2.2846E+00 2.4762E+00 2.6756E+00 2.8910E+00 3.1604E+00 3.4753E+00 3.8512E+00 4.3498E+00 5.0624E+00 6.0740E+00 7.0424E+00 8.6500E+00 1.0132E+01 1.2117E+01 1.4583E+01 1.6837E+01 1.8106E+01 1.8190E+01 1.6714E+01 1.3993E+01 1.1465E+01 9.3832E+00 7.6722E+00 6.1868E+00
2.8995E-01 3.0532E-01 3.2568E-01 3.4548E-01 3.7042E-01 3.9717E-01 4.2586E-01 4.5026E-01 4.7529E-01 4.9906E-01 5.2488E-01 5.5517E-01 5.8206E-01 6.0883E-01 6.3805E-01 6.7411E-01 6.9774E-01 7.4773E-01 7.8516E-01 8.3625E-01 8.8519E-01 9.3736E-01 1.0025E+00 1.0659E+00 1.1266E+00 1.1987E+00 1.2891E+00 1.3520E+00 1.4521E+00 1.5398E+00 1.6598E+00 1.7885E+00 1.9382E+00 2.0457E+00 2.2063E+00 2.4106E+00 2.6166E+00 2.8291E+00 3.0544E+00 3.4161E+00 3.8203E+00 4.3869E+00 4.9620E+00 6.0382E+00 7.3681E+00 8.4185E+00 9.8454E+00 1.1937E+01 1.2843E+01 1.3945E+01 1.3106E+01 1.2870E+01 1.1475E+01 9.6214E+00 8.0835E+00 6.6984E+00 5.6045E+00
2.7940E-01 2.9746E-01 3.1433E-01 3.3540E-01 3.6000E-01 3.7943E-01 4.0640E-01 4.3089E-01 4.5777E-01 4.7933E-01 4.9842E-01 5.1814E-01 5.3833E-01 5.6576E-01 6.0253E-01 6.3671E-01 6.6196E-01 7.0744E-01 7.4746E-01 7.9457E-01 8.3901E-01 8.8390E-01 9.3198E-01 9.8098E-01 1.0454E+00 1.1092E+00 1.1592E+00 1.2431E+00 1.3318E+00 1.4271E+00 1.5323E+00 1.6109E+00 1.7202E+00 1.8542E+00 1.9935E+00 2.1533E+00 2.3091E+00 2.4976E+00 2.7229E+00 2.9061E+00 3.3217E+00 3.7082E+00 4.2944E+00 4.9971E+00 5.9963E+00 6.7252E+00 8.1206E+00 9.3830E+00 9.2774E+00 1.0193E+01 1.0047E+01 9.7330E+00 8.9399E+00 8.0654E+00 6.8008E+00 5.9151E+00 4.9925E+00
2.7054E-01 2.8762E-01 3.0845E-01 3.2513E-01 3.4006E-01 3.5922E-01 3.7975E-01 3.9917E-01 4.1985E-01 4.3958E-01 4.6101E-01 4.8974E-01 5.1725E-01 5.3706E-01 5.6793E-01 5.9911E-01 6.3366E-01 6.6038E-01 7.0691E-01 7.3259E-01 7.5620E-01 8.0681E-01 8.6119E-01 8.9635E-01 9.5411E-01 1.0336E+00 1.0895E+00 1.1558E+00 1.2265E+00 1.2852E+00 1.3384E+00 1.4438E+00 1.5362E+00 1.6495E+00 1.7779E+00 1.9292E+00 2.0470E+00 2.2269E+00 2.3489E+00 2.5735E+00 2.8405E+00 3.1940E+00 3.6439E+00 4.1694E+00 4.7126E+00 5.4354E+00 6.6681E+00 6.9075E+00 7.3354E+00 7.6108E+00 7.9598E+00 7.6219E+00 7.3061E+00 6.4461E+00 5.6690E+00 4.9852E+00 4.5826E+00
2.5597E-01 2.7416E-01 2.8838E-01 3.0219E-01 3.1998E-01 3.4119E-01 3.5798E-01 3.8086E-01 4.0113E-01 4.2350E-01 4.4254E-01 4.7443E-01 4.9269E-01 5.1986E-01 5.3927E-01 5.6376E-01 5.9281E-01 6.2233E-01 6.4717E-01 7.0232E-01 7.2311E-01 7.7060E-01 7.9892E-01 8.4906E-01 8.9691E-01 9.4502E-01 9.8266E-01 1.0294E+00 1.0899E+00 1.1593E+00 1.2256E+00 1.3143E+00 1.4223E+00 1.5137E+00 1.5977E+00 1.6885E+00 1.8144E+00 1.9807E+00 2.1016E+00 2.2740E+00 2.4029E+00 2.7536E+00 3.0333E+00 3.3701E+00 3.7942E+00 4.5024E+00 4.9553E+00 5.3076E+00 5.7383E+00 5.8838E+00 5.9900E+00 5.8156E+00 5.6588E+00 5.2326E+00 4.7658E+00 4.2168E+00 3.9645E+00
2.4320E-01 2.5898E-01 2.7468E-01 2.9030E-01 3.0504E-01 3.2075E-01 3.3708E-01 3.6071E-01 3.8492E-01 4.1778E-01 4.3483E-01 4.4056E-01 4.5376E-01 4.8209E-01 5.0579E-01 5.2270E-01 5.5913E-01 5.9370E-01 6.1735E-01 6.5075E-01 6.8071E-01 7.2402E-01 7.5373E-01 7.6863E-01 8.0992E-01 8.5633E-01 9.0040E-01 9.5045E-01 1.0007E+00 1.0666E+00 1.1334E+00 1.2159E+00 1.2692E+00 1.3314E+00 1.4170E+00 1.4879E+00 1.6221E+00 1.7177E+00 1.8231E+00 1.9602E+00 2.1443E+00 2.3691E+00 2.5049E+00 2.8313E+00 3.1908E+00 3.6171E+00 3.8608E+00 4.1292E+00 4.6814E+00 4.7018E+00 4.7727E+00 4.7063E+00 4.4390E+00 4.2689E+00 3.9906E+00 3.6988E+00 3.4819E+00
2.2430E-01 2.4096E-01 2.5425E-01 2.6992E-01 2.8838E-01 3.0736E-01 3.3435E-01 3.5032E-01 3.7447E-01 3.8899E-01 4.0894E-01 4.1808E-01 4.3637E-01 4.5113E-01 4.7381E-01 5.0319E-01 5.1977E-01 5.5461E-01 5.6947E-01 6.0374E-01 6.3249E-01 6.6338E-01 6.8920E-01 7.2157E-01 7.4215E-01 7.8283E-01 8.2482E-01 8.6519E-01 9.2831E-01 9.7819E-01 1.0295E+00 1.0695E+00 1.1252E+00 1.2020E+00 1.2408E+00 1.3412E+00 1.4391E+00 1.5687E+00 1.6753E+00 1.8159E+00 1.9000E+00 2.0475E+00 2.2478E+00 2.4529E+00 2.9041E+00 3.0711E+00 3.2923E+00 3.4056E+00 3.7076E+00 3.8552E+00 3.9371E+00 3.8409E+00 3.6552E+00 3.6673E+00 3.5569E+00 3.2995E+00 3.1158E+00
2.1572E-01 2.3192E-01 2.5151E-01 2.6910E-01 2.8067E-01 2.9752E-01 3.2470E-01 3.4242E-01 3.4956E-01 3.6829E-01 3.8006E-01 3.8798E-01 3.9700E-01 4.2198E-01 4.4126E-01 4.5961E-01 4.9060E-01 5.1728E-01 5.2012E-01 5.4861E-01 5.8004E-01 6.0400E-01 6.3073E-01 6.5518E-01 6.9442E-01 7.1966E-01 7.6660E-01 8.0152E-01 8.4489E-01 8.8866E-01 9.2451E-01 9.7790E-01 1.0178E+00 1.0596E+00 1.1073E+00 1.2210E+00 1.2958E+00 1.4206E+00 1.5252E+00 1.6253E+00 1.6638E+00 1.8187E+00 1.9517E+00 2.1847E+00 2.4506E+00 2.5378E+00 2.7785E+00 2.8764E+00 3.0762E+00 3.1697E+00 3.2272E+00 3.2726E+00 3.0724E+00 3.0803E+00 3.1007E+00 2.9090E+00 2.8054E+00
2.1155E-01 2.2542E-01 2.3616E-01 2.5270E-01 2.6964E-01 2.8289E-01 3.0445E-01 3.1102E-01 3.1720E-01 3.3214E-01 3.5071E-01 3.5526E-01 3.7508E-01 4.0189E-01 4.2410E-01 4.3712E-01 4.4498E-01 4.6351E-01 4.8234E-01 5.1013E-01 5.3068E-01 5.5131E-01 5.7496E-01 6.1025E-01 6.3697E-01 6.6921E-01 7.0108E-01 7.4486E-01 7.8470E-01 8.1098E-01 8.4621E-01 8.5843E-01 9.0853E-01 9.4550E-01 9.9976E-01 1.0905E+00 1.2001E+00 1.2836E+00 1.4037E+00 1.3962E+00 1.4868E+00 1.6324E+00 1.8328E+00 1.9626E+00 2.0139E+00 2.1551E+00 2.3452E+00 2.4503E+00 2.6162E+00 2.6786E+00 2.7813E+00 2.7023E+00 2.7809E+00 2.6698E+00 2.6599E+00 2.5970E+00 2.5048E+00
2.0154E-01 2.0979E-01 2.2664E-01 2.4261E-01 2.5929E-01 2.7319E-01 2.8089E-01 2.8315E-01 2.9348E-01 3.1071E-01 3.2607E-01 3.4177E-01 3.6053E-01 3.7414E-01 3.8280E-01 3.9791E-01 4.1586E-01 4.3078E-01 4.5635E-01 4.7534E-01 4.9557E-01 5.0948E-01 5.3194E-01 5.5006E-01 5.8411E-01 6.2813E-01 6.6460E-01 6.7719E-01 7.0805E-01 7.3498E-01 7.6640E-01 8.0042E-01 8.3737E-01 8.7137E-01 9.2156E-01 1.0111E+00 1.0707E+00 1.1593E+00 1.2145E+00 1.2482E+00 1.3186E+00 1.4798E+00 1.5962E+00 1.6582E+00 1.7609E+00 1.8863E+00 1.9773E+00 2.1500E+00 2.2256E+00 2.2858E+00 2.3688E+00 2.3787E+00 2.4706E+00 2.3485E+00 2.3416E+00 2.3035E+00 2.2628E+00
1.9383E-01 2.0558E-01 2.1661E-01 2.2756E-01 2.3587E-01 2.4618E-01 2.5690E-01 2.6869E-01 2.8545E-01 3.0086E-01 3.1277E-01 3.1982E-01 3.2921E-01 3.4228E-01 3.5564E-01 3.6969E-01 3.8908E-01 4.0352E-01 4.1970E-01 4.3526E-01 4.5470E-01 4.7330E-01 4.9230E-01 5.2501E-01 5.5936E-01 5.8807E-01 6.0153E-01 6.2016E-01 6.4635E-01 6.6688E-01 7.0057E-01 7.1612E-01 7.6779E-01 8.0646E-01 8.6945E-01 9.1885E-01 9.6200E-01 1.0098E+00 1.0724E+00 1.1242E+00 1.1864E+00 1.3318E+00 1.4080E+00 1.4731E+00 1.6015E+00 1.6415E+00 1.7001E+00 1.8084E+00 1.9451E+00 2.0189E+00 2.0562E+00 2.1211E+00 2.1674E+00 2.1345E+00 2.0581E+00 2.0232E+00 2.0636E+00
1.8620E-01 1.9564E-01 2.0710E-01 2.1569E-01 2.2696E-01 2.3785E-01 2.4784E-01 2.5744E-01 2.6947E-01 2.7934E-01 2.8737E-01 2.9878E-01 3.0784E-01 3.2161E-01 3.3766E-01 3.4990E-01 3.6266E-01 3.6613E-01 3.8822E-01 4.1364E-01 4.3183E-01 4.5332E-01 4.6888E-01 4.9237E-01 5.1574E-01 5.2608E-01 5.5278E-01 5.6904E-01 5.8216E-01 6.0424E-01 6.3938E-01 6.6841E-01 7.0956E-01 7.5073E-01 7.9649E-01 8.4990E-01 8.6197E-01 9.0971E-01 9.4439E-01 9.9172E-01 1.1152E+00 1.1746E+00 1.2462E+00 1.3285E+00 1.4455E+00 1.4679E+00 1.5171E+00 1.5350E+00 1.7443E+00 1.8038E+00 1.7913E+00 1.9134E+00 1.9270E+00 1.9532E+00 1.7869E+00 1.8316E+00 1.8504E+00
1.7597E-01 1.8780E-01 2.0049E-01 2.1000E-01 2.1920E-01 2.2603E-01 2.3438E-01 2.4339E-01 2.4957E-01 2.5749E-01 2.6763E-01 2.8358E-01 2.9616E-01 3.0495E-01 3.1270E-01 3.2474E-01 3.3814E-01 3.5320E-01 3.7712E-01 3.8867E-01 3.9734E-01 4.1431E-01 4.3056E-01 4.5094E-01 4.7256E-01 4.8967E-01 5.0709E-01 5.1453E-01 5.2795E-01 5.6610E-01 5.7812E-01 6.3860E-01 6.6310E-01 6.9458E-01 7.2992E-01 7.4741E-01 7.7909E-01 8.0494E-01 8.6879E-01 9.1519E-01 9.6593E-01 1.0463E+00 1.0869E+00 1.1850E+00 1.2615E+00 1.3049E+00 1.3446E+00 1.3873E+00 1.5410E+00 1.6034E+00 1.5809E+00 1.6766E+00 1.6998E+00 1.6968E+00 1.6322E+00 1.6283E+00 1.6715E+00
1.7184E-01 1.8251E-01 1.9117E-01 2.0009E-01 2.0732E-01 2.1257E-01 2.1797E-01 2.2641E-01 2.3583E-01 2.4757E-01 2.5718E-01 2.6612E-01 2.7710E-01 2.8707E-01 2.8997E-01 3.0576E-01 3.1609E-01 3.3552E-01 3.4817E-01 3.5342E-01 3.6341E-01 3.7749E-01 4.0123E-01 4.1629E-01 4.4207E-01 4.4557E-01 4.5860E-01 4.7739E-01 4.9666E-01 5.1994E-01 5.7564E-01 5.8667E-01 6.0359E-01 6.3576E-01 6.4970E-01 6.8465E-01 7.0638E-01 7.3577E-01 7.7149E-01 8.2769E-01 8.5494E-01 9.1487E-01 1.0069E+00 1.0651E+00 1.1425E+00 1.1657E+00 1.1916E+00 1.2505E+00 1.3667E+00 1.4558E+00 1.4073E+00 1.4904E+00 1.5472E+00 1.5033E+00 1.4677E+00 1.4340E+00 1.4727E+00
1.6279E-01 1.7259E-01 1.7708E-01 1.8510E-01 1.9156E-01 1.9898E-01 2.0833E-01 2.1983E-01 2.2743E-01 2.3437E-01 2.4528E-01 2.5377E-01 2.6362E-01 2.7137E-01 2.7838E-01 2.9155E-01 3.0428E-01 3.0775E-01 3.2035E-01 3.2875E-01 3.4444E-01 3.6367E-01 3.7545E-01 3.9323E-01 3.9674E-01 4.1652E-01 4.2167E-01 4.3919E-01 4.8456E-01 5.1191E-01 5.2488E-01 5.3449E-01 5.5602E-01 5.7241E-01 6.0740E-01 6.2279E-01 6.4791E-01 6.8663E-01 7.0469E-01 7.3409E-01 7.6339E-01 8.1581E-01 8.7333E-01 9.3458E-01 9.9837E-01 1.0293E+00 1.0873E+00 1.1576E+00 1.1792E+00 1.2860E+00 1.2539E+00 1.3160E+00 1.3702E+00 1.3540E+00 1.2971E+00 1.2938E+00 1.2925E+00
1.5581E-01 1.6312E-01 1.7070E-01 1.7780E-01 1.8539E-01 1.9289E-01 2.0114E-01 2.0743E-01 2.1412E-01 2.2289E-01 2.3078E-01 2.4100E-01 2.5061E-01 2.5686E-01 2.6966E-01 2.7370E-01 2.8384E-01 2.9226E-01 3.0106E-01 3.1739E-01 3.2742E-01 3.4716E-01 3.5993E-01 3.5217E-01 3.7325E-01 3.8010E-01 4.0380E-01 4.3247E-01 4.6363E-01 4.6727E-01 4.7121E-01 4.8829E-01 5.0037E-01 5.3765E-01 5.5146E-01 5.7634E-01 5.9583E-01 6.2160E-01 6.5277E-01 6.8190E-01 7.0134E-01 7.6450E-01 7.9742E-01 8.7078E-01 8.7620E-01 9.0960E-01 9.5281E-01 1.0343E+00 1.0732E+00 1.1495E+00 1.1392E+00 1.1612E+00 1.1994E+00 1.2038E+00 1.1371E+00 1.1621E+00 1.1841E+00
1.5059E-01 1.5706E-01 1.6466E-01 1.7176E-01 1.7515E-01 1.8288E-01 1.8836E-01 1.9331E-01 2.0442E-01 2.1168E-01 2.1877E-01 2.2534E-01 2.3229E-01 2.4638E-01 2.4869E-01 2.5967E-01 2.6889E-01 2.7592E-01 2.8774E-01 2.9416E-01 3.0192E-01 3.1917E-01 3.1893E-01 3.3412E-01 3.5046E-01 3.6610E-01 3.8402E-01 4.0554E-01 4.1363E-01 4.2488E-01 4.3822E-01 4.4287E-01 4.7215E-01 5.0519E-01 5.0602E-01 5.2880E-01 5.6214E-01 5.8394E-01 5.9700E-01 6.1404E-01 6.6047E-01 6.9724E-01 7.4579E-01 7.9663E-01 8.1119E-01 8.1297E-01 8.7824E-01 9.1796E-01 9.5732E-01 1.0054E+00 1.0448E+00 1.0368E+00 1.0774E+00 1.0925E+00 9.9906E-01 1.0225E+00 1.0760E+00
1.4215E-01 1.4535E-01 1.5100E-01 1.5871E-01 1.6327E-01 1.6917E-01 1.7787E-01 1.8471E-01 1.9282E-01 1.9973E-01 2.0653E-01 2.1512E-01 2.2210E-01 2.2761E-01 2.3712E-01 2.4627E-01 2.5620E-01 2.6549E-01 2.6846E-01 2.7331E-01 2.8591E-01 2.9636E-01 3.0773E-01 3.1839E-01 3.3050E-01 3.3824E-01 3.6819E-01 3.6950E-01 3.7831E-01 3.8120E-01 3.9614E-01 4.1297E-01 4.3787E-01 4.5552E-01 4.7018E-01 4.9250E-01 5.4220E-01 5.3780E-01 5.5231E-01 5.7765E-01 6.1930E-01 6.3453E-01 6.7306E-01 7.1026E-01 7.2003E-01 7.3055E-01 7.8340E-01 8.3009E-01 8.4972E-01 9.2603E-01 9.4437E-01 9.4382E-01 9.5821E-01 9.7335E-01 9.3967E-01 9.0129E-01 9.7951E-01
1.3483E-01 1.4118E-01 1.4603E-01 1.5087E-01 1.5726E-01 1.6183E-01 1.6890E-01 1.7644E-01 1.8248E-01 1.9224E-01 1.9730E-01 2.0203E-01 2.0852E-01 2.1735E-01 2.2414E-01 2.3439E-01 2.3913E-01 2.4283E-01 2.4915E-01 2.5703E-01 2.6527E-01 2.7883E-01 2.8698E-01 3.0331E-01 3.0706E-01 3.2459E-01 3.3455E-01 3.4210E-01 3.4008E-01 3.5796E-01 3.7870E-01 3.8844E-01 4.0208E-01 4.2510E-01 4.4412E-01 4.7328E-01 4.7599E-01 4.9593E-01 5.2112E-01 5.4420E-01 5.6585E-01 5.9050E-01 6.0755E-01 6.5798E-01 6.5361E-01 6.7755E-01 7.2627E-01 7.7145E-01 7.8234E-01 8.5709E-01 8.6871E-01 8.5610E-01 8.8817E-01 8.8649E-01 8.4912E-01 8.3872E-01 8.7444E-01
1.2909E-01 1.3537E-01 1.4083E-01 1.4593E-01 1.5218E-01 1.5857E-01 1.6278E-01 1.6700E-01 1.7127E-01 1.7824E-01 1.8403E-01 1.9040E-01 1.9885E-01 2.0340E-01 2.1558E-01 2.2037E-01 2.2386E-01 2.2828E-01 2.3634E-01 2.4668E-01 2.5376E-01 2.6002E-01 2.7708E-01 2.8255E-01 2.9345E-01 3.0849E-01 3.1200E-01 3.1243E-01 3.2162E-01 3.3819E-01 3.5571E-01 3.6409E-01 3.7238E-01 3.9601E-01 4.1520E-01 4.2930E-01 4.4208E-01 4.6988E-01 4.8265E-01 4.9554E-01 5.3350E-01 5.4309E-01 5.8307E-01 5.9883E-01 6.0808E-01 6.2900E-01 6.6034E-01 7.0410E-01 6.9777E-01 7.7091E-01 7.9461E-01 7.9330E-01 8.2084E-01 8.0583E-01 7.9590E-01 7.6304E-01 7.7567E-01
