20201013_calpuff_aermod_lapmod/results/calpuff_area_sources_szinit_0/rank(1)_odor_1hr_conc.grd
DSAA
         101         101
     737.625     742.625
    5081.125    5086.125
  0.1076E+00  0.1506E+03
[rows 25 to 49 of 101, columns 0 to 56 of 101]
6.5514E-01 7.0292E-01 7.3399E-01 7.6185E-01 7.8794E-01 8.1153E-01 8.3211E-01 8.6166E-01 9.0330E-01 9.4297E-01 9.8887E-01 1.0576E+00 1.1111E+00 1.1696E+00 1.2265E+00 1.2817E+00 1.3383E+00 1.3972E+00 1.4490E+00 1.4948E+00 1.5356E+00 1.5689E+00 1.5929E+00 1.6042E+00 1.6328E+00 1.7122E+00 1.7817E+00 1.8388E+00 1.8889E+00 1.9218E+00 1.9363E+00 1.9341E+00 1.9166E+00 1.8942E+00 1.9178E+00 1.9358E+00 1.9291E+00 1.9471E+00 1.9854E+00 1.9968E+00 2.1065E+00 2.1743E+00 2.2117E+00 2.2177E+00 2.1919E+00 2.1716E+00 2.1816E+00 2.1586E+00 2.1522E+00 2.1349E+00 2.0915E+00 2.1128E+00 2.1415E+00 2.2320E+00 2.2881E+00 2.3002E+00 2.2529E+00
6.7763E-01 7.1958E-01 7.5181E-01 7.8269E-01 8.1191E-01 8.3877E-01 8.6279E-01 8.9297E-01 9.3775E-01 9.8152E-01 1.0246E+00 1.0642E+00 1.1088E+00 1.1733E+00 1.2386E+00 1.3013E+00 1.3684E+00 1.4303E+00 1.4884E+00 1.5425E+00 1.5895E+00 1.6295E+00 1.6585E+00 1.6770E+00 1.6837E+00 1.7270E+00 1.8077E+00 1.8861E+00 1.9490E+00 1.9978E+00 2.0323E+00 2.0536E+00 2.0770E+00 2.1205E+00 2.1431E+00 2.0672E+00 2.0266E+00 2.0048E+00 2.0518E+00 2.0780E+00 2.1499E+00 2.2370E+00 2.2917E+00 2.3107E+00 2.2917E+00 2.2799E+00 2.2931E+00 2.2697E+00 2.2807E+00 2.2657E+00 2.2215E+00 2.2056E+00 2.2262E+00 2.3083E+00 2.3566E+00 2.3579E+00 2.2986E+00
6.9286E-01 7.2995E-01 7.6455E-01 7.9833E-01 8.3049E-01 8.6051E-01 8.9196E-01 9.1962E-01 9.6801E-01 1.0162E+00 1.0637E+00 1.1067E+00 1.1470E+00 1.1843E+00 1.2358E+00 1.3031E+00 1.3761E+00 1.4439E+00 1.5086E+00 1.5699E+00 1.6259E+00 1.6732E+00 1.7115E+00 1.7396E+00 1.7586E+00 1.7921E+00 1.8276E+00 1.9189E+00 1.9994E+00 2.0700E+00 2.1320E+00 2.2098E+00 2.2923E+00 2.3546E+00 2.3216E+00 2.2648E+00 2.1230E+00 2.1124E+00 2.1133E+00 2.1538E+00 2.1621E+00 2.2847E+00 2.3606E+00 2.3957E+00 2.3875E+00 2.3883E+00 2.4049E+00 2.3993E+00 2.4203E+00 2.4085E+00 2.3633E+00 2.3008E+00 2.3166E+00 2.3876E+00 2.4266E+00 2.4139E+00 2.3405E+00
6.9757E-01 7.3498E-01 7.7194E-01 8.0819E-01 8.4306E-01 8.7683E-01 9.1205E-01 9.4147E-01 9.9335E-01 1.0460E+00 1.0963E+00 1.1437E+00 1.1892E+00 1.2321E+00 1.2716E+00 1.3118E+00 1.3732E+00 1.4449E+00 1.5174E+00 1.5859E+00 1.6489E+00 1.7046E+00 1.7526E+00 1.7933E+00 1.8281E+00 1.8463E+00 1.8602E+00 1.9408E+00 2.0433E+00 2.1441E+00 2.2744E+00 2.3972E+00 2.5056E+00 2.5311E+00 2.4999E+00 2.3798E+00 2.2294E+00 2.2175E+00 2.2001E+00 2.2404E+00 2.2693E+00 2.3023E+00 2.4317E+00 2.4906E+00 2.5012E+00 2.5028E+00 2.5242E+00 2.5354E+00 2.5635E+00 2.5545E+00 2.5081E+00 2.4340E+00 2.4146E+00 2.4834E+00 2.5112E+00 2.4813E+00 2.3902E+00
6.9555E-01 7.3446E-01 7.7346E-01 8.1204E-01 8.5108E-01 8.8904E-01 9.2713E-01 9.6030E-01 1.0135E+00 1.0694E+00 1.1224E+00 1.1744E+00 1.2249E+00 1.2733E+00 1.3244E+00 1.3652E+00 1.4023E+00 1.4362E+00 1.5134E+00 1.5881E+00 1.6577E+00 1.7223E+00 1.7819E+00 1.8385E+00 1.8791E+00 1.9055E+00 1.9261E+00 1.9967E+00 2.0892E+00 2.2618E+00 2.4279E+00 2.5762E+00 2.6803E+00 2.6667E+00 2.5951E+00 2.4911E+00 2.3561E+00 2.3380E+00 2.3200E+00 2.3120E+00 2.3585E+00 2.3648E+00 2.4758E+00 2.5672E+00 2.5963E+00 2.6268E+00 2.6533E+00 2.6712E+00 2.7081E+00 2.7035E+00 2.6566E+00 2.5715E+00 2.5219E+00 2.5754E+00 2.5894E+00 2.5381E+00 2.4281E+00
6.8813E-01 7.2840E-01 7.6887E-01 8.0989E-01 8.5121E-01 8.9408E-01 9.3384E-01 9.7067E-01 1.0273E+00 1.0848E+00 1.1415E+00 1.1977E+00 1.2532E+00 1.3126E+00 1.3634E+00 1.4111E+00 1.4556E+00 1.4960E+00 1.5266E+00 1.5750E+00 1.6518E+00 1.7260E+00 1.7944E+00 1.8626E+00 1.9133E+00 1.9553E+00 2.0367E+00 2.1158E+00 2.1820E+00 2.3824E+00 2.5639E+00 2.7142E+00 2.7431E+00 2.7274E+00 2.6805E+00 2.6155E+00 2.5019E+00 2.4548E+00 2.4359E+00 2.3955E+00 2.4448E+00 2.4741E+00 2.5106E+00 2.6347E+00 2.6915E+00 2.7544E+00 2.7867E+00 2.8193E+00 2.8666E+00 2.8668E+00 2.8188E+00 2.7215E+00 2.6337E+00 2.6730E+00 2.6694E+00 2.5961E+00 2.5277E+00
6.7538E-01 7.1659E-01 7.5806E-01 7.9996E-01 8.4433E-01 8.8921E-01 9.3114E-01 9.7310E-01 1.0335E+00 1.0929E+00 1.1528E+00 1.2130E+00 1.2729E+00 1.3372E+00 1.3934E+00 1.4480E+00 1.5000E+00 1.5457E+00 1.5835E+00 1.6158E+00 1.6426E+00 1.7129E+00 1.7964E+00 1.8673E+00 1.9409E+00 2.0448E+00 2.1436E+00 2.2184E+00 2.2699E+00 2.4717E+00 2.6510E+00 2.7198E+00 2.7592E+00 2.7736E+00 2.7742E+00 2.7263E+00 2.6355E+00 2.5902E+00 2.5605E+00 2.5348E+00 2.5331E+00 2.5922E+00 2.6251E+00 2.6883E+00 2.7796E+00 2.8737E+00 2.9116E+00 2.9613E+00 3.0194E+00 3.0242E+00 2.9742E+00 2.8639E+00 2.7320E+00 2.7617E+00 2.7379E+00 2.6375E+00 2.6771E+00
6.7543E-01 7.1284E-01 7.5092E-01 7.8741E-01 8.2977E-01 8.7481E-01 9.1876E-01 9.7079E-01 1.0316E+00 1.0932E+00 1.1559E+00 1.2195E+00 1.2891E+00 1.3514E+00 1.4134E+00 1.4744E+00 1.5331E+00 1.5843E+00 1.6293E+00 1.6716E+00 1.7104E+00 1.7552E+00 1.8017E+00 1.9242E+00 2.0250E+00 2.1357E+00 2.2304E+00 2.3049E+00 2.3577E+00 2.4956E+00 2.5991E+00 2.6854E+00 2.7663E+00 2.8220E+00 2.8417E+00 2.8239E+00 2.7668E+00 2.7170E+00 2.7104E+00 2.6792E+00 2.6328E+00 2.7166E+00 2.7438E+00 2.8030E+00 2.8882E+00 2.9933E+00 3.0380E+00 3.1100E+00 3.1812E+00 3.1919E+00 3.1401E+00 3.0146E+00 2.8340E+00 2.8563E+00 2.8074E+00 2.7614E+00 2.8141E+00
6.8212E-01 7.2091E-01 7.6061E-01 7.9890E-01 8.3669E-01 8.7331E-01 9.1612E-01 9.7023E-01 1.0248E+00 1.0854E+00 1.1504E+00 1.2166E+00 1.2885E+00 1.3551E+00 1.4222E+00 1.4891E+00 1.5519E+00 1.6091E+00 1.6640E+00 1.7161E+00 1.7743E+00 1.8322E+00 1.9130E+00 2.1087E+00 2.1278E+00 2.2036E+00 2.2976E+00 2.3731E+00 2.4504E+00 2.5027E+00 2.5414E+00 2.6283E+00 2.7477E+00 2.8311E+00 2.8874E+00 2.9109E+00 2.8911E+00 2.8390E+00 2.8642E+00 2.8362E+00 2.8013E+00 2.8140E+00 2.8797E+00 2.9705E+00 2.9993E+00 3.1098E+00 3.1908E+00 3.2604E+00 3.3747E+00 3.3937E+00 3.3390E+00 3.1939E+00 2.9703E+00 2.9546E+00 2.8749E+00 2.9245E+00 2.9771E+00
6.8297E-01 7.2268E-01 7.6352E-01 8.0317E-01 8.4244E-01 8.8076E-01 9.2214E-01 9.6274E-01 1.0184E+00 1.0745E+00 1.1360E+00 1.2031E+00 1.2776E+00 1.3478E+00 1.4192E+00 1.4903E+00 1.5568E+00 1.6202E+00 1.6838E+00 1.7471E+00 1.8221E+00 1.9014E+00 2.0893E+00 2.2002E+00 2.2043E+00 2.2492E+00 2.3431E+00 2.4412E+00 2.5169E+00 2.5821E+00 2.6381E+00 2.6806E+00 2.7077E+00 2.8137E+00 2.9119E+00 2.9777E+00 3.0037E+00 2.9794E+00 3.0163E+00 3.0199E+00 2.9729E+00 2.9348E+00 3.0036E+00 3.1166E+00 3.1658E+00 3.2807E+00 3.3533E+00 3.4493E+00 3.5581E+00 3.5868E+00 3.5309E+00 3.3644E+00 3.1233E+00 3.0518E+00 3.0427E+00 3.0761E+00 3.1044E+00
6.7785E-01 7.1882E-01 7.5944E-01 7.9993E-01 8.4013E-01 8.7958E-01 9.2276E-01 9.6161E-01 1.0047E+00 1.0607E+00 1.1170E+00 1.1857E+00 1.2563E+00 1.3291E+00 1.4038E+00 1.4767E+00 1.5468E+00 1.6178E+00 1.6895E+00 1.7710E+00 1.8564E+00 1.9754E+00 2.2145E+00 2.2596E+00 2.2529E+00 2.2703E+00 2.3619E+00 2.4786E+00 2.5664E+00 2.6487E+00 2.7218E+00 2.7834E+00 2.8286E+00 2.8547E+00 2.9055E+00 3.0197E+00 3.0982E+00 3.1268E+00 3.1594E+00 3.2020E+00 3.1731E+00 3.0927E+00 3.1320E+00 3.2751E+00 3.3471E+00 3.4346E+00 3.5271E+00 3.6475E+00 3.7844E+00 3.8270E+00 3.7691E+00 3.5744E+00 3.2867E+00 3.2351E+00 3.2372E+00 3.2203E+00 3.2197E+00
6.6681E-01 7.0789E-01 7.4834E-01 7.8911E-01 8.2965E-01 8.7269E-01 9.1778E-01 9.6572E-01 1.0116E+00 1.0602E+00 1.1099E+00 1.1645E+00 1.2289E+00 1.3015E+00 1.3748E+00 1.4489E+00 1.5227E+00 1.6000E+00 1.6796E+00 1.7747E+00 1.8800E+00 2.0994E+00 2.2349E+00 2.2740E+00 2.2815E+00 2.2862E+00 2.3912E+00 2.4963E+00 2.5998E+00 2.6982E+00 2.7901E+00 2.8706E+00 2.9359E+00 2.9911E+00 3.0252E+00 3.0323E+00 3.1658E+00 3.2524E+00 3.2859E+00 3.3753E+00 3.3838E+00 3.3181E+00 3.2762E+00 3.4487E+00 3.5562E+00 3.6309E+00 3.7465E+00 3.8717E+00 4.0401E+00 4.0966E+00 4.0326E+00 3.8122E+00 3.4885E+00 3.5027E+00 3.4814E+00 3.4274E+00 3.3776E+00
6.5002E-01 6.9050E-01 7.3049E-01 7.7431E-01 8.2067E-01 8.6750E-01 9.1545E-01 9.6613E-01 1.0142E+00 1.0607E+00 1.1132E+00 1.1622E+00 1.2183E+00 1.2971E+00 1.3396E+00 1.4077E+00 1.4858E+00 1.5675E+00 1.6718E+00 1.7634E+00 1.9110E+00 2.1607E+00 2.2327E+00 2.2614E+00 2.2865E+00 2.3136E+00 2.3771E+00 2.4954E+00 2.6129E+00 2.7283E+00 2.8379E+00 2.9378E+00 3.0327E+00 3.1135E+00 3.1725E+00 3.2067E+00 3.2594E+00 3.3385E+00 3.4144E+00 3.5209E+00 3.5979E+00 3.5676E+00 3.4972E+00 3.6387E+00 3.8032E+00 3.8988E+00 3.9918E+00 4.1206E+00 4.3290E+00 4.4034E+00 4.3317E+00 4.0793E+00 3.7342E+00 3.7815E+00 3.7366E+00 3.6302E+00 3.5208E+00
6.3083E-01 6.7823E-01 7.2643E-01 7.7482E-01 8.2302E-01 8.7268E-01 9.2157E-01 9.7423E-01 1.0241E+00 1.0718E+00 1.1198E+00 1.1676E+00 1.2262E+00 1.2954E+00 1.3408E+00 1.3851E+00 1.4406E+00 1.5347E+00 1.6477E+00 1.7497E+00 1.9753E+00 2.1210E+00 2.1841E+00 2.2243E+00 2.2668E+00 2.3243E+00 2.3547E+00 2.4725E+00 2.6038E+00 2.7345E+00 2.8609E+00 2.9881E+00 3.1084E+00 3.2143E+00 3.3026E+00 3.4203E+00 3.4781E+00 3.4923E+00 3.5612E+00 3.6648E+00 3.8044E+00 3.8376E+00 3.7859E+00 3.8675E+00 4.0763E+00 4.2072E+00 4.2589E+00 4.3891E+00 4.6471E+00 4.7442E+00 4.6636E+00 4.3731E+00 4.0583E+00 4.0626E+00 3.9886E+00 3.8235E+00 3.6505E+00
6.2829E-01 6.7504E-01 7.2331E-01 7.7154E-01 8.2012E-01 8.7022E-01 9.1938E-01 9.7313E-01 1.0240E+00 1.0730E+00 1.1226E+00 1.1725E+00 1.2316E+00 1.2823E+00 1.3305E+00 1.3778E+00 1.4248E+00 1.5269E+00 1.6123E+00 1.7347E+00 1.9741E+00 2.0581E+00 2.1095E+00 2.1619E+00 2.2227E+00 2.2901E+00 2.3514E+00 2.4266E+00 2.5695E+00 2.7132E+00 2.8625E+00 3.0121E+00 3.1554E+00 3.2894E+00 3.4614E+00 3.5863E+00 3.6775E+00 3.7424E+00 3.7919E+00 3.8431E+00 3.9861E+00 4.1075E+00 4.0934E+00 4.0906E+00 4.3516E+00 4.5260E+00 4.5953E+00 4.6919E+00 4.9789E+00 5.1033E+00 5.0117E+00 4.6747E+00 4.3764E+00 4.3352E+00 4.2181E+00 3.9954E+00 3.9109E+00
6.3942E-01 6.7959E-01 7.2130E-01 7.6195E-01 8.1024E-01 8.6005E-01 9.0876E-01 9.6272E-01 1.0136E+00 1.0631E+00 1.1135E+00 1.1644E+00 1.2129E+00 1.2664E+00 1.3176E+00 1.3684E+00 1.4199E+00 1.4704E+00 1.5736E+00 1.7461E+00 1.8837E+00 1.9549E+00 2.0116E+00 2.0753E+00 2.1584E+00 2.2195E+00 2.2997E+00 2.3713E+00 2.5071E+00 2.6678E+00 2.8347E+00 3.0029E+00 3.1703E+00 3.3802E+00 3.5601E+00 3.7182E+00 3.8633E+00 3.9885E+00 4.0731E+00 4.1720E+00 4.1905E+00 4.3663E+00 4.4534E+00 4.4343E+00 4.6287E+00 4.8688E+00 4.9851E+00 5.0427E+00 5.3105E+00 5.4676E+00 5.3603E+00 4.9663E+00 4.6672E+00 4.5963E+00 4.4317E+00 4.2956E+00 4.1617E+00
6.6285E-01 7.0610E-01 7.5066E-01 7.9410E-01 8.3734E-01 8.8129E-01 9.2754E-01 9.7032E-01 1.0133E+00 1.0532E+00 1.0954E+00 1.1451E+00 1.1949E+00 1.2458E+00 1.2982E+00 1.3499E+00 1.4030E+00 1.4557E+00 1.5122E+00 1.6894E+00 1.7740E+00 1.8310E+00 1.8931E+00 2.0005E+00 2.0845E+00 2.1529E+00 2.2230E+00 2.3066E+00 2.4203E+00 2.5925E+00 2.7721E+00 2.9583E+00 3.1459E+00 3.4043E+00 3.6123E+00 3.8208E+00 4.0273E+00 4.2135E+00 4.3650E+00 4.4982E+00 4.5794E+00 4.6144E+00 4.7981E+00 4.8103E+00 4.8955E+00 5.2041E+00 5.4849E+00 5.5058E+00 5.7066E+00 5.8334E+00 5.7133E+00 5.2437E+00 4.9459E+00 4.8537E+00 4.7077E+00 4.5700E+00 4.3598E+00
6.8324E-01 7.2903E-01 7.7631E-01 8.2232E-01 8.6875E-01 9.1617E-01 9.6724E-01 1.0133E+00 1.0608E+00 1.1059E+00 1.1495E+00 1.1920E+00 1.2322E+00 1.2712E+00 1.3233E+00 1.3911E+00 1.4507E+00 1.5098E+00 1.5683E+00 1.6275E+00 1.7050E+00 1.7846E+00 1.8954E+00 2.0274E+00 2.0991E+00 2.1713E+00 2.2457E+00 2.3233E+00 2.4419E+00 2.5531E+00 2.6746E+00 2.8741E+00 3.1383E+00 3.3748E+00 3.6235E+00 3.8859E+00 4.1493E+00 4.4020E+00 4.6258E+00 4.7942E+00 4.9438E+00 5.0102E+00 5.1046E+00 5.2466E+00 5.2903E+00 5.7643E+00 6.0751E+00 6.1601E+00 6.1285E+00 6.2935E+00 6.1491E+00 5.7271E+00 5.4702E+00 5.2050E+00 5.0704E+00 4.8460E+00 4.5373E+00
7.0012E-01 7.4814E-01 7.9747E-01 8.4594E-01 8.9564E-01 9.4550E-01 1.0002E+00 1.0502E+00 1.1016E+00 1.1513E+00 1.1995E+00 1.2473E+00 1.2928E+00 1.3381E+00 1.3938E+00 1.4400E+00 1.4859E+00 1.5501E+00 1.6169E+00 1.6855E+00 1.7571E+00 1.8307E+00 1.9350E+00 2.0239E+00 2.0962E+00 2.1953E+00 2.3948E+00 2.4775E+00 2.5891E+00 2.7903E+00 2.8303E+00 2.8647E+00 3.0349E+00 3.2982E+00 3.5865E+00 3.8938E+00 4.2135E+00 4.5327E+00 4.8300E+00 5.0808E+00 5.2649E+00 5.4493E+00 5.5064E+00 5.6464E+00 5.7539E+00 6.2793E+00 6.7476E+00 6.9306E+00 6.7728E+00 6.8228E+00 6.6403E+00 6.4295E+00 6.0252E+00 5.8103E+00 5.5949E+00 5.1834E+00 4.7042E+00
7.1309E-01 7.6296E-01 8.1387E-01 8.6435E-01 9.1647E-01 9.7282E-01 1.0265E+00 1.0808E+00 1.1347E+00 1.1884E+00 1.2409E+00 1.2934E+00 1.3436E+00 1.3948E+00 1.4584E+00 1.5118E+00 1.5668E+00 1.6200E+00 1.6734E+00 1.7266E+00 1.8055E+00 1.8908E+00 1.9801E+00 2.0973E+00 2.2082E+00 2.3403E+00 2.5570E+00 2.6723E+00 2.8561E+00 3.0695E+00 3.1406E+00 3.2432E+00 3.4518E+00 3.6338E+00 3.6136E+00 3.8535E+00 4.2372E+00 4.5801E+00 4.9517E+00 5.2876E+00 5.5724E+00 5.8441E+00 6.2397E+00 6.3544E+00 6.4588E+00 6.8513E+00 7.5163E+00 7.8444E+00 7.6987E+00 7.5471E+00 7.4175E+00 7.2615E+00 6.8240E+00 6.5057E+00 6.0945E+00 5.4870E+00 4.9928E+00
7.2212E-01 7.7309E-01 8.2506E-01 8.7706E-01 9.3107E-01 9.9044E-01 1.0453E+00 1.1025E+00 1.1591E+00 1.2160E+00 1.2723E+00 1.3286E+00 1.3832E+00 1.4497E+00 1.5102E+00 1.5701E+00 1.6323E+00 1.6946E+00 1.7554E+00 1.8193E+00 1.8852E+00 1.9514E+00 2.0416E+00 2.1610E+00 2.2913E+00 2.4619E+00 2.6802E+00 2.8339E+00 3.1251E+00 3.2939E+00 3.4166E+00 3.6131E+00 3.8815E+00 4.1141E+00 4.2199E+00 4.6326E+00 5.0379E+00 4.7032E+00 5.0930E+00 5.4311E+00 5.8208E+00 6.3528E+00 6.9026E+00 7.3016E+00 7.2999E+00 7.5782E+00 8.3443E+00 8.8949E+00 8.8149E+00 8.5813E+00 8.4471E+00 8.3182E+00 7.8458E+00 7.3376E+00 6.7923E+00 6.0705E+00 5.5090E+00
7.2637E-01 7.7825E-01 8.3064E-01 8.8369E-01 9.3902E-01 9.9976E-01 1.0561E+00 1.1156E+00 1.1746E+00 1.2334E+00 1.2926E+00 1.3518E+00 1.4109E+00 1.4819E+00 1.5469E+00 1.6125E+00 1.6809E+00 1.7502E+00 1.8186E+00 1.8920E+00 1.9680E+00 2.0470E+00 2.1523E+00 2.2444E+00 2.3397E+00 2.5713E+00 2.7593E+00 2.9527E+00 3.2754E+00 3.4612E+00 3.6375E+00 4.0015E+00 4.2724E+00 4.5471E+00 4.8288E+00 5.6815E+00 5.8135E+00 5.4284E+00 5.2583E+00 5.7521E+00 6.2180E+00 6.7593E+00 7.4914E+00 8.2583E+00 8.6316E+00 8.7455E+00 9.3436E+00 1.0215E+01 1.0303E+01 1.0572E+01 1.0343E+01 9.6582E+00 8.9811E+00 8.5093E+00 7.7479E+00 6.7853E+00 6.0749E+00
7.2602E-01 7.7825E-01 8.3047E-01 8.8403E-01 9.4002E-01 1.0013E+00 1.0586E+00 1.1194E+00 1.1796E+00 1.2398E+00 1.3010E+00 1.3622E+00 1.4242E+00 1.4990E+00 1.5675E+00 1.6384E+00 1.7105E+00 1.7854E+00 1.8602E+00 1.9411E+00 2.0254E+00 2.1327E+00 2.2334E+00 2.3390E+00 2.4510E+00 2.6135E+00 2.7868E+00 3.0250E+00 3.3659E+00 3.5560E+00 3.7860E+00 4.2103E+00 4.6502E+00 4.8929E+00 5.4397E+00 6.7751E+00 6.5443E+00 6.2140E+00 5.8792E+00 6.5081E+00 6.5292E+00 7.3874E+00 8.0637E+00 8.9962E+00 9.8865E+00 1.0305E+01 1.1591E+01 1.3982E+01 1.4509E+01 1.4750E+01 1.4707E+01 1.2577E+01 1.0495E+01 9.7053E+00 8.6060E+00 7.4263E+00 6.5322E+00
7.2111E-01 7.7283E-01 8.2456E-01 8.7800E-01 9.3381E-01 9.9484E-01 1.0525E+00 1.1135E+00 1.1742E+00 1.2350E+00 1.2973E+00 1.3593E+00 1.4230E+00 1.5001E+00 1.5708E+00 1.6445E+00 1.7196E+00 1.7980E+00 1.8778E+00 1.9640E+00 2.0543E+00 2.1705E+00 2.2800E+00 2.3959E+00 2.5216E+00 2.6645E+00 2.8199E+00 3.0645E+00 3.3559E+00 3.5658E+00 3.8523E+00 4.3028E+00 5.5584E+00 5.1133E+00 5.8592E+00 7.1074E+00 6.9540E+00 6.8620E+00 6.5579E+00 7.1611E+00 6.8391E+00 7.6845E+00 8.8780E+00 9.9764E+00 1.0866E+01 1.2530E+01 1.5342E+01 1.8774E+01 2.0693E+01 2.1117E+01 2.0919E+01 1.8022E+01 1.4914E+01 1.1618E+01 9.2562E+00 7.9661E+00 7.1181E+00
7.1164E-01 7.6215E-01 8.1302E-01 8.6572E-01 9.2052E-01 9.8071E-01 1.0380E+00 1.0981E+00 1.1584E+00 1.2190E+00 1.2813E+00 1.3431E+00 1.4073E+00 1.4852E+00 1.5563E+00 1.6313E+00 1.7079E+00 1.7875E+00 1.8701E+00 1.9591E+00 2.0527E+00 2.1741E+00 2.2888E+00 2.4112E+00 2.5461E+00 2.6999E+00 2.8683E+00 3.0455E+00 3.2593E+00 3.4865E+00 3.8565E+00 4.2804E+00 5.2418E+00 5.1821E+00 6.1831E+00 7.0676E+00 7.0340E+00 7.0764E+00 6.9530E+00 7.5562E+00 7.3945E+00 8.0011E+00 9.2274E+00 1.0681E+01 1.2959E+01 1.6807E+01 2.0814E+01 2.5298E+01 2.7496E+01 2.6992E+01 2.7661E+01 2.3804E+01 1.9650E+01 1.5487E+01 1.1189E+01 8.9338E+00 7.8503E+00
