20201013_calpuff_aermod_lapmod/results/calpuff_area_sources_szinit_0/rank(88)_odor_1hr_conc.grd
DSAA
         101         101
     737.625     742.625
    5081.125    5086.125
  0.4222E-01  0.1333E+03
[rows 0 to 24 of 101, columns 0 to 56 of 101]
2.5404E-01 2.6934E-01 2.7500E-01 2.8468E-01 2.9318E-01 2.9932E-01 3.0646E-01 3.1612E-01 3.2361E-01 3.2726E-01 3.3536E-01 3.4634E-01 3.5217E-01 3.6099E-01 3.6638E-01 3.7159E-01 3.7267E-01 3.7543E-01 3.7705E-01 3.8149E-01 3.8048E-01 3.8235E-01 3.8415E-01 3.9189E-01 3.9952E-01 4.0350E-01 4.0514E-01 4.0309E-01 3.9906E-01 4.0052E-01 3.9956E-01 4.0579E-01 4.1299E-01 4.1546E-01 4.1537E-01 4.2095E-01 4.1928E-01 4.2076E-01 4.2211E-01 4.2199E-01 4.1957E-01 4.1249E-01 4.1195E-01 4.0894E-01 4.0317E-01 4.0031E-01 4.0164E-01 4.0657E-01 4.0823E-01 4.1406E-01 4.1404E-01 4.1556E-01 4.0987E-01 4.0977E-01 4.0618E-01 4.0775E-01 4.0567E-01
2.6212E-01 2.7581E-01 2.8960E-01 2.9843E-01 3.0574E-01 3.1065E-01 3.2267E-01 3.2936E-01 3.3965E-01 3.4540E-01 3.5391E-01 3.6567E-01 3.6992E-01 3.7767E-01 3.8681E-01 3.9183E-01 3.9482E-01 3.9600E-01 3.9880E-01 4.0228E-01 4.0180E-01 4.0522E-01 4.0736E-01 4.1790E-01 4.2794E-01 4.2558E-01 4.2769E-01 4.3022E-01 4.2572E-01 4.2701E-01 4.2926E-01 4.3337E-01 4.4387E-01 4.4364E-01 4.4873E-01 4.5468E-01 4.5458E-01 4.5537E-01 4.5234E-01 4.5462E-01 4.5138E-01 4.4342E-01 4.4243E-01 4.4019E-01 4.3607E-01 4.3134E-01 4.3112E-01 4.3595E-01 4.4009E-01 4.4641E-01 4.4541E-01 4.4488E-01 4.4178E-01 4.4156E-01 4.4118E-01 4.3965E-01 4.3736E-01
2.7219E-01 2.8414E-01 2.9926E-01 3.0919E-01 3.1952E-01 3.2824E-01 3.3653E-01 3.4456E-01 3.5565E-01 3.5902E-01 3.7091E-01 3.8047E-01 3.8892E-01 3.9452E-01 4.0522E-01 4.0852E-01 4.1684E-01 4.1687E-01 4.2081E-01 4.2423E-01 4.2789E-01 4.2793E-01 4.3243E-01 4.3666E-01 4.4690E-01 4.5290E-01 4.5260E-01 4.5975E-01 4.5411E-01 4.5504E-01 4.5787E-01 4.6358E-01 4.7053E-01 4.7385E-01 4.8041E-01 4.8366E-01 4.8889E-01 4.8578E-01 4.8767E-01 4.8845E-01 4.8331E-01 4.7690E-01 4.7673E-01 4.7466E-01 4.6776E-01 4.6331E-01 4.6240E-01 4.6567E-01 4.6921E-01 4.7639E-01 4.7632E-01 4.7573E-01 4.7178E-01 4.7489E-01 4.7514E-01 4.7594E-01 4.7084E-01
2.7832E-01 2.9518E-01 3.1007E-01 3.1985E-01 3.3430E-01 3.4277E-01 3.5088E-01 3.5949E-01 3.7346E-01 3.7740E-01 3.8647E-01 3.9522E-01 4.0514E-01 4.1241E-01 4.2188E-01 4.2789E-01 4.3463E-01 4.3630E-01 4.3985E-01 4.4509E-01 4.4574E-01 4.5288E-01 4.5604E-01 4.5965E-01 4.6615E-01 4.7846E-01 4.7512E-01 4.8490E-01 4.8090E-01 4.8341E-01 4.8736E-01 4.9232E-01 4.9927E-01 5.0440E-01 5.0940E-01 5.1764E-01 5.1907E-01 5.1959E-01 5.2370E-01 5.2291E-01 5.1610E-01 5.1266E-01 5.1285E-01 5.0705E-01 5.0498E-01 4.9921E-01 4.9347E-01 4.9691E-01 4.9862E-01 5.1027E-01 5.0922E-01 5.0693E-01 5.0678E-01 5.0798E-01 5.0693E-01 5.1047E-01 5.0866E-01
2.8749E-01 3.0133E-01 3.1466E-01 3.3234E-01 3.4394E-01 3.5687E-01 3.6320E-01 3.7172E-01 3.8413E-01 3.9345E-01 4.0282E-01 4.0988E-01 4.1894E-01 4.2694E-01 4.3700E-01 4.4676E-01 4.5100E-01 4.5669E-01 4.6320E-01 4.6800E-01 4.6787E-01 4.7693E-01 4.7833E-01 4.8271E-01 4.8874E-01 5.0005E-01 5.0140E-01 5.0693E-01 5.0702E-01 5.1087E-01 5.1812E-01 5.1989E-01 5.3267E-01 5.3366E-01 5.4130E-01 5.4875E-01 5.5218E-01 5.5406E-01 5.5938E-01 5.5532E-01 5.5343E-01 5.4713E-01 5.4664E-01 5.3975E-01 5.3817E-01 5.3088E-01 5.2516E-01 5.3078E-01 5.3002E-01 5.4097E-01 5.3769E-01 5.3480E-01 5.3652E-01 5.3771E-01 5.3749E-01 5.4335E-01 5.4358E-01
2.9538E-01 3.0968E-01 3.2158E-01 3.3856E-01 3.5148E-01 3.6407E-01 3.7719E-01 3.8350E-01 3.9627E-01 4.0898E-01 4.1645E-01 4.2513E-01 4.3732E-01 4.4307E-01 4.4929E-01 4.6198E-01 4.7187E-01 4.7819E-01 4.8262E-01 4.9195E-01 4.9192E-01 4.9499E-01 5.0176E-01 5.0426E-01 5.0808E-01 5.1709E-01 5.3049E-01 5.3050E-01 5.3713E-01 5.3840E-01 5.4340E-01 5.4946E-01 5.5937E-01 5.6316E-01 5.7464E-01 5.8003E-01 5.8753E-01 5.9028E-01 5.9169E-01 5.9253E-01 5.9147E-01 5.7989E-01 5.8222E-01 5.7597E-01 5.7487E-01 5.6638E-01 5.5946E-01 5.6302E-01 5.6280E-01 5.7684E-01 5.6895E-01 5.6821E-01 5.6759E-01 5.7392E-01 5.6611E-01 5.7781E-01 5.7893E-01
3.0118E-01 3.1586E-01 3.2720E-01 3.4194E-01 3.5740E-01 3.7067E-01 3.8223E-01 3.9621E-01 4.1165E-01 4.2226E-01 4.3349E-01 4.3977E-01 4.4643E-01 4.5762E-01 4.6424E-01 4.7794E-01 4.8820E-01 4.9846E-01 5.0368E-01 5.1105E-01 5.1719E-01 5.2088E-01 5.2786E-01 5.2593E-01 5.3350E-01 5.3651E-01 5.4846E-01 5.5584E-01 5.6291E-01 5.6360E-01 5.6879E-01 5.7575E-01 5.8304E-01 5.9067E-01 6.0287E-01 6.0939E-01 6.1903E-01 6.1801E-01 6.2402E-01 6.2380E-01 6.1771E-01 6.1138E-01 6.1082E-01 6.0793E-01 6.0166E-01 5.9357E-01 5.8854E-01 5.9438E-01 5.8986E-01 6.0699E-01 5.9683E-01 6.0335E-01 5.9987E-01 6.0473E-01 5.9826E-01 6.0659E-01 6.0893E-01
3.0703E-01 3.2204E-01 3.3894E-01 3.5399E-01 3.6316E-01 3.8268E-01 3.9363E-01 4.0803E-01 4.2671E-01 4.4069E-01 4.4859E-01 4.5448E-01 4.6484E-01 4.6980E-01 4.8018E-01 4.9170E-01 5.0241E-01 5.1727E-01 5.2519E-01 5.3008E-01 5.3936E-01 5.4539E-01 5.5447E-01 5.5264E-01 5.5702E-01 5.6227E-01 5.7204E-01 5.8486E-01 5.8878E-01 5.9220E-01 5.9573E-01 5.9868E-01 6.1046E-01 6.2069E-01 6.3137E-01 6.3874E-01 6.5243E-01 6.4852E-01 6.5695E-01 6.5160E-01 6.4970E-01 6.4098E-01 6.3863E-01 6.3848E-01 6.3699E-01 6.2877E-01 6.1863E-01 6.2491E-01 6.2063E-01 6.3604E-01 6.2141E-01 6.3299E-01 6.3145E-01 6.3973E-01 6.3108E-01 6.4092E-01 6.3837E-01
3.1247E-01 3.2964E-01 3.4556E-01 3.6096E-01 3.7304E-01 3.8720E-01 4.0466E-01 4.1609E-01 4.3549E-01 4.5095E-01 4.6566E-01 4.7448E-01 4.8298E-01 4.8727E-01 4.9612E-01 5.0568E-01 5.2636E-01 5.3598E-01 5.4461E-01 5.5300E-01 5.5656E-01 5.6703E-01 5.8086E-01 5.7693E-01 5.8035E-01 5.8921E-01 5.9105E-01 6.1113E-01 6.1670E-01 6.2385E-01 6.2425E-01 6.3030E-01 6.3637E-01 6.4681E-01 6.5517E-01 6.6486E-01 6.8222E-01 6.8184E-01 6.8591E-01 6.8325E-01 6.7421E-01 6.7199E-01 6.6787E-01 6.6896E-01 6.6377E-01 6.5834E-01 6.4814E-01 6.5058E-01 6.4924E-01 6.6124E-01 6.5088E-01 6.6321E-01 6.6421E-01 6.6769E-01 6.6340E-01 6.7577E-01 6.6901E-01
3.1776E-01 3.3787E-01 3.5248E-01 3.6787E-01 3.8379E-01 3.9667E-01 4.1252E-01 4.2994E-01 4.4868E-01 4.5779E-01 4.7187E-01 4.8715E-01 5.0071E-01 5.0434E-01 5.1292E-01 5.2262E-01 5.3627E-01 5.5546E-01 5.6010E-01 5.6809E-01 5.7695E-01 5.9048E-01 6.0068E-01 6.0433E-01 6.0438E-01 6.1179E-01 6.2130E-01 6.2682E-01 6.4010E-01 6.5050E-01 6.5286E-01 6.5645E-01 6.6223E-01 6.7359E-01 6.8819E-01 6.9658E-01 7.1267E-01 7.1508E-01 7.1662E-01 7.1505E-01 7.0534E-01 7.0427E-01 6.9955E-01 6.9761E-01 6.9276E-01 6.9060E-01 6.7762E-01 6.7771E-01 6.8238E-01 6.9123E-01 6.7569E-01 6.9302E-01 6.9397E-01 6.9876E-01 6.9538E-01 7.0370E-01 6.9710E-01
3.2183E-01 3.3838E-01 3.5827E-01 3.7748E-01 3.8975E-01 4.0110E-01 4.1696E-01 4.3493E-01 4.5304E-01 4.7162E-01 4.8171E-01 4.9716E-01 5.1125E-01 5.2073E-01 5.2548E-01 5.3852E-01 5.5238E-01 5.7052E-01 5.8255E-01 5.8677E-01 6.0097E-01 6.0335E-01 6.2306E-01 6.3366E-01 6.3026E-01 6.3916E-01 6.4570E-01 6.5325E-01 6.6533E-01 6.7388E-01 6.8419E-01 6.8559E-01 6.9193E-01 7.0211E-01 7.1870E-01 7.2971E-01 7.4080E-01 7.4461E-01 7.5095E-01 7.4527E-01 7.3599E-01 7.3303E-01 7.2867E-01 7.3135E-01 7.2399E-01 7.1939E-01 7.1067E-01 7.0775E-01 7.1543E-01 7.1825E-01 7.0581E-01 7.1954E-01 7.1973E-01 7.2701E-01 7.3520E-01 7.4273E-01 7.2688E-01
3.3102E-01 3.4797E-01 3.5905E-01 3.7658E-01 3.9381E-01 4.0713E-01 4.2377E-01 4.3525E-01 4.6054E-01 4.7419E-01 4.9668E-01 5.0853E-01 5.2506E-01 5.3596E-01 5.4391E-01 5.5196E-01 5.6502E-01 5.8152E-01 6.0413E-01 6.0968E-01 6.1239E-01 6.2802E-01 6.3785E-01 6.5814E-01 6.5956E-01 6.5741E-01 6.6914E-01 6.7074E-01 6.8404E-01 6.9557E-01 7.0611E-01 7.1354E-01 7.1577E-01 7.2936E-01 7.4300E-01 7.5860E-01 7.6625E-01 7.7560E-01 7.7758E-01 7.7801E-01 7.7130E-01 7.5869E-01 7.6741E-01 7.6143E-01 7.5476E-01 7.5028E-01 7.3800E-01 7.3818E-01 7.4573E-01 7.4774E-01 7.4464E-01 7.5488E-01 7.5055E-01 7.5769E-01 7.6681E-01 7.7174E-01 7.6203E-01
3.3119E-01 3.5231E-01 3.6770E-01 3.8195E-01 4.0237E-01 4.1826E-01 4.3237E-01 4.4002E-01 4.5809E-01 4.8323E-01 5.0444E-01 5.2230E-01 5.3906E-01 5.4978E-01 5.6215E-01 5.7365E-01 5.8186E-01 6.0068E-01 6.1878E-01 6.3612E-01 6.3763E-01 6.4954E-01 6.6219E-01 6.6952E-01 6.8732E-01 6.8057E-01 6.9075E-01 7.0175E-01 7.0675E-01 7.2220E-01 7.3605E-01 7.4831E-01 7.4729E-01 7.5799E-01 7.7247E-01 7.8391E-01 7.9409E-01 8.0414E-01 8.0720E-01 8.0703E-01 8.0255E-01 7.8628E-01 7.9919E-01 7.9921E-01 7.9243E-01 7.8059E-01 7.6954E-01 7.6764E-01 7.7691E-01 7.7697E-01 7.7845E-01 7.8997E-01 7.8598E-01 7.8709E-01 7.9341E-01 8.0121E-01 7.8975E-01
3.3210E-01 3.5050E-01 3.7060E-01 3.8749E-01 4.0737E-01 4.2246E-01 4.4049E-01 4.5434E-01 4.6834E-01 4.8521E-01 5.0539E-01 5.2692E-01 5.4876E-01 5.6676E-01 5.7782E-01 5.9082E-01 6.0343E-01 6.1058E-01 6.3191E-01 6.5106E-01 6.6688E-01 6.7083E-01 6.8097E-01 6.9339E-01 7.0453E-01 7.1201E-01 7.1608E-01 7.2498E-01 7.3187E-01 7.4543E-01 7.6081E-01 7.7176E-01 7.7926E-01 7.8248E-01 7.9922E-01 8.1267E-01 8.2484E-01 8.3497E-01 8.3912E-01 8.4445E-01 8.3716E-01 8.2532E-01 8.2271E-01 8.2664E-01 8.2145E-01 8.1043E-01 8.0269E-01 7.9645E-01 8.1087E-01 8.0910E-01 8.1725E-01 8.2210E-01 8.1608E-01 8.2427E-01 8.2327E-01 8.2867E-01 8.1843E-01
3.3395E-01 3.5360E-01 3.6884E-01 3.9419E-01 4.1022E-01 4.2672E-01 4.4202E-01 4.6416E-01 4.8375E-01 4.9562E-01 5.1189E-01 5.3519E-01 5.5572E-01 5.7448E-01 5.9460E-01 6.0654E-01 6.1986E-01 6.3390E-01 6.4269E-01 6.6611E-01 6.8292E-01 6.9600E-01 7.0513E-01 7.2303E-01 7.3120E-01 7.4418E-01 7.4549E-01 7.4691E-01 7.5966E-01 7.7424E-01 7.8811E-01 8.0237E-01 8.0882E-01 8.1722E-01 8.2772E-01 8.4330E-01 8.4635E-01 8.5846E-01 8.7237E-01 8.7094E-01 8.7247E-01 8.5759E-01 8.6279E-01 8.5347E-01 8.4865E-01 8.3911E-01 8.2965E-01 8.2887E-01 8.4274E-01 8.3859E-01 8.5329E-01 8.5599E-01 8.4894E-01 8.5175E-01 8.5061E-01 8.5325E-01 8.4939E-01
3.4442E-01 3.6043E-01 3.7334E-01 3.9265E-01 4.1056E-01 4.3331E-01 4.5402E-01 4.6894E-01 4.8957E-01 5.0802E-01 5.1992E-01 5.4006E-01 5.6281E-01 5.8284E-01 6.0300E-01 6.2781E-01 6.3903E-01 6.4948E-01 6.6533E-01 6.8509E-01 7.0113E-01 7.2076E-01 7.2520E-01 7.4006E-01 7.5211E-01 7.6602E-01 7.7564E-01 7.7504E-01 7.8364E-01 8.0138E-01 8.0976E-01 8.2938E-01 8.3934E-01 8.4728E-01 8.5630E-01 8.6555E-01 8.6912E-01 8.8673E-01 9.0100E-01 8.9862E-01 9.0964E-01 8.9637E-01 8.8355E-01 8.8636E-01 8.8395E-01 8.7263E-01 8.6333E-01 8.6200E-01 8.7263E-01 8.6906E-01 8.9087E-01 8.8657E-01 8.7935E-01 8.8330E-01 8.8218E-01 8.8235E-01 8.8156E-01
3.4872E-01 3.6810E-01 3.9128E-01 4.0802E-01 4.2553E-01 4.4268E-01 4.6222E-01 4.8080E-01 4.9748E-01 5.1605E-01 5.3037E-01 5.4907E-01 5.7250E-01 5.9249E-01 6.1000E-01 6.3337E-01 6.5659E-01 6.7051E-01 6.8377E-01 7.0047E-01 7.2716E-01 7.3800E-01 7.5645E-01 7.5931E-01 7.8037E-01 7.9024E-01 8.0359E-01 8.0922E-01 8.1482E-01 8.2859E-01 8.3817E-01 8.5637E-01 8.7304E-01 8.8403E-01 8.9624E-01 9.0537E-01 9.1222E-01 9.1889E-01 9.3149E-01 9.4213E-01 9.4958E-01 9.3639E-01 9.3063E-01 9.2325E-01 9.2472E-01 9.0859E-01 8.9519E-01 9.0153E-01 9.0725E-01 8.9936E-01 9.1962E-01 9.2165E-01 9.1785E-01 9.2011E-01 9.2128E-01 9.2019E-01 9.2017E-01
3.5477E-01 3.7523E-01 3.9559E-01 4.1659E-01 4.3667E-01 4.5156E-01 4.6666E-01 4.8545E-01 5.0591E-01 5.2602E-01 5.3918E-01 5.5675E-01 5.7838E-01 6.0147E-01 6.1882E-01 6.4239E-01 6.6420E-01 6.9080E-01 7.0987E-01 7.2370E-01 7.4160E-01 7.6174E-01 7.7343E-01 7.9057E-01 7.9707E-01 8.2162E-01 8.3084E-01 8.4136E-01 8.4227E-01 8.5315E-01 8.7053E-01 8.8392E-01 9.0125E-01 9.2196E-01 9.3032E-01 9.3968E-01 9.5932E-01 9.5672E-01 9.6901E-01 9.8859E-01 9.9209E-01 9.8581E-01 9.7421E-01 9.6261E-01 9.5904E-01 9.5813E-01 9.3981E-01 9.3510E-01 9.4634E-01 9.4136E-01 9.5743E-01 9.5581E-01 9.5222E-01 9.5944E-01 9.6081E-01 9.5946E-01 9.6255E-01
3.5730E-01 3.8014E-01 3.9932E-01 4.2069E-01 4.4033E-01 4.5843E-01 4.7733E-01 4.9294E-01 5.1342E-01 5.3214E-01 5.4960E-01 5.6255E-01 5.8002E-01 6.0439E-01 6.3544E-01 6.4973E-01 6.8279E-01 7.0335E-01 7.2562E-01 7.4648E-01 7.6581E-01 7.7881E-01 7.9963E-01 8.1432E-01 8.2661E-01 8.4725E-01 8.6629E-01 8.6518E-01 8.8555E-01 8.8035E-01 8.9552E-01 9.1263E-01 9.2753E-01 9.5735E-01 9.6483E-01 9.7455E-01 9.9970E-01 9.9571E-01 1.0147E+00 1.0257E+00 1.0276E+00 1.0245E+00 1.0197E+00 9.9817E-01 1.0038E+00 9.8937E-01 9.7622E-01 9.7079E-01 9.8102E-01 9.7880E-01 9.8718E-01 9.9002E-01 9.9270E-01 9.9736E-01 1.0034E+00 1.0022E+00 1.0097E+00
3.6047E-01 3.8245E-01 4.0481E-01 4.2823E-01 4.4817E-01 4.7089E-01 4.9086E-01 5.0364E-01 5.2302E-01 5.4129E-01 5.5707E-01 5.7243E-01 5.9089E-01 6.0913E-01 6.3095E-01 6.6834E-01 6.8865E-01 7.1599E-01 7.3942E-01 7.6320E-01 7.8865E-01 8.0156E-01 8.2128E-01 8.3830E-01 8.5743E-01 8.6604E-01 8.9057E-01 9.0417E-01 9.0557E-01 9.2194E-01 9.2566E-01 9.4833E-01 9.6653E-01 9.8491E-01 1.0042E+00 1.0158E+00 1.0295E+00 1.0340E+00 1.0548E+00 1.0706E+00 1.0859E+00 1.0729E+00 1.0626E+00 1.0480E+00 1.0441E+00 1.0304E+00 1.0216E+00 1.0181E+00 1.0273E+00 1.0186E+00 1.0231E+00 1.0366E+00 1.0321E+00 1.0426E+00 1.0436E+00 1.0526E+00 1.0553E+00
3.6460E-01 3.8691E-01 4.1085E-01 4.3388E-01 4.5014E-01 4.7609E-01 4.9865E-01 5.1892E-01 5.3472E-01 5.5342E-01 5.7267E-01 5.8641E-01 6.0034E-01 6.2176E-01 6.4173E-01 6.6499E-01 7.0069E-01 7.3140E-01 7.5104E-01 7.7939E-01 8.0461E-01 8.3175E-01 8.4503E-01 8.6691E-01 8.8266E-01 9.0174E-01 9.2550E-01 9.3748E-01 9.4718E-01 9.5219E-01 9.6100E-01 9.8309E-01 9.9595E-01 1.0207E+00 1.0423E+00 1.0583E+00 1.0754E+00 1.0850E+00 1.0933E+00 1.1049E+00 1.1261E+00 1.1309E+00 1.1128E+00 1.1091E+00 1.0920E+00 1.0786E+00 1.0724E+00 1.0616E+00 1.0653E+00 1.0603E+00 1.0649E+00 1.0753E+00 1.0824E+00 1.0854E+00 1.0901E+00 1.1025E+00 1.1075E+00
3.6760E-01 3.9219E-01 4.1708E-01 4.3870E-01 4.5560E-01 4.8235E-01 5.0422E-01 5.2374E-01 5.4852E-01 5.7037E-01 5.8878E-01 6.0331E-01 6.2072E-01 6.3467E-01 6.5239E-01 6.7344E-01 6.9801E-01 7.3238E-01 7.7020E-01 7.9516E-01 8.2799E-01 8.4505E-01 8.7478E-01 8.9425E-01 9.0752E-01 9.2776E-01 9.4632E-01 9.7065E-01 9.8572E-01 1.0014E+00 1.0110E+00 1.0284E+00 1.0453E+00 1.0651E+00 1.0850E+00 1.1116E+00 1.1181E+00 1.1411E+00 1.1484E+00 1.1575E+00 1.1916E+00 1.1916E+00 1.1750E+00 1.1817E+00 1.1588E+00 1.1416E+00 1.1437E+00 1.1330E+00 1.1284E+00 1.1232E+00 1.1214E+00 1.1354E+00 1.1460E+00 1.1490E+00 1.1547E+00 1.1715E+00 1.1821E+00
3.7294E-01 3.9900E-01 4.2388E-01 4.4431E-01 4.6309E-01 4.8376E-01 4.9974E-01 5.2778E-01 5.5172E-01 5.7626E-01 6.0052E-01 6.2246E-01 6.4092E-01 6.6068E-01 6.6877E-01 6.8693E-01 7.0899E-01 7.4156E-01 7.7178E-01 8.1160E-01 8.4195E-01 8.6621E-01 8.8663E-01 9.1788E-01 9.4418E-01 9.5784E-01 9.7672E-01 1.0044E+00 1.0300E+00 1.0448E+00 1.0613E+00 1.0696E+00 1.0950E+00 1.1197E+00 1.1328E+00 1.1590E+00 1.1736E+00 1.1917E+00 1.2090E+00 1.2128E+00 1.2440E+00 1.2473E+00 1.2515E+00 1.2508E+00 1.2369E+00 1.2158E+00 1.2203E+00 1.2084E+00 1.1952E+00 1.1853E+00 1.1776E+00 1.1916E+00 1.2101E+00 1.2156E+00 1.2246E+00 1.2516E+00 1.2602E+00
3.7840E-01 4.0102E-01 4.2333E-01 4.4866E-01 4.6978E-01 4.9254E-01 5.1492E-01 5.3489E-01 5.5253E-01 5.8098E-01 6.0327E-01 6.2680E-01 6.5828E-01 6.7694E-01 6.9530E-01 7.0654E-01 7.2277E-01 7.5129E-01 7.8342E-01 8.1733E-01 8.5544E-01 8.8894E-01 9.0875E-01 9.3653E-01 9.6668E-01 9.9948E-01 1.0068E+00 1.0339E+00 1.0693E+00 1.0835E+00 1.0989E+00 1.1177E+00 1.1387E+00 1.1667E+00 1.1797E+00 1.2071E+00 1.2230E+00 1.2358E+00 1.2706E+00 1.2751E+00 1.2975E+00 1.3221E+00 1.3328E+00 1.3275E+00 1.3188E+00 1.2965E+00 1.2858E+00 1.2877E+00 1.2676E+00 1.2476E+00 1.2361E+00 1.2526E+00 1.2808E+00 1.2852E+00 1.2981E+00 1.3348E+00 1.3408E+00
3.8047E-01 4.0452E-01 4.3132E-01 4.5619E-01 4.7843E-01 5.0724E-01 5.2527E-01 5.4616E-01 5.6706E-01 5.8777E-01 6.0766E-01 6.3517E-01 6.5835E-01 6.8769E-01 7.0530E-01 7.2297E-01 7.4394E-01 7.6330E-01 7.9355E-01 8.2775E-01 8.6772E-01 9.0323E-01 9.4243E-01 9.6016E-01 9.9502E-01 1.0278E+00 1.0536E+00 1.0608E+00 1.0895E+00 1.1293E+00 1.1444E+00 1.1654E+00 1.1838E+00 1.2105E+00 1.2382E+00 1.2545E+00 1.2821E+00 1.2962E+00 1.3233E+00 1.3385E+00 1.3532E+00 1.3874E+00 1.4090E+00 1.4040E+00 1.3986E+00 1.3621E+00 1.3641E+00 1.3676E+00 1.3414E+00 1.3200E+00 1.3086E+00 1.3268E+00 1.3504E+00 1.3732E+00 1.3794E+00 1.4265E+00 1.4231E+00
