20201013_calpuff_aermod_lapmod/results/calpuff_area_sources_szinit_0/rank(1)_odor_1hr_conc.grd
DSAA
         101         101
     737.625     742.625
    5081.125    5086.125
  0.1076E+00  0.1506E+03
[rows 0 to 24 of 101, columns 0 to 56 of 101]
4.3646E-01 4.4673E-01 4.5414E-01 4.6467E-01 4.7930E-01 4.9165E-01 5.0170E-01 5.0885E-01 5.1393E-01 5.1466E-01 5.3154E-01 5.5048E-01 5.6494E-01 5.7505E-01 5.7990E-01 5.7936E-01 5.7575E-01 5.6717E-01 5.5330E-01 5.3611E-01 5.4747E-01 5.5732E-01 5.6298E-01 5.6729E-01 5.8417E-01 5.9682E-01 5.9639E-01 5.9090E-01 5.9568E-01 6.0402E-01 6.0648E-01 6.1170E-01 6.1178E-01 6.3468E-01 6.5525E-01 6.7049E-01 6.7814E-01 6.7994E-01 6.7573E-01 6.6549E-01 6.4939E-01 6.2518E-01 6.2134E-01 6.1200E-01 6.1939E-01 6.3117E-01 6.4300E-01 6.4935E-01 6.5016E-01 6.5106E-01 6.4894E-01 6.4008E-01 6.3652E-01 6.2759E-01 6.1355E-01 5.9890E-01 5.8287E-01
4.4623E-01 4.5849E-01 4.6800E-01 4.8228E-01 4.9889E-01 5.1296E-01 5.2571E-01 5.3480E-01 5.4046E-01 5.4269E-01 5.4958E-01 5.7036E-01 5.8729E-01 5.9929E-01 6.0632E-01 6.0805E-01 6.0617E-01 5.9870E-01 5.8611E-01 5.6843E-01 5.7053E-01 5.8199E-01 5.8936E-01 6.0558E-01 6.2007E-01 6.2912E-01 6.2938E-01 6.3158E-01 6.3274E-01 6.4333E-01 6.4893E-01 6.5535E-01 6.5661E-01 6.7355E-01 6.9574E-01 7.1257E-01 7.2156E-01 7.2421E-01 7.2032E-01 7.0985E-01 6.9296E-01 6.7858E-01 6.6738E-01 6.5848E-01 6.7187E-01 6.8001E-01 6.9081E-01 6.9635E-01 7.0115E-01 7.0253E-01 6.9858E-01 6.8513E-01 6.7702E-01 6.7224E-01 6.6283E-01 6.4899E-01 6.2631E-01
4.5306E-01 4.6735E-01 4.7918E-01 4.9772E-01 5.1602E-01 5.3327E-01 5.4726E-01 5.5792E-01 5.6537E-01 5.6909E-01 5.6915E-01 5.8763E-01 6.0654E-01 6.2105E-01 6.3069E-01 6.3467E-01 6.3465E-01 6.2909E-01 6.1935E-01 6.0294E-01 6.0031E-01 6.0479E-01 6.1660E-01 6.3425E-01 6.4783E-01 6.6038E-01 6.6741E-01 6.7353E-01 6.7828E-01 6.8304E-01 6.9177E-01 6.9951E-01 7.0134E-01 7.1150E-01 7.3586E-01 7.5447E-01 7.6499E-01 7.6867E-01 7.6526E-01 7.5474E-01 7.4225E-01 7.3528E-01 7.2238E-01 7.1254E-01 7.2701E-01 7.3600E-01 7.4378E-01 7.4951E-01 7.5513E-01 7.5452E-01 7.4839E-01 7.3419E-01 7.2624E-01 7.1345E-01 7.0544E-01 6.9757E-01 6.8182E-01
4.5693E-01 4.7346E-01 4.8841E-01 5.1036E-01 5.3175E-01 5.5038E-01 5.6604E-01 5.7889E-01 5.8810E-01 5.9366E-01 5.9555E-01 6.0125E-01 6.2272E-01 6.4000E-01 6.5210E-01 6.5866E-01 6.6231E-01 6.5968E-01 6.5039E-01 6.3573E-01 6.3679E-01 6.4145E-01 6.4261E-01 6.5776E-01 6.7726E-01 6.9239E-01 7.1087E-01 7.2211E-01 7.2775E-01 7.2801E-01 7.3412E-01 7.4347E-01 7.4645E-01 7.4844E-01 7.7516E-01 7.9577E-01 8.0815E-01 8.1326E-01 8.1071E-01 8.0041E-01 8.0087E-01 7.9287E-01 7.7823E-01 7.6886E-01 7.8495E-01 7.9489E-01 8.0212E-01 8.0508E-01 8.0944E-01 8.0729E-01 7.9861E-01 7.9047E-01 7.8334E-01 7.7049E-01 7.6871E-01 7.6156E-01 7.4253E-01
4.5786E-01 4.7628E-01 4.9642E-01 5.2133E-01 5.4405E-01 5.6431E-01 5.8221E-01 5.9713E-01 6.0844E-01 6.1617E-01 6.1932E-01 6.1830E-01 6.3540E-01 6.5514E-01 6.7006E-01 6.8143E-01 6.8695E-01 6.8607E-01 6.7930E-01 6.7211E-01 6.8673E-01 6.9078E-01 6.8772E-01 6.9412E-01 7.1424E-01 7.3797E-01 7.5594E-01 7.6918E-01 7.7691E-01 7.7865E-01 7.7588E-01 7.8710E-01 7.9157E-01 7.8895E-01 8.1361E-01 8.3669E-01 8.5126E-01 8.5794E-01 8.5635E-01 8.6082E-01 8.6314E-01 8.5439E-01 8.3825E-01 8.2688E-01 8.4480E-01 8.5584E-01 8.6247E-01 8.6189E-01 8.6363E-01 8.5932E-01 8.4782E-01 8.4516E-01 8.3846E-01 8.3487E-01 8.3389E-01 8.2681E-01 8.0607E-01
4.5800E-01 4.7588E-01 5.0250E-01 5.2855E-01 5.5275E-01 5.7516E-01 5.9517E-01 6.1233E-01 6.2617E-01 6.3544E-01 6.4075E-01 6.4196E-01 6.4368E-01 6.6748E-01 6.8649E-01 6.9962E-01 7.0766E-01 7.1149E-01 7.0756E-01 7.2508E-01 7.3064E-01 7.2638E-01 7.3776E-01 7.4567E-01 7.5364E-01 7.7883E-01 7.9969E-01 8.1537E-01 8.2536E-01 8.2869E-01 8.2562E-01 8.3275E-01 8.3981E-01 8.3881E-01 8.5095E-01 8.7696E-01 8.9401E-01 9.0253E-01 9.1087E-01 9.2055E-01 9.2233E-01 9.1275E-01 8.9509E-01 8.8839E-01 9.0841E-01 9.2072E-01 9.2671E-01 9.2455E-01 9.1666E-01 9.0996E-01 8.9568E-01 8.9728E-01 8.9489E-01 9.0193E-01 9.0203E-01 8.9517E-01 8.7258E-01
4.7709E-01 4.8793E-01 5.0457E-01 5.3195E-01 5.5806E-01 5.8245E-01 6.0456E-01 6.2401E-01 6.3948E-01 6.5142E-01 6.5904E-01 6.6413E-01 6.6370E-01 6.8244E-01 7.0913E-01 7.2710E-01 7.3618E-01 7.3926E-01 7.5434E-01 7.6535E-01 7.6610E-01 7.8071E-01 7.9552E-01 8.0504E-01 8.1094E-01 8.2252E-01 8.4431E-01 8.6034E-01 8.7057E-01 8.7434E-01 8.7108E-01 8.7044E-01 8.7928E-01 8.7997E-01 8.8124E-01 9.0974E-01 9.3174E-01 9.4263E-01 9.5744E-01 9.6693E-01 9.6804E-01 9.5854E-01 9.4051E-01 9.3958E-01 9.6228E-01 9.7661E-01 9.8272E-01 9.7985E-01 9.6833E-01 9.6050E-01 9.4404E-01 9.4307E-01 9.5635E-01 9.6432E-01 9.6455E-01 9.5703E-01 9.2993E-01
4.9352E-01 5.0757E-01 5.1777E-01 5.3178E-01 5.5961E-01 5.8583E-01 6.1000E-01 6.3103E-01 6.4914E-01 6.6460E-01 6.7521E-01 6.8219E-01 6.8494E-01 7.1094E-01 7.3353E-01 7.4791E-01 7.5854E-01 7.6974E-01 7.8665E-01 7.9567E-01 8.1647E-01 8.3855E-01 8.5852E-01 8.7118E-01 8.7711E-01 8.7564E-01 8.8639E-01 9.0368E-01 9.1453E-01 9.1871E-01 9.1579E-01 9.0617E-01 9.1755E-01 9.2055E-01 9.1480E-01 9.4582E-01 9.6708E-01 9.8260E-01 1.0007E+00 1.0103E+00 1.0110E+00 1.0024E+00 9.8458E-01 9.8928E-01 1.0150E+00 1.0325E+00 1.0388E+00 1.0352E+00 1.0217E+00 1.0042E+00 9.8588E-01 9.9893E-01 1.0165E+00 1.0257E+00 1.0262E+00 1.0182E+00 9.8612E-01
5.0831E-01 5.2364E-01 5.3565E-01 5.4441E-01 5.5682E-01 5.8489E-01 6.1053E-01 6.3398E-01 6.5551E-01 6.7291E-01 6.8614E-01 6.9665E-01 7.0245E-01 7.2583E-01 7.4668E-01 7.6410E-01 7.7821E-01 7.9359E-01 8.1205E-01 8.4397E-01 8.7522E-01 9.0192E-01 9.2351E-01 9.3916E-01 9.4662E-01 9.3467E-01 9.2568E-01 9.4449E-01 9.5669E-01 9.6143E-01 9.5878E-01 9.5346E-01 9.5592E-01 9.6206E-01 9.5843E-01 9.7570E-01 9.9916E-01 1.0218E+00 1.0408E+00 1.0508E+00 1.0512E+00 1.0440E+00 1.0270E+00 1.0388E+00 1.0678E+00 1.0871E+00 1.0934E+00 1.0889E+00 1.0737E+00 1.0482E+00 1.0268E+00 1.0554E+00 1.0790E+00 1.0896E+00 1.0906E+00 1.0782E+00 1.0406E+00
5.1911E-01 5.3605E-01 5.5020E-01 5.6068E-01 5.6776E-01 5.7910E-01 6.0675E-01 6.3225E-01 6.5664E-01 6.7655E-01 6.9281E-01 7.0665E-01 7.1662E-01 7.3179E-01 7.5616E-01 7.7721E-01 7.9712E-01 8.2011E-01 8.5919E-01 8.9947E-01 9.3451E-01 9.6558E-01 9.9153E-01 1.0045E+00 9.9762E-01 9.8398E-01 9.7743E-01 9.8224E-01 9.9584E-01 1.0053E+00 1.0052E+00 9.9837E-01 9.9303E-01 1.0015E+00 9.9999E-01 1.0034E+00 1.0296E+00 1.0573E+00 1.0776E+00 1.0881E+00 1.0884E+00 1.0831E+00 1.0675E+00 1.0851E+00 1.1177E+00 1.1397E+00 1.1460E+00 1.1406E+00 1.1234E+00 1.0951E+00 1.0832E+00 1.1159E+00 1.1383E+00 1.1504E+00 1.1514E+00 1.1421E+00 1.0983E+00
5.2559E-01 5.4462E-01 5.6056E-01 5.7350E-01 5.8268E-01 5.9805E-01 6.2437E-01 6.4861E-01 6.7015E-01 6.8908E-01 7.0409E-01 7.1997E-01 7.2707E-01 7.4363E-01 7.7275E-01 7.9878E-01 8.2248E-01 8.6357E-01 9.0959E-01 9.5301E-01 9.9431E-01 1.0300E+00 1.0462E+00 1.0470E+00 1.0401E+00 1.0337E+00 1.0227E+00 1.0159E+00 1.0360E+00 1.0451E+00 1.0453E+00 1.0405E+00 1.0275E+00 1.0394E+00 1.0407E+00 1.0656E+00 1.0859E+00 1.0984E+00 1.1110E+00 1.1223E+00 1.1226E+00 1.1198E+00 1.1061E+00 1.1278E+00 1.1640E+00 1.1891E+00 1.1953E+00 1.1888E+00 1.1696E+00 1.1383E+00 1.1312E+00 1.1668E+00 1.1918E+00 1.2056E+00 1.2077E+00 1.1981E+00 1.1558E+00
5.2866E-01 5.4956E-01 5.6796E-01 5.8318E-01 5.9845E-01 6.2913E-01 6.5897E-01 6.8714E-01 7.1371E-01 7.3768E-01 7.6077E-01 7.7306E-01 7.7247E-01 7.7008E-01 8.0080E-01 8.2962E-01 8.5725E-01 9.0657E-01 9.5681E-01 1.0069E+00 1.0479E+00 1.0683E+00 1.0782E+00 1.0814E+00 1.0776E+00 1.0682E+00 1.0601E+00 1.0482E+00 1.0674E+00 1.0792E+00 1.0830E+00 1.0809E+00 1.0704E+00 1.0772E+00 1.1159E+00 1.1477E+00 1.1686E+00 1.1801E+00 1.1813E+00 1.1714E+00 1.1615E+00 1.1649E+00 1.1526E+00 1.1704E+00 1.2091E+00 1.2359E+00 1.2447E+00 1.2398E+00 1.2213E+00 1.1898E+00 1.1876E+00 1.2231E+00 1.2471E+00 1.2589E+00 1.2580E+00 1.2446E+00 1.2145E+00
5.2755E-01 5.5049E-01 5.7100E-01 5.9194E-01 6.2580E-01 6.5924E-01 6.9283E-01 7.2576E-01 7.5775E-01 7.8993E-01 8.1101E-01 8.1931E-01 8.1447E-01 8.0521E-01 8.2648E-01 8.5910E-01 8.9005E-01 9.4564E-01 1.0026E+00 1.0450E+00 1.0734E+00 1.0934E+00 1.1072E+00 1.1147E+00 1.1145E+00 1.1067E+00 1.0970E+00 1.0855E+00 1.0943E+00 1.1106E+00 1.1195E+00 1.1207E+00 1.1131E+00 1.1482E+00 1.1885E+00 1.2203E+00 1.2415E+00 1.2517E+00 1.2495E+00 1.2353E+00 1.2101E+00 1.2127E+00 1.2047E+00 1.2125E+00 1.2541E+00 1.2827E+00 1.2945E+00 1.2917E+00 1.2742E+00 1.2427E+00 1.2405E+00 1.2758E+00 1.2985E+00 1.3078E+00 1.3036E+00 1.2858E+00 1.2710E+00
5.2214E-01 5.4700E-01 5.7890E-01 6.1507E-01 6.5153E-01 6.8783E-01 7.2584E-01 7.6382E-01 8.0448E-01 8.3455E-01 8.5333E-01 8.5587E-01 8.5369E-01 8.4717E-01 8.4996E-01 8.8579E-01 9.2055E-01 9.7824E-01 1.0228E+00 1.0593E+00 1.0909E+00 1.1158E+00 1.1342E+00 1.1455E+00 1.1493E+00 1.1450E+00 1.1322E+00 1.1299E+00 1.1184E+00 1.1398E+00 1.1534E+00 1.1586E+00 1.1590E+00 1.2083E+00 1.2489E+00 1.2787E+00 1.2984E+00 1.3072E+00 1.3040E+00 1.2890E+00 1.2634E+00 1.2703E+00 1.2648E+00 1.2938E+00 1.3056E+00 1.3236E+00 1.3388E+00 1.3383E+00 1.3222E+00 1.2908E+00 1.2900E+00 1.3249E+00 1.3459E+00 1.3526E+00 1.3445E+00 1.3303E+00 1.3267E+00
5.2363E-01 5.5993E-01 5.9749E-01 6.3597E-01 6.7502E-01 7.1458E-01 7.5750E-01 8.0397E-01 8.4240E-01 8.7080E-01 8.8257E-01 8.8815E-01 8.8945E-01 8.8681E-01 8.7987E-01 9.0945E-01 9.4798E-01 9.8347E-01 1.0276E+00 1.0683E+00 1.1052E+00 1.1347E+00 1.1578E+00 1.1737E+00 1.1819E+00 1.1858E+00 1.1776E+00 1.1702E+00 1.1599E+00 1.1656E+00 1.1850E+00 1.1943E+00 1.2010E+00 1.2503E+00 1.2913E+00 1.3222E+00 1.3433E+00 1.3532E+00 1.3509E+00 1.3365E+00 1.3151E+00 1.3254E+00 1.3219E+00 1.3408E+00 1.3484E+00 1.3616E+00 1.3807E+00 1.3831E+00 1.3686E+00 1.3376E+00 1.3360E+00 1.3701E+00 1.3893E+00 1.3928E+00 1.3806E+00 1.3858E+00 1.3833E+00
5.3578E-01 5.7382E-01 6.1332E-01 6.5400E-01 6.9577E-01 7.3919E-01 7.8978E-01 8.3532E-01 8.7157E-01 8.9134E-01 9.0495E-01 9.1471E-01 9.2083E-01 9.2296E-01 9.2031E-01 9.2895E-01 9.7016E-01 1.0132E+00 1.0503E+00 1.0841E+00 1.1149E+00 1.1495E+00 1.1778E+00 1.1989E+00 1.2175E+00 1.2236E+00 1.2198E+00 1.2085E+00 1.2037E+00 1.1909E+00 1.2132E+00 1.2271E+00 1.2395E+00 1.2800E+00 1.3225E+00 1.3551E+00 1.3794E+00 1.3920E+00 1.4001E+00 1.3885E+00 1.3664E+00 1.3798E+00 1.3775E+00 1.3774E+00 1.3860E+00 1.3960E+00 1.4196E+00 1.4259E+00 1.4128E+00 1.3826E+00 1.3867E+00 1.4203E+00 1.4383E+00 1.4384E+00 1.4214E+00 1.4368E+00 1.4345E+00
5.4518E-01 5.8503E-01 6.2667E-01 6.7002E-01 7.1588E-01 7.6370E-01 8.1602E-01 8.5722E-01 8.8492E-01 9.0563E-01 9.2301E-01 9.3714E-01 9.4775E-01 9.5431E-01 9.5651E-01 9.5703E-01 9.9130E-01 1.0360E+00 1.0786E+00 1.1176E+00 1.1524E+00 1.1809E+00 1.2025E+00 1.2260E+00 1.2461E+00 1.2575E+00 1.2599E+00 1.2540E+00 1.2465E+00 1.2378E+00 1.2420E+00 1.2693E+00 1.2885E+00 1.3039E+00 1.3523E+00 1.3914E+00 1.4287E+00 1.4481E+00 1.4536E+00 1.4454E+00 1.4366E+00 1.4520E+00 1.4516E+00 1.4330E+00 1.4392E+00 1.4437E+00 1.4682E+00 1.4736E+00 1.4594E+00 1.4325E+00 1.4292E+00 1.4662E+00 1.4857E+00 1.4873E+00 1.4857E+00 1.5074E+00 1.5060E+00
5.5095E-01 5.9213E-01 6.3545E-01 6.8164E-01 7.3020E-01 7.8400E-01 8.2916E-01 8.6373E-01 8.9072E-01 9.1502E-01 9.3661E-01 9.5533E-01 9.7052E-01 9.8180E-01 9.9341E-01 9.9736E-01 1.0062E+00 1.0556E+00 1.1033E+00 1.1479E+00 1.1889E+00 1.2234E+00 1.2493E+00 1.2672E+00 1.2766E+00 1.2901E+00 1.3004E+00 1.2996E+00 1.2887E+00 1.2857E+00 1.2805E+00 1.3106E+00 1.3393E+00 1.3556E+00 1.3850E+00 1.4330E+00 1.4699E+00 1.4941E+00 1.5046E+00 1.5005E+00 1.5065E+00 1.5249E+00 1.5246E+00 1.5056E+00 1.4923E+00 1.4865E+00 1.5110E+00 1.5180E+00 1.5134E+00 1.4899E+00 1.4722E+00 1.5132E+00 1.5353E+00 1.5375E+00 1.5541E+00 1.5763E+00 1.5765E+00
5.5265E-01 5.9467E-01 6.3964E-01 6.8752E-01 7.4064E-01 7.8911E-01 8.2894E-01 8.6110E-01 8.9129E-01 9.1942E-01 9.4542E-01 9.6860E-01 9.8853E-01 1.0094E+00 1.0234E+00 1.0324E+00 1.0838E+00 1.1340E+00 1.1341E+00 1.1745E+00 1.2212E+00 1.2602E+00 1.2925E+00 1.3172E+00 1.3331E+00 1.3462E+00 1.3447E+00 1.3429E+00 1.3373E+00 1.3314E+00 1.3231E+00 1.3520E+00 1.3804E+00 1.3999E+00 1.4098E+00 1.4633E+00 1.5068E+00 1.5374E+00 1.5540E+00 1.5554E+00 1.5735E+00 1.5957E+00 1.5975E+00 1.5781E+00 1.5448E+00 1.5478E+00 1.5578E+00 1.5743E+00 1.5705E+00 1.5461E+00 1.5142E+00 1.5594E+00 1.5843E+00 1.5877E+00 1.6210E+00 1.6441E+00 1.6446E+00
5.6774E-01 5.9261E-01 6.3854E-01 6.8723E-01 7.3914E-01 7.8228E-01 8.1839E-01 8.5316E-01 8.8659E-01 9.1871E-01 9.4882E-01 9.7648E-01 1.0048E+00 1.0290E+00 1.0505E+00 1.0946E+00 1.1679E+00 1.1855E+00 1.1911E+00 1.1955E+00 1.2467E+00 1.2924E+00 1.3319E+00 1.3642E+00 1.3956E+00 1.4119E+00 1.4167E+00 1.4087E+00 1.3870E+00 1.3747E+00 1.3728E+00 1.3788E+00 1.4100E+00 1.4347E+00 1.4569E+00 1.4899E+00 1.5414E+00 1.5797E+00 1.6033E+00 1.6106E+00 1.6382E+00 1.6640E+00 1.6661E+00 1.6426E+00 1.6140E+00 1.6072E+00 1.6113E+00 1.6364E+00 1.6332E+00 1.6076E+00 1.5604E+00 1.6055E+00 1.6332E+00 1.6396E+00 1.6851E+00 1.7085E+00 1.7095E+00
5.8196E-01 6.0409E-01 6.3126E-01 6.7838E-01 7.2614E-01 7.6475E-01 8.0267E-01 8.3997E-01 8.7675E-01 9.1240E-01 9.4649E-01 9.7858E-01 1.0177E+00 1.0571E+00 1.0929E+00 1.1675E+00 1.2045E+00 1.2258E+00 1.2412E+00 1.2485E+00 1.2669E+00 1.3196E+00 1.3670E+00 1.4154E+00 1.4500E+00 1.4747E+00 1.4863E+00 1.4844E+00 1.4689E+00 1.4406E+00 1.4196E+00 1.4286E+00 1.4348E+00 1.4654E+00 1.5038E+00 1.5415E+00 1.5734E+00 1.6200E+00 1.6511E+00 1.6652E+00 1.6960E+00 1.7140E+00 1.7184E+00 1.7054E+00 1.6722E+00 1.6661E+00 1.6736E+00 1.6961E+00 1.6940E+00 1.6674E+00 1.6171E+00 1.6509E+00 1.6816E+00 1.7015E+00 1.7486E+00 1.7713E+00 1.7714E+00
5.9113E-01 6.1655E-01 6.3752E-01 6.7166E-01 7.0622E-01 7.4234E-01 7.8199E-01 8.2185E-01 8.6142E-01 9.0382E-01 9.5068E-01 1.0015E+00 1.0476E+00 1.0907E+00 1.1432E+00 1.2061E+00 1.2282E+00 1.2455E+00 1.2641E+00 1.2752E+00 1.2819E+00 1.3409E+00 1.4051E+00 1.4578E+00 1.5031E+00 1.5374E+00 1.5593E+00 1.5698E+00 1.5656E+00 1.5460E+00 1.5114E+00 1.5099E+00 1.5204E+00 1.5359E+00 1.5589E+00 1.6141E+00 1.6466E+00 1.6630E+00 1.7020E+00 1.7229E+00 1.7453E+00 1.7937E+00 1.8157E+00 1.8101E+00 1.7759E+00 1.7592E+00 1.7585E+00 1.7848E+00 1.7838E+00 1.7550E+00 1.6996E+00 1.7379E+00 1.7749E+00 1.8117E+00 1.8638E+00 1.8885E+00 1.8804E+00
5.9683E-01 6.2326E-01 6.4782E-01 6.7447E-01 7.1153E-01 7.4470E-01 7.7692E-01 8.1721E-01 8.6792E-01 9.1757E-01 9.7158E-01 1.0228E+00 1.0718E+00 1.1207E+00 1.1909E+00 1.2096E+00 1.2489E+00 1.2848E+00 1.3138E+00 1.3353E+00 1.3557E+00 1.3637E+00 1.4311E+00 1.4942E+00 1.5483E+00 1.5936E+00 1.6290E+00 1.6505E+00 1.6577E+00 1.6502E+00 1.6233E+00 1.5854E+00 1.6114E+00 1.6383E+00 1.6474E+00 1.6770E+00 1.7186E+00 1.7422E+00 1.7491E+00 1.7914E+00 1.8214E+00 1.8812E+00 1.9134E+00 1.9125E+00 1.8714E+00 1.8533E+00 1.8439E+00 1.8694E+00 1.8678E+00 1.8353E+00 1.7729E+00 1.8258E+00 1.8688E+00 1.9161E+00 1.9716E+00 1.9968E+00 1.9800E+00
6.1070E-01 6.4276E-01 6.8398E-01 7.0717E-01 7.2670E-01 7.4887E-01 7.7819E-01 8.2236E-01 8.7410E-01 9.2969E-01 9.8413E-01 1.0374E+00 1.0905E+00 1.1602E+00 1.1958E+00 1.2409E+00 1.2868E+00 1.3287E+00 1.3633E+00 1.3979E+00 1.4220E+00 1.4362E+00 1.4495E+00 1.5205E+00 1.5855E+00 1.6441E+00 1.6906E+00 1.7246E+00 1.7451E+00 1.7463E+00 1.7307E+00 1.6968E+00 1.6912E+00 1.7280E+00 1.7463E+00 1.7440E+00 1.7857E+00 1.8194E+00 1.8311E+00 1.8514E+00 1.9046E+00 1.9593E+00 1.9814E+00 1.9915E+00 1.9696E+00 1.9471E+00 1.9404E+00 1.9344E+00 1.9300E+00 1.8989E+00 1.8539E+00 1.9124E+00 1.9611E+00 2.0241E+00 2.0821E+00 2.1055E+00 2.0776E+00
6.3497E-01 6.7621E-01 7.1154E-01 7.3650E-01 7.5929E-01 7.7956E-01 8.0184E-01 8.2469E-01 8.7514E-01 9.3363E-01 9.8965E-01 1.0461E+00 1.1160E+00 1.1639E+00 1.2152E+00 1.2650E+00 1.3179E+00 1.3643E+00 1.4120E+00 1.4509E+00 1.4813E+00 1.5063E+00 1.5209E+00 1.5378E+00 1.6152E+00 1.6844E+00 1.7429E+00 1.7894E+00 1.8194E+00 1.8334E+00 1.8391E+00 1.8213E+00 1.7854E+00 1.8095E+00 1.8381E+00 1.8453E+00 1.8428E+00 1.8876E+00 1.9102E+00 1.9085E+00 1.9779E+00 2.0486E+00 2.0932E+00 2.0863E+00 2.0571E+00 2.0397E+00 2.0428E+00 2.0217E+00 2.0127E+00 1.9858E+00 1.9545E+00 1.9988E+00 2.0523E+00 2.1286E+00 2.1871E+00 2.2065E+00 2.1700E+00
