20201013_calpuff_aermod_lapmod/results/calpuff_area_sources_szinit_0/rank(1)_odor_1hr_conc.grd
DSAA
         101         101
     737.625     742.625
    5081.125    5086.125
  0.1076E+00  0.1506E+03
[rows 75 to 99 of 101, columns 0 to 56 of 101]
3.4186E-01 3.7031E-01 3.9837E-01 4.2805E-01 4.5759E-01 4.8783E-01 5.1634E-01 5.4217E-01 5.6296E-01 5.7571E-01 5.8316E-01 5.8920E-01 5.8734E-01 5.8223E-01 6.0108E-01 6.2276E-01 6.4197E-01 6.5781E-01 6.7173E-01 6.8183E-01 7.1999E-01 7.5884E-01 8.1109E-01 8.8094E-01 9.6603E-01 1.0450E+00 1.1261E+00 1.2076E+00 1.2874E+00 1.3632E+00 1.4334E+00 1.4960E+00 1.5468E+00 1.5846E+00 1.6055E+00 1.6193E+00 1.6047E+00 1.7635E+00 1.9250E+00 2.0718E+00 2.1976E+00 2.2936E+00 2.3518E+00 2.3664E+00 2.3338E+00 2.4431E+00 2.5182E+00 2.5446E+00 2.5255E+00 2.4616E+00 2.3515E+00 2.2113E+00 2.2374E+00 2.2455E+00 2.2242E+00 2.1720E+00 2.1335E+00
3.2065E-01 3.4407E-01 3.7085E-01 3.9659E-01 4.2308E-01 4.4844E-01 4.7312E-01 4.9458E-01 5.1276E-01 5.2420E-01 5.2908E-01 5.2995E-01 5.2649E-01 5.4016E-01 5.6103E-01 5.7965E-01 5.9618E-01 6.0882E-01 6.1891E-01 6.5374E-01 6.8754E-01 7.3977E-01 8.0373E-01 8.7113E-01 9.4386E-01 1.0258E+00 1.1011E+00 1.1758E+00 1.2481E+00 1.3156E+00 1.3755E+00 1.4257E+00 1.4652E+00 1.4903E+00 1.4980E+00 1.4923E+00 1.5863E+00 1.7522E+00 1.8957E+00 2.0228E+00 2.1265E+00 2.2003E+00 2.2391E+00 2.2400E+00 2.2231E+00 2.3245E+00 2.3906E+00 2.4177E+00 2.4045E+00 2.3512E+00 2.2607E+00 2.1376E+00 2.0822E+00 2.0930E+00 2.0780E+00 2.0397E+00 1.9937E+00
3.0017E-01 3.2081E-01 3.4233E-01 3.6674E-01 3.8917E-01 4.1144E-01 4.3145E-01 4.4970E-01 4.6415E-01 4.7431E-01 4.7755E-01 4.7706E-01 4.8451E-01 5.0369E-01 5.2132E-01 5.3753E-01 5.6034E-01 5.8010E-01 5.9719E-01 6.2940E-01 6.7108E-01 7.2901E-01 7.9153E-01 8.5513E-01 9.2089E-01 9.9930E-01 1.0686E+00 1.1364E+00 1.2010E+00 1.2603E+00 1.3117E+00 1.3527E+00 1.3811E+00 1.3958E+00 1.3954E+00 1.4433E+00 1.6037E+00 1.7540E+00 1.8844E+00 1.9843E+00 2.0514E+00 2.1091E+00 2.1335E+00 2.1218E+00 2.1190E+00 2.2135E+00 2.2760E+00 2.3035E+00 2.2949E+00 2.2508E+00 2.1730E+00 2.0653E+00 1.9388E+00 1.9527E+00 1.9440E+00 1.9139E+00 1.8632E+00
2.8968E-01 3.0846E-01 3.2701E-01 3.4520E-01 3.6415E-01 3.8100E-01 3.9647E-01 4.1051E-01 4.2281E-01 4.3284E-01 4.4034E-01 4.4495E-01 4.6456E-01 4.8925E-01 5.1257E-01 5.3381E-01 5.5225E-01 5.6710E-01 5.7816E-01 6.0813E-01 6.6023E-01 7.1544E-01 7.7335E-01 8.3462E-01 8.9551E-01 9.5791E-01 1.0295E+00 1.0907E+00 1.1477E+00 1.1990E+00 1.2424E+00 1.2757E+00 1.2965E+00 1.3030E+00 1.3134E+00 1.4706E+00 1.6251E+00 1.7584E+00 1.8707E+00 1.9536E+00 1.9985E+00 2.0150E+00 2.0285E+00 2.0092E+00 2.0211E+00 2.1099E+00 2.1700E+00 2.1985E+00 2.1943E+00 2.1576E+00 2.0905E+00 1.9960E+00 1.8784E+00 1.8168E+00 1.8070E+00 1.7776E+00 1.7420E+00
2.8123E-01 2.9869E-01 3.1573E-01 3.3204E-01 3.4778E-01 3.6354E-01 3.7665E-01 3.8808E-01 3.9759E-01 4.0488E-01 4.2031E-01 4.4292E-01 4.6711E-01 4.8821E-01 5.0741E-01 5.2427E-01 5.3815E-01 5.4839E-01 5.5439E-01 5.9621E-01 6.4579E-01 6.9795E-01 7.5233E-01 8.0807E-01 8.6472E-01 9.2174E-01 9.7687E-01 1.0396E+00 1.0899E+00 1.1337E+00 1.1697E+00 1.1959E+00 1.2104E+00 1.2115E+00 1.3147E+00 1.4386E+00 1.5955E+00 1.7499E+00 1.8441E+00 1.9094E+00 1.9395E+00 1.9303E+00 1.9118E+00 1.8990E+00 1.9257E+00 2.0096E+00 2.0676E+00 2.0973E+00 2.0975E+00 2.0682E+00 2.0109E+00 1.9282E+00 1.8244E+00 1.7035E+00 1.6653E+00 1.6407E+00 1.6277E+00
2.7073E-01 2.8669E-01 3.0209E-01 3.1663E-01 3.3015E-01 3.4363E-01 3.5444E-01 3.6337E-01 3.8007E-01 4.0261E-01 4.2415E-01 4.4422E-01 4.6294E-01 4.8206E-01 4.9717E-01 5.0963E-01 5.1906E-01 5.2490E-01 5.3005E-01 5.8128E-01 6.2808E-01 6.7703E-01 7.2761E-01 7.7927E-01 8.3095E-01 8.8177E-01 9.3168E-01 9.7773E-01 1.0286E+00 1.0660E+00 1.0953E+00 1.1152E+00 1.1242E+00 1.1988E+00 1.3077E+00 1.4307E+00 1.5540E+00 1.6695E+00 1.7901E+00 1.8571E+00 1.8731E+00 1.8535E+00 1.8109E+00 1.7801E+00 1.8341E+00 1.9139E+00 1.9703E+00 2.0011E+00 2.0050E+00 1.9822E+00 1.9340E+00 1.8626E+00 1.7711E+00 1.6468E+00 1.5745E+00 1.5143E+00 1.5176E+00
2.5850E-01 2.7279E-01 2.8652E-01 2.9927E-01 3.1071E-01 3.2073E-01 3.3949E-01 3.6166E-01 3.8365E-01 4.0420E-01 4.2338E-01 4.4071E-01 4.5614E-01 4.6971E-01 4.8251E-01 4.9082E-01 4.9604E-01 4.9786E-01 5.1566E-01 5.6348E-01 6.0754E-01 6.5308E-01 6.9986E-01 7.4717E-01 7.9427E-01 8.4028E-01 8.8337E-01 9.2288E-01 9.5975E-01 9.8957E-01 1.0208E+00 1.0353E+00 1.0899E+00 1.1909E+00 1.2969E+00 1.4182E+00 1.5237E+00 1.6140E+00 1.6868E+00 1.7508E+00 1.8034E+00 1.7742E+00 1.7158E+00 1.6830E+00 1.7467E+00 1.8229E+00 1.8778E+00 1.9095E+00 1.9171E+00 1.9003E+00 1.8443E+00 1.7840E+00 1.7050E+00 1.6104E+00 1.5161E+00 1.4631E+00 1.4094E+00
2.4482E-01 2.5745E-01 2.6944E-01 2.8044E-01 2.9747E-01 3.1931E-01 3.4248E-01 3.6308E-01 3.8314E-01 4.0152E-01 4.1821E-01 4.3279E-01 4.4518E-01 4.5494E-01 4.6244E-01 4.6872E-01 4.7013E-01 4.6840E-01 4.9777E-01 5.3646E-01 5.8477E-01 6.2671E-01 6.6958E-01 7.1319E-01 7.5742E-01 7.9975E-01 8.3825E-01 8.7134E-01 8.9840E-01 9.2145E-01 9.3844E-01 9.8067E-01 1.0801E+00 1.1815E+00 1.2904E+00 1.3925E+00 1.4880E+00 1.5619E+00 1.6151E+00 1.6457E+00 1.6568E+00 1.6670E+00 1.6306E+00 1.5867E+00 1.6508E+00 1.7231E+00 1.7766E+00 1.8094E+00 1.8205E+00 1.8097E+00 1.7775E+00 1.7255E+00 1.6539E+00 1.5700E+00 1.4734E+00 1.4122E+00 1.3451E+00
2.3024E-01 2.4115E-01 2.5749E-01 2.7859E-01 2.9951E-01 3.2030E-01 3.4066E-01 3.6092E-01 3.7883E-01 3.9489E-01 4.0904E-01 4.2091E-01 4.3040E-01 4.3716E-01 4.4100E-01 4.4210E-01 4.4236E-01 4.4437E-01 4.7861E-01 5.1521E-01 5.5944E-01 5.9918E-01 6.3949E-01 6.8099E-01 7.2025E-01 7.5767E-01 7.9151E-01 8.1968E-01 8.4238E-01 8.5840E-01 8.9031E-01 9.7538E-01 1.0781E+00 1.1795E+00 1.2762E+00 1.3644E+00 1.4407E+00 1.5005E+00 1.5451E+00 1.5613E+00 1.5535E+00 1.5482E+00 1.5299E+00 1.4932E+00 1.5747E+00 1.6439E+00 1.6961E+00 1.7296E+00 1.7433E+00 1.7365E+00 1.7104E+00 1.6660E+00 1.6022E+00 1.5275E+00 1.4392E+00 1.3638E+00 1.3039E+00
2.1866E-01 2.3829E-01 2.5841E-01 2.7862E-01 2.9854E-01 3.1814E-01 3.3661E-01 3.5399E-01 3.7120E-01 3.8476E-01 3.9639E-01 4.0563E-01 4.1243E-01 4.1648E-01 4.1766E-01 4.1595E-01 4.1162E-01 4.2683E-01 4.6054E-01 4.9711E-01 5.3267E-01 5.7454E-01 6.1088E-01 6.4658E-01 6.8245E-01 7.1486E-01 7.4412E-01 7.6784E-01 7.8609E-01 8.0784E-01 8.8794E-01 9.8294E-01 1.0779E+00 1.1699E+00 1.2555E+00 1.3317E+00 1.3947E+00 1.4411E+00 1.4687E+00 1.4737E+00 1.4643E+00 1.4603E+00 1.4396E+00 1.4194E+00 1.4996E+00 1.5664E+00 1.6175E+00 1.6515E+00 1.6671E+00 1.6645E+00 1.6441E+00 1.6043E+00 1.5518E+00 1.4859E+00 1.4090E+00 1.3233E+00 1.2612E+00
2.1867E-01 2.3765E-01 2.5697E-01 2.7593E-01 2.9475E-01 3.1299E-01 3.2993E-01 3.4499E-01 3.6041E-01 3.7176E-01 3.8085E-01 3.8762E-01 3.9194E-01 3.9361E-01 3.9252E-01 3.8873E-01 3.8235E-01 4.0942E-01 4.4375E-01 4.7791E-01 5.1010E-01 5.4390E-01 5.8139E-01 6.1321E-01 6.4317E-01 6.7116E-01 6.9709E-01 7.1674E-01 7.3098E-01 8.0748E-01 8.9504E-01 9.8311E-01 1.0699E+00 1.1527E+00 1.2282E+00 1.2934E+00 1.3451E+00 1.3806E+00 1.3976E+00 1.3944E+00 1.3785E+00 1.3720E+00 1.3509E+00 1.3519E+00 1.4282E+00 1.4924E+00 1.5425E+00 1.5768E+00 1.5946E+00 1.5958E+00 1.5804E+00 1.5492E+00 1.5035E+00 1.4450E+00 1.3757E+00 1.2980E+00 1.2168E+00
2.1548E-01 2.3480E-01 2.5324E-01 2.7104E-01 2.8841E-01 3.0496E-01 3.2051E-01 3.3383E-01 3.4533E-01 3.5623E-01 3.6307E-01 3.6753E-01 3.6964E-01 3.6927E-01 3.6633E-01 3.6087E-01 3.6317E-01 3.9359E-01 4.2576E-01 4.5740E-01 4.8700E-01 5.1633E-01 5.4562E-01 5.7938E-01 6.0577E-01 6.2938E-01 6.4995E-01 6.6612E-01 7.3199E-01 8.1099E-01 8.9542E-01 9.7672E-01 1.0552E+00 1.1287E+00 1.1945E+00 1.2498E+00 1.2917E+00 1.3179E+00 1.3266E+00 1.3166E+00 1.2944E+00 1.2844E+00 1.2617E+00 1.2882E+00 1.3614E+00 1.4233E+00 1.4723E+00 1.5070E+00 1.5268E+00 1.5311E+00 1.5198E+00 1.4938E+00 1.4541E+00 1.4022E+00 1.3395E+00 1.2680E+00 1.1902E+00
2.1185E-01 2.2900E-01 2.4743E-01 2.6401E-01 2.7996E-01 2.9481E-01 3.0856E-01 3.2035E-01 3.2983E-01 3.3732E-01 3.4224E-01 3.4601E-01 3.4620E-01 3.4412E-01 3.3972E-01 3.3307E-01 3.5784E-01 3.8554E-01 4.1293E-01 4.3930E-01 4.6412E-01 4.8959E-01 5.1526E-01 5.4015E-01 5.6835E-01 5.8872E-01 6.0554E-01 6.6973E-01 7.4012E-01 8.1243E-01 8.8715E-01 9.6397E-01 1.0347E+00 1.0991E+00 1.1555E+00 1.2015E+00 1.2346E+00 1.2528E+00 1.2548E+00 1.2400E+00 1.2084E+00 1.1908E+00 1.1679E+00 1.2258E+00 1.2957E+00 1.3553E+00 1.4034E+00 1.4386E+00 1.4599E+00 1.4667E+00 1.4592E+00 1.4377E+00 1.4025E+00 1.3554E+00 1.2981E+00 1.2321E+00 1.1504E+00
2.0678E-01 2.2235E-01 2.3981E-01 2.5508E-01 2.6961E-01 2.8283E-01 2.9484E-01 3.0499E-01 3.1271E-01 3.1841E-01 3.2130E-01 3.2229E-01 3.2220E-01 3.1875E-01 3.1324E-01 3.2816E-01 3.5387E-01 3.7923E-01 4.0414E-01 4.2802E-01 4.5018E-01 4.7007E-01 4.8710E-01 5.0671E-01 5.2585E-01 5.5069E-01 6.1189E-01 6.7623E-01 7.4274E-01 8.1012E-01 8.7699E-01 9.4330E-01 1.0088E+00 1.0652E+00 1.1127E+00 1.1501E+00 1.1751E+00 1.1863E+00 1.1825E+00 1.1635E+00 1.1298E+00 1.1126E+00 1.0907E+00 1.1649E+00 1.2317E+00 1.2895E+00 1.3368E+00 1.3721E+00 1.3945E+00 1.4033E+00 1.3979E+00 1.3781E+00 1.3444E+00 1.3002E+00 1.2379E+00 1.1787E+00 1.1134E+00
2.0019E-01 2.1477E-01 2.2915E-01 2.4456E-01 2.5752E-01 2.6934E-01 2.7965E-01 2.8820E-01 2.9443E-01 2.9863E-01 3.0014E-01 2.9936E-01 2.9669E-01 2.9230E-01 2.9646E-01 3.2095E-01 3.4782E-01 3.7124E-01 3.9372E-01 4.1482E-01 4.3441E-01 4.5168E-01 4.6608E-01 4.7714E-01 5.0323E-01 5.5850E-01 6.1694E-01 6.7781E-01 7.4008E-01 8.0245E-01 8.6345E-01 9.2145E-01 9.7549E-01 1.0274E+00 1.0667E+00 1.0967E+00 1.1146E+00 1.1196E+00 1.1111E+00 1.0888E+00 1.0534E+00 1.0384E+00 1.0356E+00 1.1061E+00 1.1702E+00 1.2260E+00 1.2721E+00 1.3070E+00 1.3258E+00 1.3305E+00 1.3232E+00 1.2952E+00 1.2663E+00 1.2281E+00 1.1810E+00 1.1275E+00 1.0668E+00
1.9256E-01 2.0584E-01 2.1889E-01 2.3174E-01 2.4431E-01 2.5466E-01 2.6353E-01 2.7047E-01 2.7530E-01 2.7799E-01 2.7859E-01 2.7683E-01 2.7317E-01 2.7049E-01 2.9244E-01 3.1433E-01 3.3708E-01 3.6136E-01 3.8171E-01 4.0053E-01 4.1729E-01 4.3200E-01 4.4397E-01 4.5573E-01 5.0945E-01 5.6234E-01 6.1767E-01 6.7474E-01 7.3252E-01 7.8977E-01 8.4505E-01 8.9678E-01 9.4331E-01 9.8295E-01 1.0152E+00 1.0382E+00 1.0535E+00 1.0532E+00 1.0412E+00 1.0166E+00 9.8038E-01 9.6432E-01 9.7187E-01 1.0390E+00 1.0983E+00 1.1478E+00 1.1871E+00 1.2155E+00 1.2327E+00 1.2389E+00 1.2343E+00 1.2199E+00 1.1954E+00 1.1619E+00 1.1192E+00 1.0714E+00 1.0187E+00
1.8393E-01 1.9606E-01 2.0777E-01 2.1891E-01 2.2897E-01 2.3918E-01 2.4649E-01 2.5215E-01 2.5579E-01 2.5737E-01 2.5711E-01 2.5457E-01 2.5038E-01 2.6604E-01 2.8666E-01 3.0710E-01 3.2690E-01 3.4708E-01 3.6816E-01 3.8494E-01 3.9953E-01 4.1165E-01 4.2119E-01 4.6101E-01 5.0837E-01 5.6231E-01 6.1434E-01 6.6741E-01 7.2057E-01 7.7263E-01 8.2228E-01 8.6801E-01 9.0832E-01 9.4173E-01 9.6697E-01 9.8296E-01 9.8962E-01 9.8470E-01 9.6964E-01 9.4288E-01 9.1034E-01 8.9365E-01 9.1225E-01 9.7144E-01 1.0242E+00 1.0685E+00 1.1042E+00 1.1310E+00 1.1488E+00 1.1566E+00 1.1541E+00 1.1424E+00 1.1222E+00 1.0935E+00 1.0576E+00 1.0129E+00 9.6573E-01
1.7441E-01 1.8551E-01 1.9593E-01 2.0589E-01 2.1452E-01 2.2191E-01 2.2928E-01 2.3373E-01 2.3633E-01 2.3685E-01 2.3598E-01 2.3294E-01 2.4103E-01 2.6011E-01 2.7928E-01 2.9824E-01 3.1649E-01 3.3367E-01 3.5057E-01 3.6811E-01 3.8079E-01 3.9100E-01 4.2045E-01 4.6290E-01 5.0754E-01 5.5514E-01 6.0699E-01 6.5622E-01 7.0474E-01 7.5168E-01 7.9583E-01 8.3584E-01 8.7034E-01 8.9807E-01 9.1795E-01 9.2905E-01 9.3075E-01 9.2259E-01 9.0478E-01 8.7718E-01 8.4178E-01 8.2638E-01 8.5064E-01 9.0399E-01 9.5180E-01 9.9277E-01 1.0268E+00 1.0533E+00 1.0705E+00 1.0791E+00 1.0792E+00 1.0705E+00 1.0521E+00 1.0255E+00 9.9408E-01 9.5599E-01 9.1416E-01
1.6431E-01 1.7433E-01 1.8369E-01 1.9221E-01 1.9987E-01 2.0600E-01 2.1088E-01 2.1433E-01 2.1702E-01 2.1694E-01 2.1523E-01 2.1673E-01 2.3515E-01 2.5299E-01 2.7063E-01 2.8791E-01 3.0464E-01 3.2027E-01 3.3442E-01 3.4726E-01 3.6128E-01 3.8236E-01 4.2081E-01 4.6143E-01 5.0384E-01 5.4749E-01 5.9295E-01 6.4101E-01 6.8524E-01 7.2754E-01 7.6644E-01 8.0106E-01 8.3020E-01 8.5276E-01 8.6785E-01 8.7475E-01 8.7301E-01 8.6233E-01 8.4292E-01 8.1527E-01 7.8673E-01 7.7608E-01 7.8690E-01 8.3689E-01 8.8110E-01 9.2004E-01 9.5222E-01 9.7723E-01 9.9509E-01 1.0045E+00 1.0055E+00 9.9730E-01 9.8328E-01 9.6233E-01 9.3428E-01 9.0044E-01 8.6630E-01
1.5390E-01 1.6282E-01 1.7113E-01 1.7864E-01 1.8514E-01 1.9028E-01 1.9396E-01 1.9624E-01 1.9714E-01 1.9662E-01 2.0922E-01 2.0613E-01 2.2592E-01 2.4459E-01 2.6090E-01 2.7666E-01 2.9161E-01 3.0566E-01 3.1836E-01 3.2928E-01 3.4681E-01 3.8140E-01 4.1815E-01 4.5676E-01 4.9678E-01 5.3762E-01 5.7864E-01 6.1969E-01 6.6271E-01 7.0000E-01 7.3441E-01 7.6437E-01 7.8861E-01 8.0656E-01 8.1744E-01 8.2072E-01 8.1614E-01 8.0356E-01 7.8317E-01 7.5551E-01 7.4141E-01 7.3158E-01 7.3112E-01 7.7665E-01 8.1782E-01 8.5436E-01 8.8449E-01 9.0833E-01 9.2545E-01 9.3493E-01 9.3685E-01 9.3187E-01 9.1909E-01 8.9960E-01 8.7472E-01 8.4514E-01 8.2361E-01
1.4336E-01 1.5125E-01 1.5852E-01 1.6499E-01 1.7068E-01 1.7483E-01 1.7780E-01 1.7927E-01 1.7953E-01 1.7815E-01 1.9918E-01 2.2142E-01 2.1172E-01 2.3074E-01 2.4924E-01 2.6445E-01 2.7799E-01 2.9035E-01 3.0142E-01 3.1159E-01 3.4499E-01 3.7796E-01 4.1278E-01 4.4913E-01 4.8657E-01 5.2453E-01 5.6236E-01 5.9924E-01 6.3483E-01 6.6817E-01 7.0034E-01 7.2557E-01 7.4592E-01 7.6010E-01 7.6736E-01 7.6758E-01 7.6070E-01 7.4669E-01 7.2580E-01 7.0103E-01 6.9699E-01 6.8779E-01 6.8036E-01 7.2183E-01 7.5982E-01 7.9334E-01 8.2164E-01 8.4402E-01 8.6001E-01 8.6958E-01 8.7195E-01 8.6721E-01 8.5636E-01 8.3984E-01 8.1693E-01 7.9621E-01 7.7733E-01
1.3188E-01 1.3980E-01 1.4611E-01 1.5164E-01 1.5632E-01 1.5995E-01 1.6209E-01 1.6307E-01 1.6300E-01 1.6300E-01 1.8542E-01 2.0927E-01 2.2965E-01 2.1382E-01 2.3130E-01 2.4861E-01 2.6364E-01 2.7464E-01 2.8427E-01 3.0919E-01 3.3893E-01 3.7221E-01 4.0494E-01 4.3893E-01 4.7368E-01 5.0866E-01 5.4326E-01 5.7673E-01 6.0821E-01 6.3670E-01 6.6200E-01 6.8642E-01 7.0246E-01 7.1310E-01 7.1785E-01 7.1585E-01 7.0715E-01 6.9215E-01 6.7112E-01 6.5730E-01 6.5307E-01 6.4452E-01 6.3146E-01 6.6972E-01 7.0481E-01 7.3605E-01 7.6237E-01 7.8356E-01 7.9857E-01 8.0734E-01 8.0982E-01 8.0589E-01 7.9627E-01 7.8062E-01 7.6534E-01 7.5434E-01 7.3695E-01
1.2164E-01 1.2768E-01 1.3407E-01 1.3876E-01 1.4264E-01 1.4562E-01 1.4731E-01 1.4771E-01 1.4718E-01 1.5099E-01 1.7141E-01 1.9293E-01 2.1544E-01 2.3342E-01 2.1258E-01 2.2811E-01 2.4354E-01 2.5740E-01 2.7885E-01 3.0480E-01 3.3281E-01 3.6437E-01 3.9496E-01 4.2641E-01 4.5842E-01 4.9049E-01 5.2189E-01 5.5198E-01 5.8004E-01 6.0526E-01 6.2650E-01 6.4350E-01 6.5662E-01 6.6436E-01 6.6886E-01 6.6509E-01 6.5561E-01 6.4020E-01 6.1934E-01 6.1023E-01 6.0629E-01 5.9805E-01 5.8714E-01 6.2166E-01 6.5444E-01 6.8343E-01 7.0769E-01 7.2698E-01 7.4068E-01 7.4875E-01 7.4555E-01 7.4290E-01 7.3454E-01 7.2741E-01 7.2322E-01 7.1302E-01 6.9697E-01
1.1279E-01 1.1712E-01 1.2151E-01 1.2562E-01 1.2961E-01 1.3206E-01 1.3331E-01 1.3348E-01 1.3814E-01 1.4427E-01 1.5724E-01 1.7663E-01 1.9672E-01 2.1735E-01 2.3253E-01 2.0912E-01 2.2924E-01 2.5092E-01 2.7420E-01 2.9885E-01 3.2481E-01 3.5240E-01 3.8307E-01 4.1212E-01 4.4132E-01 4.7028E-01 4.9859E-01 5.2557E-01 5.5037E-01 5.7237E-01 5.9079E-01 6.0476E-01 6.1425E-01 6.1880E-01 6.1874E-01 6.1334E-01 6.0257E-01 5.8762E-01 5.6879E-01 5.6875E-01 5.6509E-01 5.5809E-01 5.4809E-01 5.7299E-01 6.0263E-01 6.2870E-01 6.5091E-01 6.6859E-01 6.8153E-01 6.8971E-01 6.9260E-01 6.9007E-01 6.8359E-01 6.8515E-01 6.8121E-01 6.7176E-01 6.5699E-01
1.1035E-01 1.1308E-01 1.1577E-01 1.1851E-01 1.2129E-01 1.2407E-01 1.2688E-01 1.2970E-01 1.3377E-01 1.3996E-01 1.4597E-01 1.6048E-01 1.7838E-01 1.9657E-01 2.1491E-01 2.2706E-01 2.2513E-01 2.4576E-01 2.6776E-01 2.9112E-01 3.1566E-01 3.4121E-01 3.6727E-01 3.9616E-01 4.2278E-01 4.4891E-01 4.7405E-01 4.9778E-01 5.1954E-01 5.3870E-01 5.5444E-01 5.6598E-01 5.7309E-01 5.7571E-01 5.7365E-01 5.6691E-01 5.5561E-01 5.4012E-01 5.2849E-01 5.2847E-01 5.2502E-01 5.1853E-01 5.0928E-01 5.3202E-01 5.5881E-01 5.8262E-01 6.0316E-01 6.1985E-01 6.3200E-01 6.3905E-01 6.4152E-01 6.3878E-01 6.4207E-01 6.4339E-01 6.3968E-01 6.3096E-01 6.1737E-01
