20201013_calpuff_aermod_lapmod/results/calpuff_area_sources_szinit_0/rank(88)_odor_1hr_conc.grd
DSAA
         101         101
     737.625     742.625
    5081.125    5086.125
  0.4222E-01  0.1333E+03
[rows 75 to 99 of 101, columns 0 to 56 of 101]
1.2409E-01 1.2897E-01 1.3337E-01 1.3856E-01 1.4379E-01 1.4637E-01 1.5111E-01 1.5622E-01 1.6506E-01 1.6961E-01 1.7314E-01 1.8145E-01 1.8862E-01 1.9523E-01 2.0003E-01 2.0465E-01 2.0938E-01 2.1782E-01 2.2370E-01 2.3545E-01 2.3266E-01 2.4891E-01 2.5986E-01 2.6589E-01 2.7675E-01 2.8068E-01 2.7904E-01 2.9086E-01 3.0271E-01 3.1955E-01 3.2933E-01 3.3768E-01 3.5133E-01 3.7897E-01 3.9140E-01 4.0739E-01 4.1231E-01 4.2724E-01 4.5103E-01 4.6728E-01 4.8779E-01 4.9555E-01 5.2893E-01 5.5740E-01 5.5423E-01 5.7995E-01 6.1562E-01 6.4932E-01 6.5704E-01 7.1785E-01 7.3577E-01 7.3181E-01 7.4874E-01 7.3534E-01 7.1398E-01 7.0508E-01 7.2382E-01
1.1579E-01 1.2096E-01 1.2532E-01 1.2762E-01 1.3323E-01 1.3796E-01 1.4413E-01 1.5095E-01 1.5607E-01 1.6287E-01 1.6653E-01 1.7310E-01 1.7774E-01 1.8325E-01 1.8874E-01 1.9640E-01 2.0180E-01 2.0787E-01 2.1396E-01 2.1123E-01 2.2736E-01 2.3447E-01 2.4393E-01 2.5056E-01 2.5687E-01 2.5540E-01 2.6366E-01 2.7362E-01 2.8467E-01 2.9860E-01 3.1316E-01 3.1657E-01 3.4204E-01 3.5606E-01 3.6201E-01 3.6982E-01 3.8710E-01 4.0698E-01 4.1901E-01 4.4528E-01 4.6468E-01 4.7267E-01 4.8299E-01 5.0832E-01 5.2500E-01 5.3851E-01 5.6582E-01 6.0073E-01 6.1566E-01 6.6543E-01 6.8968E-01 6.7236E-01 6.8965E-01 6.7759E-01 6.5533E-01 6.5206E-01 6.3757E-01
1.0977E-01 1.1391E-01 1.1765E-01 1.2336E-01 1.2575E-01 1.2996E-01 1.3784E-01 1.4175E-01 1.4724E-01 1.5208E-01 1.5740E-01 1.6434E-01 1.6968E-01 1.7141E-01 1.8118E-01 1.8607E-01 1.8930E-01 1.9491E-01 1.9431E-01 2.0815E-01 2.1535E-01 2.1910E-01 2.2895E-01 2.3468E-01 2.3317E-01 2.3994E-01 2.5068E-01 2.5821E-01 2.6666E-01 2.7123E-01 2.8363E-01 3.0574E-01 3.2583E-01 3.3466E-01 3.3404E-01 3.4457E-01 3.6161E-01 3.7537E-01 3.9930E-01 4.1365E-01 4.2629E-01 4.4720E-01 4.5322E-01 4.7527E-01 4.8700E-01 4.9671E-01 5.1936E-01 5.5482E-01 5.6999E-01 6.2160E-01 6.3001E-01 6.1603E-01 6.4788E-01 6.1639E-01 5.9422E-01 5.9012E-01 5.9442E-01
1.0717E-01 1.0957E-01 1.1206E-01 1.1607E-01 1.2108E-01 1.2753E-01 1.3219E-01 1.3555E-01 1.3909E-01 1.4527E-01 1.5305E-01 1.5781E-01 1.6016E-01 1.6841E-01 1.7095E-01 1.7389E-01 1.7716E-01 1.7854E-01 1.8725E-01 1.9438E-01 2.0122E-01 2.0648E-01 2.1160E-01 2.1300E-01 2.1839E-01 2.2895E-01 2.3732E-01 2.4332E-01 2.4793E-01 2.6187E-01 2.7493E-01 2.9856E-01 3.0848E-01 3.1035E-01 3.1745E-01 3.2906E-01 3.4566E-01 3.5519E-01 3.7732E-01 3.9351E-01 4.1108E-01 4.1442E-01 4.3557E-01 4.3709E-01 4.4803E-01 4.6990E-01 4.9204E-01 5.1365E-01 5.3778E-01 5.9148E-01 5.9400E-01 5.7190E-01 5.9132E-01 5.6168E-01 5.5869E-01 5.5984E-01 5.5729E-01
9.9902E-02 1.0230E-01 1.0813E-01 1.1212E-01 1.1643E-01 1.1884E-01 1.2086E-01 1.2563E-01 1.3187E-01 1.4099E-01 1.4563E-01 1.5164E-01 1.5535E-01 1.5520E-01 1.6036E-01 1.6408E-01 1.6586E-01 1.7455E-01 1.7940E-01 1.8593E-01 1.8644E-01 1.9123E-01 1.9530E-01 2.0068E-01 2.1002E-01 2.1239E-01 2.2084E-01 2.2934E-01 2.3805E-01 2.5012E-01 2.6756E-01 2.8445E-01 2.9382E-01 2.9459E-01 2.9797E-01 3.0531E-01 3.2042E-01 3.3711E-01 3.5711E-01 3.6584E-01 3.8147E-01 3.9254E-01 3.9280E-01 4.0981E-01 4.1740E-01 4.3792E-01 4.5891E-01 4.8729E-01 5.1084E-01 5.4015E-01 5.6429E-01 5.4635E-01 5.4988E-01 5.2540E-01 5.2863E-01 5.2096E-01 5.2708E-01
9.3379E-02 9.6958E-02 1.0127E-01 1.0487E-01 1.0859E-01 1.1232E-01 1.1743E-01 1.2299E-01 1.2933E-01 1.3406E-01 1.3963E-01 1.4661E-01 1.4722E-01 1.4803E-01 1.5183E-01 1.5333E-01 1.6023E-01 1.6277E-01 1.6776E-01 1.7067E-01 1.7277E-01 1.7869E-01 1.8479E-01 1.9444E-01 1.9459E-01 1.9852E-01 2.0968E-01 2.2007E-01 2.2968E-01 2.3763E-01 2.5978E-01 2.7287E-01 2.7649E-01 2.7457E-01 2.8027E-01 2.8171E-01 3.0118E-01 3.2182E-01 3.4512E-01 3.5160E-01 3.6081E-01 3.5841E-01 3.7202E-01 3.8530E-01 3.9721E-01 4.0912E-01 4.3465E-01 4.4799E-01 4.7286E-01 5.0589E-01 5.2524E-01 5.0834E-01 5.1617E-01 4.9507E-01 4.9466E-01 4.8945E-01 4.8282E-01
8.9438E-02 9.1360E-02 9.6357E-02 1.0026E-01 1.0524E-01 1.0874E-01 1.1193E-01 1.1720E-01 1.2261E-01 1.2866E-01 1.3417E-01 1.3653E-01 1.3886E-01 1.3950E-01 1.4094E-01 1.4611E-01 1.5022E-01 1.5234E-01 1.5615E-01 1.6055E-01 1.6478E-01 1.7081E-01 1.7880E-01 1.8298E-01 1.8551E-01 1.9241E-01 1.9919E-01 2.0894E-01 2.2338E-01 2.3714E-01 2.5184E-01 2.6212E-01 2.6201E-01 2.6195E-01 2.6244E-01 2.6276E-01 2.9136E-01 3.0198E-01 3.2112E-01 3.3212E-01 3.4166E-01 3.4121E-01 3.4232E-01 3.6229E-01 3.6826E-01 3.7572E-01 3.9716E-01 4.2305E-01 4.3830E-01 4.7179E-01 4.8858E-01 4.6403E-01 4.7622E-01 4.7090E-01 4.6756E-01 4.6080E-01 4.3344E-01
8.5660E-02 8.8943E-02 9.2767E-02 9.7743E-02 1.0032E-01 1.0396E-01 1.0930E-01 1.1209E-01 1.1897E-01 1.2306E-01 1.2698E-01 1.2917E-01 1.3014E-01 1.3178E-01 1.3358E-01 1.3639E-01 1.3893E-01 1.4391E-01 1.4924E-01 1.5249E-01 1.5865E-01 1.6353E-01 1.6739E-01 1.7148E-01 1.7598E-01 1.8298E-01 1.8973E-01 1.9979E-01 2.1283E-01 2.2727E-01 2.4164E-01 2.4999E-01 2.5022E-01 2.5032E-01 2.4755E-01 2.6301E-01 2.7056E-01 2.9142E-01 3.0346E-01 3.1594E-01 3.2556E-01 3.2199E-01 3.2150E-01 3.3165E-01 3.4114E-01 3.4780E-01 3.7220E-01 4.0016E-01 4.1200E-01 4.3661E-01 4.4180E-01 4.4202E-01 4.4346E-01 4.3843E-01 4.3192E-01 4.2366E-01 4.1387E-01
8.3110E-02 8.5289E-02 8.8367E-02 9.1783E-02 9.6858E-02 1.0135E-01 1.0323E-01 1.0765E-01 1.1020E-01 1.1220E-01 1.1644E-01 1.1792E-01 1.2355E-01 1.2545E-01 1.2623E-01 1.2730E-01 1.3114E-01 1.3615E-01 1.4090E-01 1.4367E-01 1.4991E-01 1.5290E-01 1.5845E-01 1.6495E-01 1.7073E-01 1.7680E-01 1.8353E-01 1.9065E-01 2.0826E-01 2.1501E-01 2.3008E-01 2.2619E-01 2.3584E-01 2.3047E-01 2.3904E-01 2.5272E-01 2.5769E-01 2.7853E-01 2.9470E-01 2.9586E-01 3.0031E-01 3.0781E-01 3.0377E-01 3.1130E-01 3.1488E-01 3.2239E-01 3.5486E-01 3.7512E-01 3.8560E-01 4.0458E-01 4.1443E-01 4.0462E-01 4.1589E-01 4.1399E-01 4.0333E-01 4.1204E-01 3.8709E-01
7.8577E-02 8.0553E-02 8.4864E-02 8.9109E-02 9.2960E-02 9.4886E-02 9.7797E-02 1.0200E-01 1.0401E-01 1.0710E-01 1.0951E-01 1.1370E-01 1.1510E-01 1.1633E-01 1.1966E-01 1.2260E-01 1.2660E-01 1.2881E-01 1.3295E-01 1.3618E-01 1.4141E-01 1.4953E-01 1.5355E-01 1.5548E-01 1.6392E-01 1.7019E-01 1.7834E-01 1.8443E-01 1.9647E-01 1.9955E-01 2.1364E-01 2.1558E-01 2.1934E-01 2.2399E-01 2.2878E-01 2.3891E-01 2.4972E-01 2.6714E-01 2.7259E-01 2.7558E-01 2.7844E-01 2.8344E-01 2.8609E-01 2.9124E-01 2.9271E-01 3.0778E-01 3.3230E-01 3.5313E-01 3.6087E-01 3.6989E-01 3.8265E-01 3.7989E-01 3.9897E-01 3.9189E-01 3.8038E-01 3.8019E-01 3.6024E-01
7.4950E-02 7.8839E-02 8.0851E-02 8.5898E-02 8.6529E-02 8.9619E-02 9.3640E-02 9.7550E-02 9.9724E-02 1.0222E-01 1.0277E-01 1.0643E-01 1.0754E-01 1.1114E-01 1.1400E-01 1.1666E-01 1.2083E-01 1.2282E-01 1.2655E-01 1.2947E-01 1.3524E-01 1.4335E-01 1.4388E-01 1.5461E-01 1.5922E-01 1.6596E-01 1.7111E-01 1.8143E-01 1.8219E-01 1.9245E-01 1.9941E-01 1.9784E-01 2.0515E-01 2.1225E-01 2.1711E-01 2.2872E-01 2.3970E-01 2.5075E-01 2.5181E-01 2.6292E-01 2.6381E-01 2.6783E-01 2.7046E-01 2.7494E-01 2.7610E-01 2.9398E-01 3.1820E-01 3.2587E-01 3.3373E-01 3.4336E-01 3.4409E-01 3.5583E-01 3.6721E-01 3.6802E-01 3.5418E-01 3.4358E-01 3.3596E-01
7.2101E-02 7.4034E-02 7.6115E-02 7.9975E-02 8.3408E-02 8.6964E-02 8.9326E-02 9.1532E-02 9.3028E-02 9.4340E-02 9.6385E-02 1.0054E-01 1.0394E-01 1.0585E-01 1.0877E-01 1.1125E-01 1.1480E-01 1.1954E-01 1.2223E-01 1.2477E-01 1.2829E-01 1.3543E-01 1.3975E-01 1.4806E-01 1.5477E-01 1.6136E-01 1.6511E-01 1.7255E-01 1.7029E-01 1.8566E-01 1.8400E-01 1.8593E-01 1.9590E-01 2.0294E-01 2.1000E-01 2.1748E-01 2.2915E-01 2.3557E-01 2.3889E-01 2.4904E-01 2.4434E-01 2.5019E-01 2.5611E-01 2.5846E-01 2.6474E-01 2.8105E-01 2.9955E-01 3.0343E-01 3.0751E-01 3.2505E-01 3.2241E-01 3.3559E-01 3.4344E-01 3.3750E-01 3.3122E-01 3.2467E-01 3.2160E-01
6.9074E-02 7.1117E-02 7.4185E-02 7.7675E-02 8.0717E-02 8.2561E-02 8.4880E-02 8.5691E-02 8.7704E-02 9.0487E-02 9.3911E-02 9.6319E-02 9.8413E-02 1.0137E-01 1.0396E-01 1.0708E-01 1.1163E-01 1.1441E-01 1.1652E-01 1.2098E-01 1.2334E-01 1.2835E-01 1.3611E-01 1.4040E-01 1.5039E-01 1.5403E-01 1.5889E-01 1.6031E-01 1.6294E-01 1.6865E-01 1.7340E-01 1.8399E-01 1.8947E-01 1.9505E-01 2.0020E-01 2.0711E-01 2.1677E-01 2.2428E-01 2.2584E-01 2.2516E-01 2.2851E-01 2.3594E-01 2.4112E-01 2.4485E-01 2.5132E-01 2.6751E-01 2.8052E-01 2.8098E-01 2.8249E-01 2.9573E-01 3.0315E-01 3.1274E-01 3.2360E-01 3.1836E-01 3.0700E-01 3.0675E-01 3.0521E-01
6.6488E-02 6.8711E-02 7.1386E-02 7.3989E-02 7.5996E-02 7.8155E-02 8.1223E-02 8.3039E-02 8.5421E-02 8.7811E-02 9.0351E-02 9.2340E-02 9.4925E-02 9.5442E-02 9.9385E-02 1.0411E-01 1.0677E-01 1.1011E-01 1.0976E-01 1.1561E-01 1.1922E-01 1.2313E-01 1.3133E-01 1.3489E-01 1.4275E-01 1.4564E-01 1.5266E-01 1.5332E-01 1.5570E-01 1.6337E-01 1.6627E-01 1.7657E-01 1.7962E-01 1.8236E-01 1.8966E-01 1.9447E-01 2.0580E-01 2.0897E-01 2.0861E-01 2.0972E-01 2.1037E-01 2.1865E-01 2.2650E-01 2.2948E-01 2.3655E-01 2.4692E-01 2.5868E-01 2.6031E-01 2.6367E-01 2.7481E-01 2.8323E-01 2.9478E-01 3.0518E-01 3.0315E-01 2.9444E-01 2.9050E-01 2.8514E-01
6.3788E-02 6.6135E-02 6.7952E-02 7.0770E-02 7.2744E-02 7.4882E-02 7.7497E-02 7.9463E-02 8.1545E-02 8.4694E-02 8.7131E-02 8.8390E-02 8.7907E-02 9.2153E-02 9.6501E-02 9.9753E-02 1.0279E-01 1.0407E-01 1.0678E-01 1.0922E-01 1.1209E-01 1.1807E-01 1.2112E-01 1.2766E-01 1.3615E-01 1.4355E-01 1.4137E-01 1.4398E-01 1.4935E-01 1.5317E-01 1.6187E-01 1.6259E-01 1.6769E-01 1.7577E-01 1.8419E-01 1.8684E-01 1.9488E-01 1.9061E-01 1.9196E-01 1.9651E-01 1.9817E-01 2.0807E-01 2.1516E-01 2.1577E-01 2.2408E-01 2.3199E-01 2.3803E-01 2.4230E-01 2.4585E-01 2.5489E-01 2.6832E-01 2.7903E-01 2.8808E-01 2.8403E-01 2.7935E-01 2.7097E-01 2.6879E-01
6.2266E-02 6.2318E-02 6.4587E-02 6.7085E-02 6.8465E-02 7.0963E-02 7.4541E-02 7.6147E-02 7.8738E-02 8.0601E-02 8.2144E-02 8.2733E-02 8.5917E-02 8.9414E-02 9.3347E-02 9.6030E-02 9.8427E-02 1.0068E-01 1.0366E-01 1.0564E-01 1.1047E-01 1.1382E-01 1.1861E-01 1.2339E-01 1.2931E-01 1.3168E-01 1.3446E-01 1.4052E-01 1.4428E-01 1.4648E-01 1.5313E-01 1.5585E-01 1.5871E-01 1.6715E-01 1.7157E-01 1.7836E-01 1.7770E-01 1.7935E-01 1.8017E-01 1.8389E-01 1.8696E-01 1.9570E-01 2.0117E-01 2.0499E-01 2.1154E-01 2.1667E-01 2.1904E-01 2.2408E-01 2.2540E-01 2.3920E-01 2.5344E-01 2.6267E-01 2.7224E-01 2.6869E-01 2.6175E-01 2.5013E-01 2.5058E-01
5.8040E-02 5.9579E-02 6.2144E-02 6.4231E-02 6.5713E-02 6.8261E-02 7.1223E-02 7.3310E-02 7.3546E-02 7.6105E-02 7.7739E-02 7.9827E-02 8.2761E-02 8.7282E-02 8.8612E-02 9.2474E-02 9.3122E-02 9.6482E-02 9.9857E-02 1.0340E-01 1.0611E-01 1.0981E-01 1.1248E-01 1.1797E-01 1.2391E-01 1.2479E-01 1.3212E-01 1.3455E-01 1.3677E-01 1.4210E-01 1.4367E-01 1.4599E-01 1.5375E-01 1.5663E-01 1.5942E-01 1.6516E-01 1.6548E-01 1.6848E-01 1.7087E-01 1.7465E-01 1.7890E-01 1.8133E-01 1.8792E-01 1.9266E-01 1.9744E-01 1.9931E-01 2.0334E-01 2.0923E-01 2.1278E-01 2.2296E-01 2.4582E-01 2.5038E-01 2.5658E-01 2.5259E-01 2.4607E-01 2.3564E-01 2.3815E-01
5.5796E-02 5.7724E-02 5.9673E-02 6.1645E-02 6.3343E-02 6.5066E-02 6.7462E-02 6.9797E-02 7.0779E-02 7.3514E-02 7.4670E-02 7.7795E-02 8.0001E-02 8.3318E-02 8.5746E-02 8.8455E-02 9.1719E-02 9.4642E-02 9.5500E-02 9.9088E-02 1.0234E-01 1.0484E-01 1.0795E-01 1.1181E-01 1.1670E-01 1.2037E-01 1.2224E-01 1.2515E-01 1.2926E-01 1.3429E-01 1.3738E-01 1.4129E-01 1.4712E-01 1.4631E-01 1.5095E-01 1.5306E-01 1.5766E-01 1.5804E-01 1.6343E-01 1.6670E-01 1.6921E-01 1.7290E-01 1.7816E-01 1.8365E-01 1.8382E-01 1.8479E-01 1.8885E-01 1.9669E-01 1.9992E-01 2.1286E-01 2.2706E-01 2.3507E-01 2.4240E-01 2.3364E-01 2.3415E-01 2.2414E-01 2.2747E-01
5.4960E-02 5.6405E-02 5.7102E-02 5.9057E-02 6.1642E-02 6.3556E-02 6.4638E-02 6.7067E-02 6.9021E-02 7.1098E-02 7.3085E-02 7.5334E-02 7.7269E-02 8.1095E-02 8.1741E-02 8.4590E-02 8.6508E-02 8.9163E-02 9.1567E-02 9.3689E-02 9.6795E-02 1.0042E-01 1.0393E-01 1.0690E-01 1.1254E-01 1.1318E-01 1.1550E-01 1.1847E-01 1.2344E-01 1.2767E-01 1.3131E-01 1.3413E-01 1.3724E-01 1.3761E-01 1.4199E-01 1.4595E-01 1.4815E-01 1.5016E-01 1.5531E-01 1.5704E-01 1.6012E-01 1.6414E-01 1.6534E-01 1.7116E-01 1.7352E-01 1.7594E-01 1.7905E-01 1.8473E-01 1.9078E-01 2.0205E-01 2.1237E-01 2.2152E-01 2.2418E-01 2.1631E-01 2.1222E-01 2.1259E-01 2.1053E-01
5.2594E-02 5.4111E-02 5.5122E-02 5.7297E-02 5.8983E-02 6.0833E-02 6.2792E-02 6.5421E-02 6.7046E-02 6.9590E-02 7.1503E-02 7.3482E-02 7.5528E-02 7.8046E-02 7.9707E-02 8.0880E-02 8.2433E-02 8.4874E-02 8.7535E-02 8.8868E-02 9.2283E-02 9.6050E-02 1.0026E-01 1.0436E-01 1.0633E-01 1.0810E-01 1.1012E-01 1.1077E-01 1.1785E-01 1.2172E-01 1.2530E-01 1.2774E-01 1.3056E-01 1.3189E-01 1.3542E-01 1.3782E-01 1.3883E-01 1.4426E-01 1.4624E-01 1.5020E-01 1.5159E-01 1.5582E-01 1.5756E-01 1.6017E-01 1.6326E-01 1.6775E-01 1.6986E-01 1.7429E-01 1.8039E-01 1.9250E-01 2.0262E-01 2.0868E-01 2.0957E-01 1.9856E-01 1.9981E-01 2.0129E-01 1.9956E-01
5.1077E-02 5.2040E-02 5.4096E-02 5.4851E-02 5.6417E-02 5.7879E-02 6.0221E-02 6.2115E-02 6.4223E-02 6.7608E-02 6.9486E-02 7.1686E-02 7.3282E-02 7.4833E-02 7.5926E-02 7.7127E-02 7.7564E-02 8.0294E-02 8.2785E-02 8.6845E-02 8.9404E-02 9.2886E-02 9.6493E-02 9.9524E-02 1.0220E-01 1.0324E-01 1.0465E-01 1.0551E-01 1.1251E-01 1.1623E-01 1.1887E-01 1.2168E-01 1.2467E-01 1.2703E-01 1.2766E-01 1.2853E-01 1.3237E-01 1.3556E-01 1.3799E-01 1.4298E-01 1.4455E-01 1.4571E-01 1.4972E-01 1.5199E-01 1.5442E-01 1.5873E-01 1.5754E-01 1.6256E-01 1.6936E-01 1.8243E-01 1.8929E-01 1.9616E-01 1.9535E-01 1.8560E-01 1.9180E-01 1.8961E-01 1.8861E-01
4.8897E-02 5.0254E-02 5.1694E-02 5.2513E-02 5.4015E-02 5.5204E-02 5.6460E-02 5.8909E-02 6.0654E-02 6.4809E-02 6.6721E-02 6.7481E-02 6.9991E-02 7.1754E-02 7.2207E-02 7.2867E-02 7.4016E-02 7.6736E-02 7.9089E-02 8.3406E-02 8.5993E-02 8.9480E-02 9.2193E-02 9.5733E-02 9.7247E-02 9.9640E-02 9.9502E-02 1.0258E-01 1.0731E-01 1.1202E-01 1.1307E-01 1.1708E-01 1.1995E-01 1.1678E-01 1.2048E-01 1.2164E-01 1.2549E-01 1.2811E-01 1.3205E-01 1.3580E-01 1.3679E-01 1.3989E-01 1.4267E-01 1.4358E-01 1.4563E-01 1.5037E-01 1.4956E-01 1.5259E-01 1.5974E-01 1.6833E-01 1.7350E-01 1.8047E-01 1.8350E-01 1.7342E-01 1.7642E-01 1.7796E-01 1.7793E-01
4.6707E-02 4.7699E-02 4.8611E-02 5.0538E-02 5.1739E-02 5.2887E-02 5.4204E-02 5.6559E-02 5.8938E-02 6.2885E-02 6.4048E-02 6.4957E-02 6.4679E-02 6.6461E-02 6.8736E-02 7.0111E-02 7.1919E-02 7.4117E-02 7.6834E-02 7.9890E-02 8.3049E-02 8.6386E-02 8.8098E-02 9.0825E-02 9.4187E-02 9.4101E-02 9.5097E-02 9.9439E-02 1.0321E-01 1.0592E-01 1.0836E-01 1.1082E-01 1.1139E-01 1.1186E-01 1.1286E-01 1.1455E-01 1.1951E-01 1.2277E-01 1.2482E-01 1.2748E-01 1.3109E-01 1.3054E-01 1.3547E-01 1.3477E-01 1.3700E-01 1.3887E-01 1.4299E-01 1.4309E-01 1.4828E-01 1.5761E-01 1.6221E-01 1.7083E-01 1.7265E-01 1.6384E-01 1.6169E-01 1.6673E-01 1.7017E-01
4.5149E-02 4.6043E-02 4.7317E-02 4.8676E-02 4.9197E-02 5.0826E-02 5.2048E-02 5.4150E-02 5.5443E-02 5.7797E-02 6.1109E-02 6.0926E-02 6.2483E-02 6.4635E-02 6.6151E-02 6.8253E-02 7.0443E-02 7.2164E-02 7.3379E-02 7.6764E-02 8.0904E-02 8.3036E-02 8.4774E-02 8.6253E-02 9.0190E-02 8.9808E-02 9.2002E-02 9.5551E-02 9.9723E-02 1.0202E-01 1.0309E-01 1.0385E-01 1.0507E-01 1.0637E-01 1.0749E-01 1.0911E-01 1.1291E-01 1.1641E-01 1.1808E-01 1.1990E-01 1.2600E-01 1.2331E-01 1.2825E-01 1.3034E-01 1.2957E-01 1.3342E-01 1.3391E-01 1.3631E-01 1.4002E-01 1.4814E-01 1.5084E-01 1.6020E-01 1.5991E-01 1.5484E-01 1.5522E-01 1.6065E-01 1.5817E-01
4.3937E-02 4.4676E-02 4.5499E-02 4.6474E-02 4.7320E-02 4.8719E-02 5.0175E-02 5.2148E-02 5.4123E-02 5.5838E-02 5.7628E-02 5.9348E-02 6.0677E-02 6.2595E-02 6.3433E-02 6.4853E-02 6.6316E-02 6.6908E-02 7.1406E-02 7.3298E-02 7.5948E-02 7.9705E-02 8.2523E-02 8.3898E-02 8.3885E-02 8.6417E-02 8.7344E-02 9.2446E-02 9.3545E-02 9.6489E-02 9.7076E-02 9.7571E-02 1.0008E-01 1.0002E-01 1.0219E-01 1.0418E-01 1.0749E-01 1.1022E-01 1.1180E-01 1.1591E-01 1.1805E-01 1.1754E-01 1.2137E-01 1.2571E-01 1.2540E-01 1.2537E-01 1.2780E-01 1.2910E-01 1.3257E-01 1.3952E-01 1.4422E-01 1.4919E-01 1.5030E-01 1.4703E-01 1.4989E-01 1.5281E-01 1.4780E-01
