20201013_calpuff_aermod_lapmod/results/calpuff_area_sources_szinit_0/rank(1)_odor_1hr_conc.grd
DSAA
         101         101
     737.625     742.625
    5081.125    5086.125
  0.1076E+00  0.1506E+03
[rows 50 to 74 of 101, columns 0 to 56 of 101]
6.9777E-01 7.4661E-01 7.9607E-01 8.4744E-01 9.0060E-01 9.5920E-01 1.0153E+00 1.0738E+00 1.1327E+00 1.1921E+00 1.2533E+00 1.3140E+00 1.3774E+00 1.4546E+00 1.5248E+00 1.5990E+00 1.6750E+00 1.7539E+00 1.8371E+00 1.9263E+00 2.0203E+00 2.1427E+00 2.2587E+00 2.3832E+00 2.5222E+00 2.6803E+00 2.8544E+00 3.0360E+00 3.2347E+00 3.5221E+00 3.7983E+00 4.1705E+00 4.5570E+00 5.1075E+00 6.5519E+00 6.7809E+00 6.8081E+00 6.9113E+00 6.9544E+00 7.3791E+00 7.6434E+00 8.4434E+00 9.7148E+00 1.1464E+01 1.5789E+01 2.1154E+01 2.5259E+01 3.0431E+01 3.1894E+01 3.2994E+01 3.0977E+01 2.9102E+01 2.5744E+01 2.0438E+01 1.3904E+01 9.8613E+00 8.2941E+00
7.1667E-01 7.5546E-01 7.9323E-01 8.2941E-01 8.7453E-01 9.3084E-01 9.8509E-01 1.0411E+00 1.0978E+00 1.1553E+00 1.2141E+00 1.2728E+00 1.3342E+00 1.4089E+00 1.4767E+00 1.5487E+00 1.6223E+00 1.6985E+00 1.7798E+00 1.8665E+00 1.9579E+00 2.0786E+00 2.1906E+00 2.3127E+00 2.4500E+00 2.6058E+00 2.7781E+00 2.9556E+00 3.1589E+00 3.4934E+00 3.7127E+00 3.9501E+00 4.2427E+00 4.8742E+00 6.1306E+00 6.2441E+00 6.3182E+00 6.3704E+00 6.5606E+00 7.0741E+00 7.9138E+00 9.0190E+00 1.0307E+01 1.2617E+01 1.7778E+01 2.3782E+01 2.9396E+01 3.4541E+01 4.8349E+01 5.6832E+01 4.3755E+01 3.1454E+01 2.8884E+01 2.2110E+01 1.6315E+01 1.0945E+01 8.2280E+00
7.4561E-01 7.8718E-01 8.2784E-01 8.6702E-01 9.1104E-01 9.4867E-01 9.8472E-01 1.0187E+00 1.0542E+00 1.1093E+00 1.1649E+00 1.2209E+00 1.2791E+00 1.3496E+00 1.4137E+00 1.4820E+00 1.5514E+00 1.6235E+00 1.7004E+00 1.8057E+00 1.9419E+00 2.0617E+00 2.1625E+00 2.2534E+00 2.3503E+00 2.4801E+00 2.6430E+00 2.8087E+00 3.0075E+00 3.3087E+00 3.5198E+00 3.7463E+00 4.0261E+00 4.4354E+00 5.2762E+00 5.3704E+00 5.5310E+00 5.6925E+00 6.0818E+00 6.8036E+00 7.6899E+00 8.9296E+00 1.0424E+01 1.3338E+01 1.9054E+01 2.3884E+01 2.9140E+01 4.1450E+01 7.5729E+01 1.5061E+02 6.1698E+01 3.4354E+01 2.8594E+01 2.2101E+01 1.6362E+01 1.1426E+01 8.3253E+00
7.6880E-01 8.1271E-01 8.5583E-01 9.0158E-01 9.4481E-01 9.8543E-01 1.0247E+00 1.0621E+00 1.0972E+00 1.1297E+00 1.1664E+00 1.1993E+00 1.2304E+00 1.2788E+00 1.3382E+00 1.4001E+00 1.4652E+00 1.5316E+00 1.6459E+00 1.7797E+00 1.9117E+00 2.0275E+00 2.1256E+00 2.2158E+00 2.3120E+00 2.4111E+00 2.5248E+00 2.6847E+00 2.8169E+00 3.0396E+00 3.2339E+00 3.4331E+00 3.6752E+00 3.9676E+00 4.3539E+00 4.7646E+00 5.0299E+00 5.3858E+00 5.7972E+00 6.5202E+00 7.4114E+00 8.5327E+00 9.8381E+00 1.2410E+01 1.7661E+01 2.4085E+01 2.8827E+01 3.8773E+01 6.9929E+01 9.7084E+01 5.4004E+01 3.2206E+01 2.7405E+01 2.2192E+01 1.5802E+01 1.0949E+01 8.7971E+00
7.8558E-01 8.3131E-01 8.7636E-01 9.2513E-01 9.6996E-01 1.0130E+00 1.0548E+00 1.0949E+00 1.1329E+00 1.1683E+00 1.2093E+00 1.2450E+00 1.2800E+00 1.3152E+00 1.3493E+00 1.3832E+00 1.4182E+00 1.4837E+00 1.6208E+00 1.7411E+00 1.8667E+00 1.9767E+00 2.0703E+00 2.1575E+00 2.2508E+00 2.3468E+00 2.4572E+00 2.6124E+00 2.7403E+00 2.8818E+00 3.0491E+00 3.2628E+00 3.5400E+00 3.8529E+00 4.2019E+00 4.5720E+00 4.7998E+00 5.1713E+00 5.6644E+00 6.3877E+00 7.3702E+00 8.5087E+00 9.8036E+00 1.1796E+01 1.7164E+01 2.2526E+01 2.5795E+01 2.9989E+01 4.2564E+01 4.5897E+01 3.5477E+01 2.7956E+01 2.4487E+01 1.9910E+01 1.4753E+01 1.0368E+01 8.5295E+00
7.9547E-01 8.4244E-01 8.8881E-01 9.3931E-01 9.8566E-01 1.0303E+00 1.0741E+00 1.1162E+00 1.1562E+00 1.1938E+00 1.2374E+00 1.2757E+00 1.3142E+00 1.3518E+00 1.3890E+00 1.4261E+00 1.4648E+00 1.5168E+00 1.5645E+00 1.6905E+00 1.8081E+00 1.9105E+00 1.9978E+00 2.0801E+00 2.1683E+00 2.2587E+00 2.3629E+00 2.5089E+00 2.6286E+00 2.7606E+00 2.9157E+00 3.1136E+00 3.3519E+00 3.6165E+00 3.9047E+00 4.2061E+00 4.5802E+00 5.0159E+00 5.6881E+00 6.4586E+00 7.3381E+00 8.2589E+00 9.4226E+00 1.1008E+01 1.4342E+01 1.9072E+01 2.2787E+01 2.5565E+01 2.6329E+01 2.7278E+01 2.7283E+01 2.3920E+01 2.1721E+01 1.7570E+01 1.3096E+01 9.8083E+00 8.2675E+00
7.9815E-01 8.4572E-01 8.9276E-01 9.4419E-01 9.9137E-01 1.0369E+00 1.0817E+00 1.1250E+00 1.1662E+00 1.2050E+00 1.2501E+00 1.2901E+00 1.3302E+00 1.3697E+00 1.4087E+00 1.4475E+00 1.4884E+00 1.5431E+00 1.5934E+00 1.6462E+00 1.7389E+00 1.8304E+00 1.9098E+00 1.9857E+00 2.0669E+00 2.1497E+00 2.2334E+00 2.3778E+00 2.4856E+00 2.6041E+00 2.7948E+00 3.0292E+00 3.2927E+00 3.5889E+00 3.9116E+00 4.2463E+00 4.5816E+00 5.0097E+00 5.6089E+00 6.2850E+00 7.0846E+00 7.9182E+00 8.8170E+00 1.0032E+01 1.1829E+01 1.5316E+01 1.9913E+01 2.2289E+01 2.3468E+01 2.4381E+01 2.2575E+01 2.1097E+01 1.7539E+01 1.3413E+01 1.0555E+01 9.2445E+00 8.0999E+00
7.9351E-01 8.4102E-01 8.8804E-01 9.3960E-01 9.8683E-01 1.0324E+00 1.0774E+00 1.1209E+00 1.1624E+00 1.2015E+00 1.2469E+00 1.2873E+00 1.3280E+00 1.3678E+00 1.4072E+00 1.4462E+00 1.4876E+00 1.5427E+00 1.5932E+00 1.6463E+00 1.7010E+00 1.7617E+00 1.8289E+00 1.9224E+00 2.0111E+00 2.0817E+00 2.1639E+00 2.2934E+00 2.4435E+00 2.6410E+00 2.8319E+00 3.0502E+00 3.2913E+00 3.5580E+00 3.8449E+00 4.1330E+00 4.4060E+00 4.8226E+00 5.3061E+00 5.9317E+00 6.5580E+00 7.1578E+00 7.8813E+00 8.6875E+00 1.0215E+01 1.2200E+01 1.5745E+01 1.6876E+01 1.8921E+01 1.9458E+01 1.7417E+01 1.5896E+01 1.3885E+01 1.0510E+01 9.2920E+00 8.0997E+00 7.3998E+00
7.8165E-01 8.2844E-01 8.7474E-01 9.2562E-01 9.7213E-01 1.0169E+00 1.0613E+00 1.1040E+00 1.1448E+00 1.1833E+00 1.2278E+00 1.2674E+00 1.3066E+00 1.3461E+00 1.3845E+00 1.4222E+00 1.4622E+00 1.5154E+00 1.5639E+00 1.6146E+00 1.6665E+00 1.7232E+00 1.7861E+00 1.8591E+00 1.9528E+00 2.0664E+00 2.1876E+00 2.3152E+00 2.4450E+00 2.6335E+00 2.8009E+00 2.9923E+00 3.2000E+00 3.4237E+00 3.6575E+00 3.9445E+00 4.2874E+00 4.6228E+00 4.9962E+00 5.3473E+00 5.8087E+00 6.3585E+00 7.0061E+00 8.2537E+00 9.4100E+00 1.0289E+01 1.1731E+01 1.2460E+01 1.3781E+01 1.4015E+01 1.2963E+01 1.1396E+01 1.0111E+01 9.0954E+00 8.4107E+00 7.5702E+00 6.5968E+00
7.6285E-01 8.0828E-01 8.5321E-01 9.0262E-01 9.4765E-01 9.9090E-01 1.0337E+00 1.0749E+00 1.1141E+00 1.1509E+00 1.1934E+00 1.2310E+00 1.2682E+00 1.3054E+00 1.3415E+00 1.3765E+00 1.4134E+00 1.4625E+00 1.5068E+00 1.5528E+00 1.6118E+00 1.6928E+00 1.7777E+00 1.8665E+00 1.9630E+00 2.0671E+00 2.1771E+00 2.2916E+00 2.4069E+00 2.5692E+00 2.7076E+00 2.8648E+00 3.0310E+00 3.2168E+00 3.4957E+00 3.7860E+00 4.0629E+00 4.3157E+00 4.5337E+00 4.8475E+00 5.1905E+00 5.7914E+00 6.7162E+00 7.6351E+00 8.4077E+00 8.8426E+00 9.4442E+00 9.8741E+00 9.7986E+00 9.5766E+00 9.3552E+00 8.7974E+00 8.6533E+00 8.2039E+00 7.3856E+00 6.8145E+00 6.0924E+00
7.3759E-01 7.8108E-01 8.2403E-01 8.7123E-01 9.1364E-01 9.5508E-01 9.9553E-01 1.0343E+00 1.0711E+00 1.1055E+00 1.1449E+00 1.1796E+00 1.2135E+00 1.2500E+00 1.2912E+00 1.3295E+00 1.3761E+00 1.4170E+00 1.4747E+00 1.5397E+00 1.6233E+00 1.6983E+00 1.7761E+00 1.8566E+00 1.9416E+00 2.0330E+00 2.1284E+00 2.2261E+00 2.3229E+00 2.4257E+00 2.5633E+00 2.6809E+00 2.8644E+00 3.0855E+00 3.3140E+00 3.5446E+00 3.7520E+00 3.9224E+00 4.1351E+00 4.3149E+00 4.8755E+00 5.5606E+00 6.2609E+00 6.9021E+00 7.3708E+00 7.6354E+00 8.2122E+00 8.4625E+00 8.4345E+00 8.2093E+00 8.0353E+00 7.6295E+00 7.3828E+00 7.1617E+00 6.5595E+00 5.9624E+00 5.4634E+00
7.0653E-01 7.4756E-01 7.8797E-01 8.3234E-01 8.7189E-01 9.1055E-01 9.5081E-01 9.9139E-01 1.0311E+00 1.0745E+00 1.1136E+00 1.1512E+00 1.1871E+00 1.2220E+00 1.2579E+00 1.3110E+00 1.3657E+00 1.4210E+00 1.4766E+00 1.5368E+00 1.6127E+00 1.6803E+00 1.7492E+00 1.8191E+00 1.8898E+00 1.9673E+00 2.0457E+00 2.1243E+00 2.2000E+00 2.2686E+00 2.4054E+00 2.5598E+00 2.7279E+00 2.9032E+00 3.0800E+00 3.2482E+00 3.3913E+00 3.5725E+00 3.7913E+00 4.2298E+00 4.6806E+00 5.2931E+00 5.7943E+00 6.2081E+00 6.4888E+00 6.7260E+00 7.1694E+00 7.3810E+00 7.5006E+00 7.3270E+00 7.1078E+00 6.8622E+00 6.6652E+00 6.3844E+00 5.9647E+00 5.3995E+00 4.9796E+00
6.8815E-01 7.2904E-01 7.7379E-01 8.1485E-01 8.5570E-01 8.9584E-01 9.3631E-01 9.7456E-01 1.0115E+00 1.0510E+00 1.0862E+00 1.1197E+00 1.1600E+00 1.2100E+00 1.2602E+00 1.3118E+00 1.3624E+00 1.4127E+00 1.4630E+00 1.5158E+00 1.5705E+00 1.6405E+00 1.6989E+00 1.7569E+00 1.8142E+00 1.8745E+00 1.9346E+00 1.9929E+00 2.0467E+00 2.1646E+00 2.2775E+00 2.4278E+00 2.5559E+00 2.6872E+00 2.8108E+00 2.9423E+00 3.0963E+00 3.4205E+00 3.8025E+00 4.1726E+00 4.5278E+00 4.8939E+00 5.3161E+00 5.5510E+00 5.7454E+00 6.0113E+00 6.4300E+00 6.5267E+00 6.6314E+00 6.4970E+00 6.3199E+00 6.1872E+00 5.9900E+00 5.8025E+00 5.4444E+00 4.9935E+00 4.6258E+00
6.7908E-01 7.1853E-01 7.6115E-01 8.0027E-01 8.3881E-01 8.7646E-01 9.1265E-01 9.4923E-01 9.8230E-01 1.0137E+00 1.0614E+00 1.1066E+00 1.1591E+00 1.2054E+00 1.2517E+00 1.2979E+00 1.3442E+00 1.3889E+00 1.4329E+00 1.4775E+00 1.5219E+00 1.5812E+00 1.6282E+00 1.6737E+00 1.7170E+00 1.7584E+00 1.8016E+00 1.8728E+00 1.9652E+00 2.0601E+00 2.1555E+00 2.2390E+00 2.3609E+00 2.4506E+00 2.5636E+00 2.7305E+00 3.0609E+00 3.4026E+00 3.7416E+00 4.0603E+00 4.3374E+00 4.5911E+00 4.7907E+00 4.9865E+00 5.0999E+00 5.4919E+00 5.7939E+00 5.8505E+00 5.8536E+00 5.7462E+00 5.6621E+00 5.6101E+00 5.3842E+00 5.2771E+00 5.0171E+00 4.6537E+00 4.2927E+00
6.6515E-01 7.0268E-01 7.4273E-01 7.7959E-01 8.1545E-01 8.5021E-01 8.8327E-01 9.2152E-01 9.6672E-01 1.0110E+00 1.0554E+00 1.0987E+00 1.1414E+00 1.1893E+00 1.2309E+00 1.2717E+00 1.3124E+00 1.3506E+00 1.3875E+00 1.4221E+00 1.4579E+00 1.4928E+00 1.5407E+00 1.5734E+00 1.6028E+00 1.6385E+00 1.7125E+00 1.7908E+00 1.8660E+00 1.9374E+00 2.0118E+00 2.0727E+00 2.1559E+00 2.2488E+00 2.4444E+00 2.7272E+00 3.0261E+00 3.3298E+00 3.6246E+00 3.8933E+00 4.1156E+00 4.2953E+00 4.3944E+00 4.4039E+00 4.7550E+00 5.1316E+00 5.2907E+00 5.2550E+00 5.2038E+00 5.1144E+00 5.0388E+00 5.0600E+00 4.8598E+00 4.7132E+00 4.5492E+00 4.2865E+00 4.0747E+00
6.4666E-01 6.8196E-01 7.1620E-01 7.5339E-01 7.8631E-01 8.2376E-01 8.7175E-01 9.1500E-01 9.5788E-01 9.9955E-01 1.0410E+00 1.0809E+00 1.1181E+00 1.1623E+00 1.1988E+00 1.2338E+00 1.2674E+00 1.2995E+00 1.3285E+00 1.3553E+00 1.3816E+00 1.4038E+00 1.4282E+00 1.4605E+00 1.5093E+00 1.5717E+00 1.6317E+00 1.6937E+00 1.7520E+00 1.8049E+00 1.8502E+00 1.8995E+00 1.9688E+00 2.1941E+00 2.4345E+00 2.6869E+00 2.9513E+00 3.2148E+00 3.4650E+00 3.6870E+00 3.8627E+00 3.9910E+00 4.0380E+00 4.1209E+00 4.5275E+00 4.7962E+00 4.8825E+00 4.8297E+00 4.7557E+00 4.4807E+00 4.6493E+00 4.7058E+00 4.5856E+00 4.3593E+00 4.2156E+00 4.0183E+00 3.8869E+00
6.2410E-01 6.5692E-01 6.8856E-01 7.2233E-01 7.5221E-01 8.1008E-01 8.6032E-01 9.0126E-01 9.4129E-01 9.7999E-01 1.0179E+00 1.0535E+00 1.0872E+00 1.1197E+00 1.1567E+00 1.1856E+00 1.2124E+00 1.2377E+00 1.2593E+00 1.2776E+00 1.2935E+00 1.3075E+00 1.3214E+00 1.3880E+00 1.4412E+00 1.4930E+00 1.5401E+00 1.5847E+00 1.6282E+00 1.6641E+00 1.6911E+00 1.7468E+00 1.9281E+00 2.1837E+00 2.4014E+00 2.6240E+00 2.8519E+00 3.0734E+00 3.2785E+00 3.4539E+00 3.5849E+00 3.6713E+00 3.6838E+00 3.9450E+00 4.2625E+00 4.4545E+00 4.4882E+00 4.4863E+00 4.4094E+00 4.1669E+00 4.3024E+00 4.3992E+00 4.3357E+00 4.1360E+00 3.9789E+00 3.8421E+00 3.7407E+00
5.9781E-01 6.2786E-01 6.5703E-01 6.8441E-01 7.2840E-01 7.8948E-01 8.4126E-01 8.8032E-01 9.1739E-01 9.5295E-01 9.8628E-01 1.0185E+00 1.0480E+00 1.0737E+00 1.1060E+00 1.1289E+00 1.1491E+00 1.1664E+00 1.1816E+00 1.1921E+00 1.1997E+00 1.2172E+00 1.2658E+00 1.3213E+00 1.3641E+00 1.4043E+00 1.4404E+00 1.4710E+00 1.4980E+00 1.5201E+00 1.6020E+00 1.7284E+00 1.9056E+00 2.1036E+00 2.3429E+00 2.5429E+00 2.7329E+00 2.9163E+00 3.0801E+00 3.2136E+00 3.3060E+00 3.3580E+00 3.4253E+00 3.7475E+00 3.9895E+00 4.1198E+00 4.1150E+00 4.1804E+00 4.1085E+00 3.8978E+00 3.9809E+00 4.0857E+00 4.0666E+00 3.9230E+00 3.7478E+00 3.6577E+00 3.5725E+00
5.6789E-01 5.9600E-01 6.2236E-01 6.4677E-01 7.0381E-01 7.5922E-01 8.1397E-01 8.5381E-01 8.8740E-01 9.1931E-01 9.4874E-01 9.7662E-01 1.0011E+00 1.0227E+00 1.0425E+00 1.0652E+00 1.0791E+00 1.0897E+00 1.0971E+00 1.1015E+00 1.1206E+00 1.1600E+00 1.2016E+00 1.2366E+00 1.2806E+00 1.3103E+00 1.3354E+00 1.3549E+00 1.3874E+00 1.4716E+00 1.5715E+00 1.7259E+00 1.8879E+00 2.0539E+00 2.2570E+00 2.4355E+00 2.6037E+00 2.7513E+00 2.8791E+00 2.9778E+00 3.0376E+00 3.0609E+00 3.2848E+00 3.5397E+00 3.7199E+00 3.8029E+00 3.8445E+00 3.9007E+00 3.8361E+00 3.6525E+00 3.6747E+00 3.7763E+00 3.7810E+00 3.6856E+00 3.5126E+00 3.4583E+00 3.3882E+00
5.3663E-01 5.6118E-01 5.8495E-01 6.1764E-01 6.7407E-01 7.2618E-01 7.7993E-01 8.2120E-01 8.5143E-01 8.7986E-01 9.0548E-01 9.2817E-01 9.4882E-01 9.6597E-01 9.7868E-01 9.9034E-01 1.0045E+00 1.0090E+00 1.0097E+00 1.0300E+00 1.0660E+00 1.0988E+00 1.1294E+00 1.1597E+00 1.1818E+00 1.2133E+00 1.2290E+00 1.2763E+00 1.3519E+00 1.4588E+00 1.5954E+00 1.7375E+00 1.8841E+00 2.0300E+00 2.1692E+00 2.3094E+00 2.4550E+00 2.5816E+00 2.6842E+00 2.7514E+00 2.7860E+00 2.8938E+00 3.1378E+00 3.3358E+00 3.4655E+00 3.5107E+00 3.5927E+00 3.6389E+00 3.5816E+00 3.4227E+00 3.3849E+00 3.4823E+00 3.4992E+00 3.4401E+00 3.3051E+00 3.2521E+00 3.1979E+00
5.0346E-01 5.2503E-01 5.4605E-01 5.8783E-01 6.4052E-01 6.9064E-01 7.3851E-01 7.8259E-01 8.1146E-01 8.3549E-01 8.5765E-01 8.7614E-01 8.9141E-01 9.0425E-01 9.1313E-01 9.1755E-01 9.2713E-01 9.2612E-01 9.4573E-01 9.7689E-01 1.0074E+00 1.0334E+00 1.0571E+00 1.0772E+00 1.0951E+00 1.1046E+00 1.1634E+00 1.2403E+00 1.3393E+00 1.4625E+00 1.6044E+00 1.7344E+00 1.8622E+00 1.9862E+00 2.1007E+00 2.1981E+00 2.2705E+00 2.4024E+00 2.4848E+00 2.5373E+00 2.5531E+00 2.7701E+00 2.9947E+00 3.1475E+00 3.2355E+00 3.2487E+00 3.3646E+00 3.4034E+00 3.3538E+00 3.2170E+00 3.1205E+00 3.2143E+00 3.2409E+00 3.2024E+00 3.1056E+00 3.0471E+00 3.0072E+00
4.6887E-01 4.8838E-01 5.1091E-01 5.5617E-01 6.0482E-01 6.5197E-01 6.9594E-01 7.3565E-01 7.6714E-01 7.8810E-01 8.0618E-01 8.2085E-01 8.3203E-01 8.4058E-01 8.4455E-01 8.4534E-01 8.4242E-01 8.6511E-01 8.9425E-01 9.2114E-01 9.4372E-01 9.6588E-01 9.8289E-01 9.9711E-01 1.0121E+00 1.0720E+00 1.1376E+00 1.2418E+00 1.3511E+00 1.4636E+00 1.5969E+00 1.7147E+00 1.8270E+00 1.9292E+00 2.0177E+00 2.0893E+00 2.1355E+00 2.1853E+00 2.2540E+00 2.3300E+00 2.4807E+00 2.6753E+00 2.8300E+00 2.9405E+00 2.9956E+00 3.0570E+00 3.1609E+00 3.1946E+00 3.1516E+00 3.0336E+00 2.8838E+00 2.9726E+00 3.0058E+00 2.9857E+00 2.9149E+00 2.8356E+00 2.8099E+00
4.3340E-01 4.5129E-01 4.8330E-01 5.2363E-01 5.6750E-01 6.1157E-01 6.5186E-01 6.8816E-01 7.1903E-01 7.3816E-01 7.5198E-01 7.6345E-01 7.7086E-01 7.7464E-01 7.7569E-01 7.7206E-01 7.8207E-01 8.1550E-01 8.4079E-01 8.6290E-01 8.8108E-01 8.9533E-01 9.0898E-01 9.3204E-01 9.8378E-01 1.0535E+00 1.1483E+00 1.2481E+00 1.3513E+00 1.4557E+00 1.5609E+00 1.6789E+00 1.7760E+00 1.8609E+00 1.9283E+00 1.9740E+00 1.9967E+00 2.0179E+00 2.0620E+00 2.2236E+00 2.4000E+00 2.5619E+00 2.6952E+00 2.7744E+00 2.8106E+00 2.8926E+00 2.9854E+00 3.0144E+00 2.9767E+00 2.8737E+00 2.7115E+00 2.7622E+00 2.8006E+00 2.7916E+00 2.7377E+00 2.6419E+00 2.6306E+00
3.9790E-01 4.1998E-01 4.5521E-01 4.9143E-01 5.3037E-01 5.7000E-01 6.0660E-01 6.3930E-01 6.6535E-01 6.8591E-01 6.9730E-01 7.0442E-01 7.0908E-01 7.0955E-01 7.0633E-01 7.1048E-01 7.3627E-01 7.5911E-01 7.8615E-01 8.0333E-01 8.1798E-01 8.2785E-01 8.5667E-01 9.0376E-01 9.7260E-01 1.0592E+00 1.1499E+00 1.2437E+00 1.3398E+00 1.4355E+00 1.5280E+00 1.6161E+00 1.7117E+00 1.7802E+00 1.8307E+00 1.8588E+00 1.8607E+00 1.8618E+00 1.9930E+00 2.1572E+00 2.3313E+00 2.4785E+00 2.5830E+00 2.6349E+00 2.6274E+00 2.7127E+00 2.7946E+00 2.8212E+00 2.7909E+00 2.7040E+00 2.5654E+00 2.5380E+00 2.5724E+00 2.5735E+00 2.5308E+00 2.4658E+00 2.4611E+00
3.6352E-01 3.9494E-01 4.2661E-01 4.5948E-01 4.9327E-01 5.2821E-01 5.6126E-01 5.9053E-01 6.1404E-01 6.2885E-01 6.4204E-01 6.4630E-01 6.4707E-01 6.4535E-01 6.4141E-01 6.6645E-01 6.8888E-01 7.0859E-01 7.2535E-01 7.4458E-01 7.5485E-01 7.8541E-01 8.2757E-01 8.8572E-01 9.7308E-01 1.0563E+00 1.1426E+00 1.2303E+00 1.3177E+00 1.4038E+00 1.4856E+00 1.5597E+00 1.6246E+00 1.6908E+00 1.7261E+00 1.7397E+00 1.7286E+00 1.7862E+00 1.9453E+00 2.1170E+00 2.2678E+00 2.3876E+00 2.4672E+00 2.4988E+00 2.4771E+00 2.5824E+00 2.6580E+00 2.6842E+00 2.6592E+00 2.5840E+00 2.4625E+00 2.3603E+00 2.4004E+00 2.4055E+00 2.3768E+00 2.3132E+00 2.2728E+00
