20201013_calpuff_aermod_lapmod/results/calpuff_area_sources_szinit_0/rank(88)_odor_1hr_conc.grd
DSAA
         101         101
     737.625     742.625
    5081.125    5086.125
  0.4222E-01  0.1333E+03
[rows 25 to 49 of 101, columns 0 to 56 of 101]
3.7783E-01 4.0155E-01 4.2808E-01 4.5579E-01 4.8331E-01 5.1334E-01 5.2888E-01 5.6045E-01 5.7895E-01 5.9958E-01 6.1941E-01 6.4105E-01 6.6808E-01 6.8881E-01 7.1526E-01 7.4498E-01 7.6177E-01 7.8464E-01 8.0600E-01 8.3971E-01 8.7372E-01 9.1271E-01 9.5681E-01 9.9184E-01 1.0143E+00 1.0515E+00 1.0843E+00 1.1048E+00 1.1212E+00 1.1518E+00 1.1846E+00 1.2021E+00 1.2281E+00 1.2572E+00 1.2884E+00 1.3077E+00 1.3370E+00 1.3514E+00 1.3705E+00 1.4184E+00 1.4177E+00 1.4508E+00 1.4820E+00 1.4810E+00 1.4739E+00 1.4517E+00 1.4461E+00 1.4404E+00 1.4204E+00 1.4003E+00 1.3842E+00 1.3993E+00 1.4251E+00 1.4542E+00 1.4671E+00 1.4979E+00 1.5098E+00
3.8394E-01 4.0396E-01 4.2980E-01 4.4878E-01 4.8032E-01 5.0896E-01 5.3928E-01 5.5957E-01 5.8461E-01 6.1524E-01 6.3351E-01 6.5017E-01 6.6943E-01 6.9823E-01 7.3448E-01 7.5875E-01 7.8284E-01 8.0710E-01 8.2986E-01 8.6514E-01 8.8953E-01 9.3168E-01 9.7254E-01 1.0058E+00 1.0489E+00 1.0665E+00 1.1079E+00 1.1391E+00 1.1727E+00 1.1861E+00 1.2257E+00 1.2555E+00 1.2729E+00 1.3025E+00 1.3362E+00 1.3645E+00 1.3818E+00 1.3967E+00 1.4305E+00 1.4699E+00 1.4992E+00 1.5156E+00 1.5523E+00 1.5561E+00 1.5567E+00 1.5376E+00 1.5240E+00 1.5109E+00 1.4980E+00 1.4793E+00 1.4552E+00 1.4748E+00 1.4890E+00 1.5229E+00 1.5560E+00 1.5724E+00 1.5740E+00
3.8753E-01 4.1209E-01 4.3208E-01 4.5393E-01 4.7812E-01 5.0215E-01 5.2833E-01 5.6290E-01 5.8920E-01 6.1503E-01 6.3995E-01 6.6579E-01 6.8431E-01 7.1610E-01 7.4015E-01 7.6805E-01 8.0261E-01 8.2772E-01 8.5557E-01 8.7387E-01 9.1446E-01 9.4311E-01 9.8407E-01 1.0158E+00 1.0658E+00 1.1066E+00 1.1344E+00 1.1783E+00 1.2131E+00 1.2370E+00 1.2716E+00 1.3105E+00 1.3328E+00 1.3505E+00 1.3950E+00 1.4198E+00 1.4410E+00 1.4689E+00 1.4975E+00 1.5243E+00 1.5626E+00 1.5815E+00 1.6170E+00 1.6435E+00 1.6425E+00 1.6228E+00 1.6012E+00 1.5882E+00 1.5853E+00 1.5637E+00 1.5285E+00 1.5544E+00 1.5699E+00 1.5981E+00 1.6357E+00 1.6405E+00 1.6522E+00
3.8559E-01 4.1469E-01 4.3720E-01 4.6373E-01 4.8665E-01 5.0779E-01 5.2977E-01 5.4886E-01 5.8498E-01 6.1646E-01 6.4675E-01 6.7216E-01 6.9471E-01 7.2374E-01 7.5812E-01 7.7963E-01 8.0826E-01 8.3458E-01 8.7110E-01 8.9919E-01 9.2761E-01 9.6089E-01 9.9195E-01 1.0377E+00 1.0741E+00 1.1247E+00 1.1692E+00 1.1980E+00 1.2354E+00 1.2834E+00 1.3197E+00 1.3562E+00 1.3989E+00 1.4174E+00 1.4378E+00 1.4959E+00 1.5159E+00 1.5365E+00 1.5568E+00 1.6119E+00 1.6315E+00 1.6514E+00 1.6963E+00 1.7309E+00 1.7306E+00 1.7099E+00 1.6871E+00 1.6819E+00 1.6735E+00 1.6455E+00 1.6152E+00 1.6453E+00 1.6637E+00 1.6845E+00 1.7205E+00 1.7125E+00 1.7264E+00
3.9127E-01 4.1767E-01 4.4084E-01 4.6504E-01 4.9474E-01 5.1710E-01 5.3634E-01 5.5669E-01 5.7786E-01 6.0718E-01 6.4620E-01 6.7176E-01 7.1403E-01 7.3259E-01 7.5711E-01 7.8672E-01 8.1695E-01 8.4665E-01 8.7446E-01 9.1936E-01 9.5024E-01 9.7970E-01 1.0105E+00 1.0551E+00 1.0969E+00 1.1355E+00 1.1964E+00 1.2391E+00 1.2718E+00 1.3170E+00 1.3691E+00 1.4031E+00 1.4378E+00 1.4862E+00 1.4992E+00 1.5415E+00 1.5869E+00 1.6070E+00 1.6406E+00 1.6784E+00 1.7036E+00 1.7407E+00 1.7656E+00 1.8064E+00 1.8104E+00 1.7988E+00 1.7884E+00 1.7733E+00 1.7701E+00 1.7400E+00 1.7136E+00 1.7414E+00 1.7748E+00 1.7854E+00 1.8024E+00 1.8048E+00 1.7944E+00
3.9858E-01 4.2623E-01 4.5068E-01 4.7470E-01 4.9800E-01 5.2223E-01 5.4921E-01 5.6982E-01 5.8612E-01 6.1527E-01 6.3380E-01 6.7806E-01 7.0436E-01 7.3540E-01 7.6843E-01 7.9275E-01 8.1979E-01 8.5391E-01 8.8837E-01 9.2005E-01 9.6093E-01 9.9629E-01 1.0332E+00 1.0683E+00 1.1106E+00 1.1545E+00 1.2085E+00 1.2679E+00 1.3108E+00 1.3583E+00 1.4017E+00 1.4536E+00 1.4956E+00 1.5370E+00 1.5706E+00 1.6123E+00 1.6557E+00 1.7127E+00 1.7090E+00 1.7514E+00 1.7859E+00 1.8395E+00 1.8438E+00 1.8888E+00 1.9103E+00 1.8983E+00 1.8959E+00 1.8754E+00 1.8670E+00 1.8461E+00 1.8249E+00 1.8471E+00 1.8866E+00 1.8915E+00 1.8781E+00 1.8869E+00 1.8661E+00
3.9405E-01 4.2339E-01 4.4840E-01 4.7600E-01 5.0224E-01 5.2839E-01 5.5235E-01 5.7570E-01 5.9863E-01 6.2164E-01 6.4472E-01 6.7486E-01 6.9872E-01 7.2712E-01 7.6943E-01 8.0401E-01 8.2947E-01 8.6675E-01 9.0406E-01 9.4017E-01 9.6796E-01 1.0023E+00 1.0463E+00 1.0904E+00 1.1384E+00 1.1817E+00 1.2340E+00 1.2863E+00 1.3454E+00 1.4021E+00 1.4500E+00 1.4971E+00 1.5516E+00 1.5961E+00 1.6394E+00 1.6635E+00 1.7280E+00 1.7793E+00 1.8071E+00 1.8359E+00 1.8768E+00 1.9021E+00 1.9532E+00 1.9862E+00 2.0095E+00 2.0041E+00 2.0036E+00 1.9852E+00 1.9629E+00 1.9515E+00 1.9211E+00 1.9455E+00 1.9898E+00 1.9992E+00 1.9735E+00 1.9739E+00 1.9478E+00
3.8726E-01 4.1174E-01 4.4039E-01 4.6774E-01 4.9172E-01 5.2595E-01 5.5124E-01 5.7561E-01 6.0858E-01 6.3227E-01 6.5030E-01 6.7339E-01 7.0103E-01 7.1788E-01 7.5276E-01 8.0031E-01 8.3988E-01 8.6980E-01 9.0196E-01 9.5272E-01 9.8450E-01 1.0250E+00 1.0622E+00 1.1098E+00 1.1584E+00 1.2026E+00 1.2498E+00 1.3020E+00 1.3760E+00 1.4521E+00 1.5050E+00 1.5498E+00 1.6172E+00 1.6652E+00 1.7097E+00 1.7478E+00 1.7917E+00 1.8624E+00 1.9286E+00 1.9271E+00 1.9599E+00 2.0054E+00 2.0668E+00 2.0936E+00 2.1196E+00 2.1172E+00 2.1207E+00 2.0993E+00 2.0794E+00 2.0700E+00 2.0606E+00 2.0534E+00 2.0865E+00 2.0891E+00 2.0622E+00 2.0658E+00 2.0368E+00
3.8684E-01 4.1053E-01 4.3686E-01 4.6016E-01 4.8945E-01 5.1805E-01 5.4113E-01 5.7156E-01 6.0267E-01 6.2864E-01 6.6061E-01 6.7973E-01 7.0343E-01 7.3826E-01 7.5795E-01 7.9306E-01 8.4137E-01 8.7820E-01 9.0773E-01 9.4738E-01 9.9661E-01 1.0482E+00 1.0853E+00 1.1221E+00 1.1905E+00 1.2304E+00 1.2754E+00 1.3292E+00 1.4128E+00 1.4655E+00 1.5487E+00 1.6038E+00 1.6605E+00 1.7269E+00 1.7791E+00 1.8229E+00 1.8632E+00 1.9265E+00 2.0001E+00 2.0398E+00 2.0618E+00 2.1332E+00 2.1761E+00 2.1927E+00 2.2400E+00 2.2387E+00 2.2412E+00 2.2296E+00 2.1965E+00 2.2041E+00 2.2041E+00 2.1896E+00 2.2065E+00 2.1854E+00 2.1555E+00 2.1518E+00 2.1122E+00
3.8246E-01 4.0815E-01 4.3293E-01 4.5692E-01 4.8539E-01 5.1316E-01 5.4062E-01 5.6771E-01 5.9631E-01 6.2128E-01 6.5430E-01 6.8350E-01 7.0972E-01 7.3775E-01 7.7192E-01 8.0477E-01 8.3719E-01 8.7358E-01 9.1204E-01 9.5165E-01 9.9312E-01 1.0439E+00 1.1035E+00 1.1501E+00 1.1940E+00 1.2541E+00 1.3204E+00 1.3718E+00 1.4244E+00 1.5063E+00 1.5807E+00 1.6572E+00 1.7308E+00 1.7842E+00 1.8677E+00 1.9076E+00 1.9562E+00 1.9996E+00 2.1041E+00 2.1843E+00 2.1957E+00 2.2547E+00 2.2836E+00 2.3369E+00 2.3562E+00 2.3756E+00 2.3796E+00 2.3701E+00 2.3372E+00 2.3485E+00 2.3592E+00 2.3300E+00 2.3459E+00 2.3062E+00 2.2714E+00 2.2508E+00 2.2004E+00
3.7771E-01 4.0714E-01 4.3188E-01 4.5741E-01 4.8245E-01 5.0989E-01 5.3508E-01 5.6062E-01 5.9073E-01 6.2222E-01 6.4938E-01 6.8109E-01 7.1011E-01 7.3689E-01 7.7033E-01 8.0675E-01 8.3574E-01 8.7937E-01 9.2069E-01 9.6189E-01 1.0065E+00 1.0722E+00 1.1217E+00 1.1800E+00 1.2154E+00 1.2568E+00 1.3214E+00 1.4070E+00 1.4662E+00 1.5359E+00 1.6248E+00 1.6981E+00 1.7684E+00 1.8521E+00 1.9268E+00 2.0082E+00 2.0402E+00 2.1096E+00 2.1887E+00 2.2869E+00 2.3524E+00 2.3711E+00 2.4470E+00 2.4643E+00 2.4943E+00 2.5392E+00 2.5483E+00 2.5493E+00 2.5268E+00 2.5099E+00 2.5255E+00 2.5118E+00 2.4797E+00 2.4437E+00 2.3924E+00 2.3252E+00 2.2898E+00
3.7827E-01 4.0263E-01 4.2970E-01 4.5407E-01 4.7653E-01 5.0174E-01 5.2553E-01 5.5445E-01 5.8893E-01 6.1207E-01 6.4322E-01 6.7062E-01 7.0393E-01 7.3635E-01 7.7152E-01 8.0080E-01 8.4209E-01 8.7513E-01 9.2117E-01 9.7244E-01 1.0196E+00 1.0790E+00 1.1413E+00 1.1964E+00 1.2407E+00 1.2878E+00 1.3363E+00 1.4111E+00 1.5047E+00 1.5783E+00 1.6485E+00 1.7426E+00 1.8338E+00 1.9008E+00 2.0143E+00 2.1108E+00 2.1865E+00 2.2335E+00 2.2963E+00 2.4098E+00 2.4818E+00 2.5417E+00 2.6171E+00 2.6504E+00 2.6691E+00 2.7035E+00 2.7379E+00 2.7454E+00 2.7369E+00 2.7248E+00 2.7346E+00 2.7108E+00 2.6680E+00 2.6075E+00 2.5664E+00 2.4594E+00 2.4133E+00
3.6972E-01 3.9577E-01 4.2138E-01 4.4734E-01 4.7630E-01 5.0355E-01 5.3615E-01 5.6819E-01 5.9258E-01 6.2596E-01 6.4955E-01 6.6726E-01 6.9559E-01 7.2442E-01 7.6027E-01 7.9657E-01 8.3785E-01 8.7480E-01 9.2184E-01 9.7463E-01 1.0250E+00 1.0757E+00 1.1365E+00 1.1984E+00 1.2550E+00 1.3231E+00 1.3654E+00 1.4394E+00 1.5184E+00 1.5954E+00 1.7016E+00 1.7853E+00 1.8793E+00 1.9792E+00 2.0658E+00 2.1883E+00 2.2907E+00 2.3603E+00 2.4171E+00 2.5274E+00 2.6256E+00 2.7224E+00 2.7627E+00 2.8690E+00 2.8950E+00 2.9157E+00 2.9568E+00 2.9782E+00 2.9694E+00 2.9313E+00 2.9581E+00 2.9389E+00 2.8850E+00 2.8030E+00 2.7324E+00 2.6490E+00 2.5490E+00
3.6867E-01 3.9247E-01 4.1637E-01 4.4102E-01 4.6992E-01 4.9771E-01 5.2904E-01 5.5443E-01 5.8352E-01 6.1500E-01 6.4290E-01 6.7526E-01 7.0630E-01 7.3586E-01 7.6646E-01 7.9908E-01 8.3569E-01 8.6978E-01 9.3038E-01 9.7380E-01 1.0330E+00 1.0789E+00 1.1393E+00 1.1919E+00 1.2607E+00 1.3186E+00 1.3858E+00 1.4802E+00 1.5464E+00 1.6398E+00 1.7247E+00 1.8279E+00 1.9304E+00 2.0303E+00 2.1539E+00 2.2505E+00 2.3950E+00 2.5074E+00 2.5778E+00 2.6739E+00 2.8043E+00 2.9101E+00 3.0074E+00 3.1094E+00 3.1511E+00 3.1570E+00 3.2029E+00 3.2329E+00 3.2211E+00 3.1753E+00 3.2173E+00 3.2111E+00 3.1226E+00 3.0329E+00 2.9303E+00 2.8552E+00 2.6907E+00
3.6210E-01 3.9090E-01 4.1565E-01 4.4416E-01 4.7104E-01 4.9379E-01 5.1935E-01 5.4716E-01 5.7715E-01 6.0574E-01 6.3732E-01 6.6809E-01 7.0044E-01 7.3840E-01 7.7416E-01 8.0626E-01 8.3683E-01 8.7784E-01 9.2363E-01 9.6992E-01 1.0286E+00 1.0800E+00 1.1366E+00 1.2045E+00 1.2547E+00 1.3304E+00 1.4056E+00 1.5016E+00 1.5708E+00 1.6616E+00 1.7714E+00 1.8729E+00 1.9663E+00 2.1013E+00 2.2143E+00 2.3463E+00 2.4561E+00 2.6323E+00 2.7640E+00 2.8536E+00 2.9963E+00 3.1017E+00 3.2340E+00 3.3284E+00 3.4146E+00 3.4330E+00 3.4898E+00 3.5217E+00 3.5230E+00 3.4621E+00 3.4918E+00 3.4874E+00 3.3571E+00 3.2768E+00 3.1813E+00 3.0273E+00 2.8601E+00
3.5791E-01 3.8224E-01 4.0595E-01 4.3143E-01 4.5811E-01 4.8265E-01 5.1509E-01 5.4318E-01 5.6989E-01 5.9511E-01 6.2897E-01 6.5882E-01 6.9558E-01 7.3299E-01 7.6891E-01 8.0439E-01 8.4916E-01 8.8621E-01 9.2754E-01 9.8018E-01 1.0247E+00 1.0898E+00 1.1398E+00 1.1935E+00 1.2629E+00 1.3316E+00 1.4254E+00 1.5062E+00 1.6056E+00 1.7126E+00 1.8156E+00 1.9154E+00 2.0228E+00 2.1504E+00 2.3075E+00 2.4291E+00 2.6003E+00 2.7292E+00 2.9345E+00 3.0722E+00 3.2178E+00 3.3515E+00 3.4848E+00 3.6361E+00 3.7097E+00 3.7779E+00 3.8022E+00 3.8411E+00 3.8526E+00 3.7722E+00 3.8424E+00 3.7938E+00 3.6536E+00 3.5618E+00 3.4510E+00 3.2165E+00 3.0685E+00
3.4809E-01 3.7219E-01 3.9854E-01 4.2154E-01 4.4656E-01 4.6850E-01 4.9549E-01 5.2632E-01 5.6131E-01 5.9454E-01 6.2363E-01 6.5283E-01 6.8592E-01 7.2153E-01 7.5620E-01 8.0148E-01 8.4134E-01 8.9207E-01 9.2818E-01 9.8040E-01 1.0334E+00 1.0939E+00 1.1422E+00 1.2198E+00 1.2962E+00 1.3629E+00 1.4406E+00 1.5149E+00 1.6208E+00 1.7268E+00 1.8626E+00 1.9778E+00 2.1071E+00 2.2156E+00 2.3795E+00 2.5361E+00 2.7123E+00 2.9166E+00 3.0895E+00 3.3076E+00 3.4621E+00 3.6330E+00 3.7791E+00 3.8962E+00 4.0472E+00 4.1112E+00 4.1652E+00 4.1853E+00 4.2170E+00 4.1759E+00 4.1770E+00 4.1418E+00 3.9269E+00 3.8835E+00 3.6720E+00 3.4305E+00 3.2604E+00
3.4950E-01 3.7036E-01 3.9550E-01 4.2267E-01 4.4390E-01 4.6842E-01 4.9253E-01 5.2335E-01 5.5424E-01 5.8282E-01 6.1885E-01 6.4921E-01 6.8908E-01 7.1862E-01 7.5373E-01 7.9425E-01 8.3129E-01 8.8037E-01 9.3096E-01 9.6998E-01 1.0322E+00 1.1010E+00 1.1574E+00 1.2327E+00 1.3042E+00 1.3741E+00 1.4570E+00 1.5581E+00 1.6677E+00 1.7398E+00 1.8662E+00 2.0140E+00 2.1539E+00 2.3221E+00 2.4653E+00 2.6642E+00 2.8736E+00 3.0414E+00 3.2910E+00 3.5250E+00 3.7623E+00 3.9358E+00 4.1249E+00 4.2239E+00 4.3799E+00 4.4949E+00 4.5743E+00 4.6108E+00 4.6595E+00 4.6013E+00 4.6149E+00 4.4906E+00 4.3279E+00 4.2300E+00 3.9236E+00 3.7037E+00 3.4303E+00
3.3822E-01 3.6359E-01 3.8752E-01 4.1153E-01 4.3465E-01 4.6151E-01 4.8908E-01 5.1987E-01 5.4601E-01 5.7617E-01 6.1186E-01 6.3680E-01 6.6940E-01 7.0247E-01 7.4869E-01 7.8225E-01 8.3424E-01 8.7471E-01 9.2727E-01 9.8200E-01 1.0403E+00 1.1092E+00 1.1679E+00 1.2390E+00 1.3140E+00 1.4060E+00 1.4875E+00 1.5745E+00 1.6975E+00 1.8065E+00 1.9302E+00 2.0509E+00 2.1917E+00 2.3690E+00 2.5701E+00 2.7879E+00 2.9830E+00 3.2736E+00 3.5032E+00 3.7587E+00 4.0365E+00 4.3061E+00 4.5286E+00 4.6681E+00 4.7896E+00 4.9866E+00 5.0786E+00 5.1900E+00 5.2237E+00 5.1936E+00 5.1659E+00 4.9632E+00 4.8452E+00 4.5707E+00 4.2556E+00 3.9387E+00 3.5982E+00
3.2837E-01 3.5156E-01 3.7326E-01 4.0087E-01 4.2598E-01 4.5287E-01 4.8237E-01 5.1022E-01 5.3796E-01 5.6729E-01 6.0305E-01 6.3056E-01 6.6557E-01 7.0700E-01 7.4030E-01 7.7551E-01 8.2197E-01 8.7246E-01 9.2832E-01 9.8856E-01 1.0503E+00 1.1131E+00 1.1723E+00 1.2577E+00 1.3360E+00 1.4145E+00 1.5064E+00 1.6070E+00 1.7469E+00 1.8508E+00 2.0010E+00 2.1501E+00 2.3027E+00 2.4683E+00 2.6585E+00 2.8909E+00 3.1621E+00 3.3963E+00 3.7232E+00 3.9949E+00 4.3674E+00 4.6472E+00 4.9752E+00 5.2790E+00 5.3906E+00 5.5224E+00 5.7282E+00 5.8889E+00 5.9887E+00 5.9475E+00 5.8605E+00 5.6403E+00 5.4039E+00 5.0570E+00 4.5968E+00 4.1529E+00 3.7881E+00
3.1965E-01 3.4281E-01 3.6736E-01 3.8759E-01 4.1287E-01 4.3855E-01 4.6574E-01 4.9639E-01 5.2190E-01 5.5206E-01 5.8837E-01 6.2085E-01 6.5279E-01 6.8916E-01 7.2914E-01 7.7118E-01 8.2014E-01 8.6908E-01 9.2647E-01 9.8851E-01 1.0529E+00 1.1230E+00 1.1959E+00 1.2700E+00 1.3521E+00 1.4407E+00 1.5333E+00 1.6448E+00 1.7529E+00 1.8879E+00 2.0220E+00 2.1942E+00 2.3681E+00 2.5693E+00 2.8053E+00 3.0448E+00 3.3477E+00 3.6507E+00 3.9168E+00 4.3001E+00 4.6950E+00 5.1111E+00 5.4769E+00 5.8938E+00 6.2038E+00 6.2419E+00 6.5110E+00 6.7651E+00 6.9789E+00 6.9412E+00 6.7919E+00 6.5271E+00 6.1775E+00 5.6129E+00 5.0205E+00 4.4206E+00 3.9891E+00
3.1868E-01 3.4212E-01 3.6493E-01 3.8928E-01 4.1802E-01 4.4152E-01 4.6492E-01 4.9158E-01 5.1196E-01 5.4170E-01 5.7682E-01 6.1545E-01 6.5438E-01 6.9009E-01 7.2562E-01 7.7009E-01 8.2455E-01 8.7299E-01 9.3557E-01 9.8803E-01 1.0439E+00 1.1032E+00 1.1739E+00 1.2435E+00 1.3355E+00 1.4392E+00 1.5571E+00 1.6611E+00 1.8059E+00 1.9280E+00 2.0855E+00 2.2365E+00 2.4430E+00 2.6456E+00 2.8798E+00 3.1065E+00 3.4427E+00 3.8053E+00 4.1454E+00 4.5910E+00 5.0479E+00 5.5435E+00 6.1401E+00 6.6449E+00 7.1304E+00 7.3978E+00 7.6736E+00 8.0713E+00 8.5845E+00 8.6883E+00 8.4415E+00 7.9460E+00 7.2462E+00 6.3199E+00 5.5509E+00 4.8067E+00 4.2691E+00
3.2122E-01 3.4487E-01 3.6661E-01 3.9081E-01 4.2181E-01 4.4605E-01 4.7088E-01 4.9878E-01 5.2124E-01 5.4721E-01 5.7160E-01 6.0305E-01 6.4070E-01 6.7010E-01 7.0931E-01 7.5341E-01 8.0023E-01 8.5358E-01 9.1649E-01 9.6661E-01 1.0259E+00 1.1064E+00 1.1837E+00 1.2715E+00 1.3628E+00 1.4487E+00 1.5336E+00 1.6520E+00 1.8069E+00 1.9553E+00 2.1198E+00 2.2969E+00 2.5148E+00 2.7365E+00 3.0121E+00 3.2279E+00 3.5560E+00 3.9358E+00 4.3306E+00 4.7589E+00 5.3459E+00 5.9914E+00 6.7457E+00 7.5433E+00 8.1528E+00 8.7919E+00 9.4794E+00 1.0043E+01 1.0942E+01 1.1096E+01 1.0756E+01 1.0052E+01 8.7596E+00 7.3737E+00 6.2356E+00 5.3637E+00 4.6267E+00
3.2197E-01 3.4647E-01 3.7160E-01 3.9750E-01 4.2585E-01 4.5575E-01 4.8039E-01 5.0834E-01 5.3945E-01 5.6734E-01 5.9729E-01 6.2325E-01 6.4709E-01 6.7233E-01 7.1401E-01 7.5786E-01 8.0519E-01 8.5417E-01 9.0926E-01 9.7441E-01 1.0391E+00 1.1049E+00 1.1753E+00 1.2513E+00 1.3348E+00 1.4233E+00 1.5466E+00 1.6608E+00 1.8002E+00 1.9524E+00 2.1275E+00 2.3054E+00 2.5559E+00 2.8031E+00 3.0861E+00 3.3380E+00 3.6129E+00 3.9940E+00 4.4393E+00 4.8958E+00 5.5597E+00 6.3453E+00 7.2478E+00 8.2819E+00 9.4920E+00 1.0641E+01 1.1916E+01 1.2775E+01 1.3989E+01 1.4444E+01 1.3879E+01 1.2563E+01 1.0816E+01 8.9834E+00 7.2755E+00 5.9945E+00 5.0370E+00
3.1772E-01 3.4061E-01 3.6577E-01 3.9418E-01 4.2536E-01 4.6058E-01 4.8258E-01 5.0818E-01 5.3756E-01 5.6353E-01 5.9177E-01 6.1588E-01 6.4924E-01 6.9013E-01 7.1651E-01 7.4839E-01 7.8835E-01 8.3468E-01 8.9185E-01 9.4423E-01 1.0148E+00 1.0782E+00 1.1612E+00 1.2374E+00 1.3222E+00 1.4183E+00 1.5364E+00 1.6613E+00 1.7786E+00 1.9308E+00 2.0989E+00 2.2944E+00 2.5195E+00 2.7842E+00 3.0383E+00 3.3448E+00 3.6583E+00 4.0883E+00 4.5378E+00 5.1209E+00 5.7072E+00 6.5816E+00 7.6072E+00 8.9999E+00 1.0685E+01 1.2651E+01 1.5367E+01 1.6893E+01 1.8624E+01 1.9490E+01 1.8408E+01 1.6000E+01 1.3286E+01 1.0704E+01 8.4480E+00 6.8664E+00 5.5418E+00
