20231023_webinar_progetto_murano/data_input/lapost_grid_hbd_npr/annual.grd
ncols        81
nrows        81
xllcorner      7.602250000E+05
yllcorner      5.036725000E+06
cellsize      5.000000000E+01
nodata_value         -9
[rows 50 to 74 of 81, columns 0 to 56 of 81]
6.2500E-03 7.7534E-03 9.1830E-03 1.0505E-02 1.1723E-02 1.2883E-02 1.4028E-02 1.5216E-02 1.6469E-02 1.7836E-02 1.9274E-02 2.0749E-02 2.2352E-02 2.4213E-02 2.6386E-02 2.8876E-02 3.1579E-02 3.4452E-02 3.7719E-02 4.1558E-02 4.5820E-02 5.0642E-02 5.6740E-02 6.3487E-02 7.2120E-02 8.4130E-02 9.8535E-02 1.1674E-01 1.4045E-01 1.6536E-01 1.9065E-01 2.2165E-01 2.5132E-01 2.7109E-01 2.7433E-01 2.6029E-01 2.4248E-01 2.3142E-01 2.2622E-01 2.2448E-01 2.2018E-01 2.1235E-01 2.0082E-01 1.8818E-01 1.7677E-01 1.6721E-01 1.5821E-01 1.4875E-01 1.3859E-01 1.2722E-01 1.1581E-01 1.0533E-01 9.5855E-02 8.7408E-02 8.0036E-02 7.3637E-02 6.8039E-02
6.4699E-03 8.0263E-03 9.4988E-03 1.0852E-02 1.2102E-02 1.3301E-02 1.4489E-02 1.5724E-02 1.7022E-02 1.8405E-02 1.9858E-02 2.1367E-02 2.3001E-02 2.4881E-02 2.7070E-02 2.9491E-02 3.2012E-02 3.4756E-02 3.7879E-02 4.1380E-02 4.5321E-02 4.9704E-02 5.5222E-02 6.1593E-02 7.0145E-02 8.1482E-02 9.4260E-02 1.1064E-01 1.3054E-01 1.4881E-01 1.6904E-01 1.9429E-01 2.1725E-01 2.3195E-01 2.3479E-01 2.2537E-01 2.1488E-01 2.0773E-01 2.0407E-01 2.0293E-01 2.0005E-01 1.9392E-01 1.8441E-01 1.7404E-01 1.6456E-01 1.5604E-01 1.4771E-01 1.3870E-01 1.2949E-01 1.1960E-01 1.0954E-01 9.9924E-02 9.1170E-02 8.3503E-02 7.6805E-02 7.0879E-02 6.5655E-02
6.6521E-03 8.2487E-03 9.7572E-03 1.1141E-02 1.2423E-02 1.3654E-02 1.4869E-02 1.6134E-02 1.7455E-02 1.8841E-02 2.0281E-02 2.1801E-02 2.3463E-02 2.5368E-02 2.7525E-02 2.9877E-02 3.2279E-02 3.4857E-02 3.7783E-02 4.0969E-02 4.4554E-02 4.8598E-02 5.3395E-02 5.9817E-02 6.8675E-02 7.8841E-02 9.0552E-02 1.0500E-01 1.2155E-01 1.3801E-01 1.5469E-01 1.7357E-01 1.9069E-01 2.0222E-01 2.0610E-01 2.0058E-01 1.9415E-01 1.8940E-01 1.8683E-01 1.8652E-01 1.8414E-01 1.7838E-01 1.6998E-01 1.6135E-01 1.5343E-01 1.4569E-01 1.3782E-01 1.2961E-01 1.2116E-01 1.1235E-01 1.0341E-01 9.4777E-02 8.6907E-02 7.9997E-02 7.3886E-02 6.8386E-02 6.3454E-02
6.7614E-03 8.3757E-03 9.9107E-03 1.1323E-02 1.2633E-02 1.3881E-02 1.5106E-02 1.6379E-02 1.7703E-02 1.9091E-02 2.0523E-02 2.2018E-02 2.3660E-02 2.5541E-02 2.7650E-02 2.9995E-02 3.2410E-02 3.4854E-02 3.7546E-02 4.0466E-02 4.3684E-02 4.7448E-02 5.1980E-02 5.8316E-02 6.6835E-02 7.6215E-02 8.7274E-02 1.0017E-01 1.1360E-01 1.2680E-01 1.4110E-01 1.5694E-01 1.7176E-01 1.8149E-01 1.8496E-01 1.8227E-01 1.7799E-01 1.7433E-01 1.7260E-01 1.7208E-01 1.6983E-01 1.6488E-01 1.5794E-01 1.5051E-01 1.4348E-01 1.3636E-01 1.2905E-01 1.2165E-01 1.1396E-01 1.0591E-01 9.7805E-02 9.0092E-02 8.3082E-02 7.6811E-02 7.1162E-02 6.6033E-02 6.1385E-02
6.7908E-03 8.3928E-03 9.9279E-03 1.1350E-02 1.2673E-02 1.3935E-02 1.5166E-02 1.6431E-02 1.7736E-02 1.9089E-02 2.0482E-02 2.1924E-02 2.3506E-02 2.5312E-02 2.7400E-02 2.9749E-02 3.2203E-02 3.4611E-02 3.7136E-02 3.9745E-02 4.2695E-02 4.6321E-02 5.0864E-02 5.6985E-02 6.5181E-02 7.4278E-02 8.4404E-02 9.5547E-02 1.0679E-01 1.1844E-01 1.3133E-01 1.4535E-01 1.5753E-01 1.6549E-01 1.6842E-01 1.6746E-01 1.6506E-01 1.6257E-01 1.6084E-01 1.5947E-01 1.5713E-01 1.5323E-01 1.4773E-01 1.4137E-01 1.3490E-01 1.2821E-01 1.2145E-01 1.1464E-01 1.0755E-01 1.0019E-01 9.2886E-02 8.5980E-02 7.9630E-02 7.3827E-02 6.8551E-02 6.3758E-02 5.9431E-02
6.7857E-03 8.3595E-03 9.8716E-03 1.1283E-02 1.2610E-02 1.3884E-02 1.5092E-02 1.6339E-02 1.7601E-02 1.8886E-02 2.0205E-02 2.1567E-02 2.3035E-02 2.4714E-02 2.6743E-02 2.9130E-02 3.1646E-02 3.4101E-02 3.6488E-02 3.9070E-02 4.2087E-02 4.5671E-02 5.0255E-02 5.6355E-02 6.3776E-02 7.2258E-02 8.1957E-02 9.1981E-02 1.0202E-01 1.1248E-01 1.2389E-01 1.3565E-01 1.4588E-01 1.5284E-01 1.5579E-01 1.5563E-01 1.5418E-01 1.5243E-01 1.5079E-01 1.4903E-01 1.4670E-01 1.4338E-01 1.3889E-01 1.3343E-01 1.2746E-01 1.2128E-01 1.1500E-01 1.0856E-01 1.0189E-01 9.5132E-02 8.8506E-02 8.2239E-02 7.6383E-02 7.0989E-02 6.6096E-02 6.1638E-02 5.7598E-02
6.7562E-03 8.2975E-03 9.7752E-03 1.1159E-02 1.2475E-02 1.3745E-02 1.4945E-02 1.6170E-02 1.7385E-02 1.8610E-02 1.9852E-02 2.1120E-02 2.2477E-02 2.4039E-02 2.5962E-02 2.8342E-02 3.0964E-02 3.3437E-02 3.5823E-02 3.8506E-02 4.1719E-02 4.5440E-02 5.0120E-02 5.5786E-02 6.2532E-02 7.0336E-02 7.9456E-02 8.8445E-02 9.7371E-02 1.0684E-01 1.1706E-01 1.2742E-01 1.3641E-01 1.4258E-01 1.4546E-01 1.4558E-01 1.4427E-01 1.4313E-01 1.4200E-01 1.4012E-01 1.3756E-01 1.3437E-01 1.3059E-01 1.2600E-01 1.2076E-01 1.1510E-01 1.0929E-01 1.0324E-01 9.6956E-02 9.0621E-02 8.4472E-02 7.8712E-02 7.3310E-02 6.8322E-02 6.3833E-02 5.9736E-02 5.5968E-02
6.7573E-03 8.2840E-03 9.7414E-03 1.1105E-02 1.2404E-02 1.3661E-02 1.4842E-02 1.6041E-02 1.7224E-02 1.8405E-02 1.9579E-02 2.0765E-02 2.2042E-02 2.3543E-02 2.5417E-02 2.7764E-02 3.0371E-02 3.2896E-02 3.5351E-02 3.8090E-02 4.1298E-02 4.5174E-02 4.9778E-02 5.5138E-02 6.1466E-02 6.8915E-02 7.6913E-02 8.4791E-02 9.2906E-02 1.0170E-01 1.1094E-01 1.2011E-01 1.2785E-01 1.3350E-01 1.3640E-01 1.3676E-01 1.3573E-01 1.3492E-01 1.3401E-01 1.3207E-01 1.2944E-01 1.2641E-01 1.2299E-01 1.1904E-01 1.1447E-01 1.0939E-01 1.0406E-01 9.8377E-02 9.2456E-02 8.6488E-02 8.0693E-02 7.5334E-02 7.0411E-02 6.5868E-02 6.1771E-02 5.8008E-02 5.4466E-02
6.7980E-03 8.3290E-03 9.7815E-03 1.1130E-02 1.2406E-02 1.3635E-02 1.4787E-02 1.5957E-02 1.7113E-02 1.8249E-02 1.9356E-02 2.0474E-02 2.1693E-02 2.3158E-02 2.5030E-02 2.7401E-02 3.0041E-02 3.2617E-02 3.5101E-02 3.7872E-02 4.1123E-02 4.4910E-02 4.9282E-02 5.4489E-02 6.0456E-02 6.7414E-02 7.4530E-02 8.1406E-02 8.8818E-02 9.6764E-02 1.0508E-01 1.1317E-01 1.2016E-01 1.2544E-01 1.2836E-01 1.2897E-01 1.2834E-01 1.2770E-01 1.2671E-01 1.2474E-01 1.2224E-01 1.1946E-01 1.1631E-01 1.1268E-01 1.0852E-01 1.0396E-01 9.9070E-02 9.3761E-02 8.8210E-02 8.2624E-02 7.7200E-02 7.2198E-02 6.7692E-02 6.3574E-02 5.9838E-02 5.6341E-02 5.2993E-02
6.8671E-03 8.4165E-03 9.8752E-03 1.1212E-02 1.2459E-02 1.3650E-02 1.4761E-02 1.5889E-02 1.6990E-02 1.8057E-02 1.9088E-02 2.0144E-02 2.1330E-02 2.2793E-02 2.4700E-02 2.7125E-02 2.9817E-02 3.2442E-02 3.4948E-02 3.7685E-02 4.0862E-02 4.4504E-02 4.8789E-02 5.3761E-02 5.9285E-02 6.5518E-02 7.2007E-02 7.8445E-02 8.5111E-02 9.2342E-02 9.9970E-02 1.0726E-01 1.1341E-01 1.1812E-01 1.2086E-01 1.2164E-01 1.2138E-01 1.2092E-01 1.1989E-01 1.1800E-01 1.1572E-01 1.1322E-01 1.1030E-01 1.0688E-01 1.0294E-01 9.8724E-02 9.4239E-02 8.9388E-02 8.4235E-02 7.9017E-02 7.3966E-02 6.9304E-02 6.5114E-02 6.1333E-02 5.7909E-02 5.4665E-02 5.1549E-02
6.9533E-03 8.5244E-03 9.9881E-03 1.1309E-02 1.2522E-02 1.3674E-02 1.4739E-02 1.5808E-02 1.6829E-02 1.7813E-02 1.8774E-02 1.9786E-02 2.0965E-02 2.2452E-02 2.4397E-02 2.6862E-02 2.9566E-02 3.2217E-02 3.4776E-02 3.7506E-02 4.0580E-02 4.4065E-02 4.8217E-02 5.2878E-02 5.7916E-02 6.3595E-02 6.9633E-02 7.5759E-02 8.1947E-02 8.8583E-02 9.5607E-02 1.0210E-01 1.0745E-01 1.1154E-01 1.1397E-01 1.1477E-01 1.1469E-01 1.1433E-01 1.1339E-01 1.1170E-01 1.0960E-01 1.0728E-01 1.0459E-01 1.0139E-01 9.7708E-02 9.3802E-02 8.9706E-02 8.5316E-02 8.0575E-02 7.5722E-02 7.1014E-02 6.6640E-02 6.2683E-02 5.9140E-02 5.5973E-02 5.3001E-02 5.0148E-02
7.0408E-03 8.6291E-03 1.0091E-02 1.1390E-02 1.2567E-02 1.3680E-02 1.4697E-02 1.5696E-02 1.6632E-02 1.7544E-02 1.8463E-02 1.9464E-02 2.0654E-02 2.2161E-02 2.4117E-02 2.6570E-02 2.9253E-02 3.1901E-02 3.4485E-02 3.7194E-02 4.0233E-02 4.3628E-02 4.7529E-02 5.1900E-02 5.6578E-02 6.1763E-02 6.7272E-02 7.3073E-02 7.8950E-02 8.5056E-02 9.1393E-02 9.7208E-02 1.0205E-01 1.0568E-01 1.0780E-01 1.0857E-01 1.0856E-01 1.0819E-01 1.0737E-01 1.0585E-01 1.0383E-01 1.0158E-01 9.9059E-02 9.6102E-02 9.2765E-02 8.9257E-02 8.5561E-02 8.1564E-02 7.7215E-02 7.2731E-02 6.8333E-02 6.4191E-02 6.0415E-02 5.7061E-02 5.4108E-02 5.1389E-02 4.8781E-02
7.1142E-03 8.7124E-03 1.0165E-02 1.1439E-02 1.2576E-02 1.3640E-02 1.4603E-02 1.5535E-02 1.6404E-02 1.7266E-02 1.8169E-02 1.9180E-02 2.0386E-02 2.1895E-02 2.3824E-02 2.6208E-02 2.8824E-02 3.1422E-02 3.3996E-02 3.6705E-02 3.9679E-02 4.2977E-02 4.6684E-02 5.0785E-02 5.5190E-02 5.9998E-02 6.5108E-02 7.0590E-02 7.6138E-02 8.1717E-02 8.7322E-02 9.2542E-02 9.6996E-02 1.0022E-01 1.0208E-01 1.0290E-01 1.0307E-01 1.0275E-01 1.0194E-01 1.0047E-01 9.8552E-02 9.6391E-02 9.3971E-02 9.1213E-02 8.8191E-02 8.5049E-02 8.1723E-02 7.8096E-02 7.4127E-02 6.9972E-02 6.5827E-02 6.1894E-02 5.8303E-02 5.5126E-02 5.2347E-02 4.9822E-02 4.7416E-02
7.1620E-03 8.7651E-03 1.0205E-02 1.1451E-02 1.2549E-02 1.3559E-02 1.4453E-02 1.5322E-02 1.6146E-02 1.6983E-02 1.7889E-02 1.8913E-02 2.0123E-02 2.1608E-02 2.3466E-02 2.5730E-02 2.8215E-02 3.0691E-02 3.3172E-02 3.5840E-02 3.8717E-02 4.1844E-02 4.5312E-02 4.9150E-02 5.3362E-02 5.7975E-02 6.2911E-02 6.8123E-02 7.3331E-02 7.8469E-02 8.3508E-02 8.8202E-02 9.2211E-02 9.5080E-02 9.6780E-02 9.7688E-02 9.8053E-02 9.7876E-02 9.7062E-02 9.5644E-02 9.3869E-02 9.1830E-02 8.9485E-02 8.6862E-02 8.4061E-02 8.1181E-02 7.8149E-02 7.4855E-02 7.1231E-02 6.7372E-02 6.3460E-02 5.9730E-02 5.6331E-02 5.3324E-02 5.0685E-02 4.8306E-02 4.6067E-02
7.1821E-03 8.7858E-03 1.0213E-02 1.1431E-02 1.2488E-02 1.3437E-02 1.4254E-02 1.5063E-02 1.5861E-02 1.6696E-02 1.7612E-02 1.8638E-02 1.9824E-02 2.1243E-02 2.2969E-02 2.5026E-02 2.7271E-02 2.9549E-02 3.1882E-02 3.4403E-02 3.7089E-02 3.9956E-02 4.3137E-02 4.6747E-02 5.0871E-02 5.5519E-02 6.0504E-02 6.5546E-02 7.0417E-02 7.5198E-02 7.9817E-02 8.4044E-02 8.7623E-02 9.0218E-02 9.1861E-02 9.2889E-02 9.3412E-02 9.3339E-02 9.2566E-02 9.1240E-02 8.9586E-02 8.7650E-02 8.5415E-02 8.2944E-02 8.0332E-02 7.7664E-02 7.4875E-02 7.1846E-02 6.8510E-02 6.4932E-02 6.1272E-02 5.7753E-02 5.4531E-02 5.1667E-02 4.9151E-02 4.6897E-02 4.4796E-02
7.1765E-03 8.7721E-03 1.0180E-02 1.1366E-02 1.2376E-02 1.3260E-02 1.4075E-02 1.4838E-02 1.5622E-02 1.6462E-02 1.7384E-02 1.8399E-02 1.9541E-02 2.0863E-02 2.2414E-02 2.4200E-02 2.6210E-02 2.8247E-02 3.0394E-02 3.2704E-02 3.5160E-02 3.7778E-02 4.0717E-02 4.4159E-02 4.8286E-02 5.3121E-02 5.8087E-02 6.3100E-02 6.7733E-02 7.2165E-02 7.6410E-02 8.0272E-02 8.3504E-02 8.5878E-02 8.7500E-02 8.8609E-02 8.9130E-02 8.9142E-02 8.8457E-02 8.7216E-02 8.5630E-02 8.3780E-02 8.1692E-02 7.9400E-02 7.6966E-02 7.4482E-02 7.1846E-02 6.9036E-02 6.5939E-02 6.2623E-02 5.9231E-02 5.5938E-02 5.2895E-02 5.0172E-02 4.7768E-02 4.5609E-02 4.3630E-02
7.1653E-03 8.7528E-03 1.0133E-02 1.1277E-02 1.2236E-02 1.3068E-02 1.3831E-02 1.4563E-02 1.5338E-02 1.6176E-02 1.7086E-02 1.8078E-02 1.9166E-02 2.0381E-02 2.1754E-02 2.3288E-02 2.5012E-02 2.6798E-02 2.8716E-02 3.0783E-02 3.3007E-02 3.5415E-02 3.8167E-02 4.1490E-02 4.5602E-02 5.0537E-02 5.5616E-02 6.0635E-02 6.5112E-02 6.9260E-02 7.3171E-02 7.6712E-02 7.9652E-02 8.1853E-02 8.3438E-02 8.4559E-02 8.5102E-02 8.5140E-02 8.4512E-02 8.3351E-02 8.1860E-02 8.0119E-02 7.8167E-02 7.6038E-02 7.3787E-02 7.1480E-02 6.9027E-02 6.6398E-02 6.3509E-02 6.0435E-02 5.7303E-02 5.4236E-02 5.1369E-02 4.8781E-02 4.6476E-02 4.4392E-02 4.2495E-02
7.1300E-03 8.7033E-03 1.0053E-02 1.1151E-02 1.2059E-02 1.2849E-02 1.3585E-02 1.4306E-02 1.5075E-02 1.5901E-02 1.6787E-02 1.7748E-02 1.8790E-02 1.9919E-02 2.1157E-02 2.2511E-02 2.4037E-02 2.5639E-02 2.7383E-02 2.9274E-02 3.1326E-02 3.3588E-02 3.6226E-02 3.9477E-02 4.3546E-02 4.8438E-02 5.3463E-02 5.8412E-02 6.2777E-02 6.6720E-02 7.0344E-02 7.3573E-02 7.6240E-02 7.8289E-02 7.9828E-02 8.0919E-02 8.1402E-02 8.1385E-02 8.0767E-02 7.9689E-02 7.8322E-02 7.6713E-02 7.4899E-02 7.2915E-02 7.0815E-02 6.8640E-02 6.6310E-02 6.3834E-02 6.1138E-02 5.8293E-02 5.5413E-02 5.2577E-02 4.9891E-02 4.7434E-02 4.5218E-02 4.3200E-02 4.1372E-02
7.0595E-03 8.6103E-03 9.9322E-03 1.0994E-02 1.1860E-02 1.2620E-02 1.3347E-02 1.4070E-02 1.4835E-02 1.5643E-02 1.6499E-02 1.7425E-02 1.8424E-02 1.9494E-02 2.0644E-02 2.1885E-02 2.3286E-02 2.4774E-02 2.6409E-02 2.8185E-02 3.0122E-02 3.2292E-02 3.4866E-02 3.8063E-02 4.2044E-02 4.6779E-02 5.1631E-02 5.6426E-02 6.0661E-02 6.4413E-02 6.7765E-02 7.0703E-02 7.3139E-02 7.5055E-02 7.6533E-02 7.7563E-02 7.7964E-02 7.7873E-02 7.7254E-02 7.6252E-02 7.5004E-02 7.3524E-02 7.1830E-02 6.9958E-02 6.7965E-02 6.5881E-02 6.3648E-02 6.1312E-02 5.8800E-02 5.6175E-02 5.3532E-02 5.0916E-02 4.8411E-02 4.6082E-02 4.3951E-02 4.1996E-02 4.0227E-02
6.9611E-03 8.4788E-03 9.7699E-03 1.0807E-02 1.1652E-02 1.2399E-02 1.3127E-02 1.3855E-02 1.4614E-02 1.5405E-02 1.6232E-02 1.7120E-02 1.8081E-02 1.9107E-02 2.0202E-02 2.1372E-02 2.2694E-02 2.4106E-02 2.5665E-02 2.7360E-02 2.9222E-02 3.1341E-02 3.3877E-02 3.7004E-02 4.0854E-02 4.5383E-02 5.0020E-02 5.4616E-02 5.8686E-02 6.2239E-02 6.5332E-02 6.8001E-02 7.0222E-02 7.1996E-02 7.3382E-02 7.4334E-02 7.4672E-02 7.4545E-02 7.3944E-02 7.3009E-02 7.1857E-02 7.0488E-02 6.8888E-02 6.7101E-02 6.5194E-02 6.3190E-02 6.1042E-02 5.8827E-02 5.6485E-02 5.4063E-02 5.1631E-02 4.9213E-02 4.6880E-02 4.4683E-02 4.2651E-02 4.0771E-02 3.9062E-02
6.8517E-03 8.3311E-03 9.5860E-03 1.0603E-02 1.1445E-02 1.2194E-02 1.2926E-02 1.3654E-02 1.4403E-02 1.5176E-02 1.5977E-02 1.6832E-02 1.7755E-02 1.8747E-02 1.9805E-02 2.0931E-02 2.2197E-02 2.3549E-02 2.5041E-02 2.6669E-02 2.8482E-02 3.0570E-02 3.3062E-02 3.6094E-02 3.9778E-02 4.4075E-02 4.8485E-02 5.2865E-02 5.6733E-02 6.0070E-02 6.2931E-02 6.5363E-02 6.7389E-02 6.9027E-02 7.0310E-02 7.1182E-02 7.1482E-02 7.1347E-02 7.0772E-02 6.9893E-02 6.8810E-02 6.7513E-02 6.5977E-02 6.4254E-02 6.2426E-02 6.0510E-02 5.8461E-02 5.6362E-02 5.4169E-02 5.1924E-02 4.9682E-02 4.7453E-02 4.5289E-02 4.3227E-02 4.1305E-02 3.9515E-02 3.7877E-02
6.7360E-03 8.1793E-03 9.4005E-03 1.0399E-02 1.1239E-02 1.1992E-02 1.2723E-02 1.3446E-02 1.4183E-02 1.4938E-02 1.5718E-02 1.6544E-02 1.7437E-02 1.8396E-02 1.9420E-02 2.0506E-02 2.1725E-02 2.3023E-02 2.4455E-02 2.6029E-02 2.7801E-02 2.9856E-02 3.2288E-02 3.5193E-02 3.8675E-02 4.2715E-02 4.6880E-02 5.1018E-02 5.4661E-02 5.7786E-02 6.0452E-02 6.2690E-02 6.4539E-02 6.6037E-02 6.7202E-02 6.7994E-02 6.8268E-02 6.8143E-02 6.7611E-02 6.6787E-02 6.5753E-02 6.4499E-02 6.3017E-02 6.1363E-02 5.9615E-02 5.7789E-02 5.5846E-02 5.3865E-02 5.1812E-02 4.9724E-02 4.7655E-02 4.5605E-02 4.3606E-02 4.1685E-02 3.9878E-02 3.8188E-02 3.6640E-02
6.6156E-03 8.0264E-03 9.2194E-03 1.0199E-02 1.1032E-02 1.1780E-02 1.2503E-02 1.3214E-02 1.3937E-02 1.4676E-02 1.5441E-02 1.6249E-02 1.7116E-02 1.8040E-02 1.9023E-02 2.0062E-02 2.1231E-02 2.2477E-02 2.3853E-02 2.5381E-02 2.7119E-02 2.9136E-02 3.1485E-02 3.4231E-02 3.7475E-02 4.1220E-02 4.5087E-02 4.8945E-02 5.2342E-02 5.5249E-02 5.7731E-02 5.9802E-02 6.1497E-02 6.2862E-02 6.3916E-02 6.4634E-02 6.4896E-02 6.4806E-02 6.4337E-02 6.3572E-02 6.2576E-02 6.1363E-02 5.9945E-02 5.8364E-02 5.6689E-02 5.4945E-02 5.3103E-02 5.1247E-02 4.9345E-02 4.7416E-02 4.5510E-02 4.3627E-02 4.1786E-02 4.0005E-02 3.8322E-02 3.6749E-02 3.5308E-02
6.4858E-03 7.8672E-03 9.0374E-03 1.0001E-02 1.0821E-02 1.1553E-02 1.2259E-02 1.2949E-02 1.3652E-02 1.4375E-02 1.5131E-02 1.5927E-02 1.6769E-02 1.7656E-02 1.8589E-02 1.9575E-02 2.0692E-02 2.1884E-02 2.3212E-02 2.4710E-02 2.6421E-02 2.8386E-02 3.0618E-02 3.3156E-02 3.6108E-02 3.9499E-02 4.3004E-02 4.6543E-02 4.9678E-02 5.2362E-02 5.4652E-02 5.6567E-02 5.8130E-02 5.9380E-02 6.0341E-02 6.0999E-02 6.1260E-02 6.1219E-02 6.0828E-02 6.0130E-02 5.9188E-02 5.8035E-02 5.6695E-02 5.5195E-02 5.3595E-02 5.1934E-02 5.0195E-02 4.8460E-02 4.6707E-02 4.4934E-02 4.3188E-02 4.1463E-02 3.9776E-02 3.8144E-02 3.6602E-02 3.5163E-02 3.3844E-02
6.3354E-03 7.6874E-03 8.8372E-03 9.7836E-03 1.0585E-02 1.1295E-02 1.1977E-02 1.2641E-02 1.3319E-02 1.4024E-02 1.4766E-02 1.5545E-02 1.6360E-02 1.7207E-02 1.8089E-02 1.9024E-02 2.0089E-02 2.1228E-02 2.2513E-02 2.3983E-02 2.5656E-02 2.7536E-02 2.9609E-02 3.1904E-02 3.4522E-02 3.7513E-02 4.0605E-02 4.3778E-02 4.6630E-02 4.9084E-02 5.1175E-02 5.2927E-02 5.4364E-02 5.5518E-02 5.6422E-02 5.7052E-02 5.7326E-02 5.7337E-02 5.7020E-02 5.6398E-02 5.5527E-02 5.4445E-02 5.3186E-02 5.1772E-02 5.0260E-02 4.8697E-02 4.7071E-02 4.5459E-02 4.3846E-02 4.2229E-02 4.0639E-02 3.9068E-02 3.7534E-02 3.6062E-02 3.4677E-02 3.3387E-02 3.2206E-02
