20231023_webinar_progetto_murano/data_input/lapost_grid_hbd_npr/annual.grd
ncols        81
nrows        81
xllcorner      7.602250000E+05
yllcorner      5.036725000E+06
cellsize      5.000000000E+01
nodata_value         -9
[rows 25 to 49 of 81, columns 0 to 56 of 81]
3.9167E-03 4.7858E-03 5.5935E-03 6.3089E-03 6.9351E-03 7.5133E-03 8.0865E-03 8.6684E-03 9.2533E-03 9.8535E-03 1.0519E-02 1.1277E-02 1.2162E-02 1.3208E-02 1.4408E-02 1.5694E-02 1.7124E-02 1.8702E-02 2.0490E-02 2.2388E-02 2.4405E-02 2.6461E-02 2.8303E-02 3.0124E-02 3.2240E-02 3.5756E-02 4.1729E-02 4.7325E-02 5.5533E-02 7.0511E-02 1.1114E-01 1.6635E-01 1.5706E-01 1.5085E-01 1.4367E-01 1.2391E-01 1.0314E-01 9.3676E-02 1.1702E-01 1.9566E-01 1.1594E+00 1.5864E+00 1.8657E-01 1.7365E-01 2.8382E-01 7.2717E-01 1.3756E+00 8.8990E-01 7.7528E-01 4.5083E-01 2.8740E-01 2.0501E-01 1.3945E-01 1.0496E-01 7.6817E-02 6.3432E-02 5.8282E-02
3.9826E-03 4.8763E-03 5.7040E-03 6.4373E-03 7.0773E-03 7.6654E-03 8.2520E-03 8.8530E-03 9.4508E-03 1.0051E-02 1.0712E-02 1.1450E-02 1.2326E-02 1.3397E-02 1.4508E-02 1.5668E-02 1.7049E-02 1.8698E-02 2.0746E-02 2.3016E-02 2.5363E-02 2.7719E-02 3.0082E-02 3.2614E-02 3.5119E-02 3.8789E-02 4.4812E-02 5.1289E-02 5.9354E-02 7.7220E-02 1.1733E-01 2.8631E-01 3.0628E-01 3.2163E-01 2.9472E-01 2.2174E-01 1.1253E-01 1.1002E-01 1.3955E-01 2.7289E-01 1.0196E+00 7.6533E-01 2.3534E-01 2.3521E-01 3.4880E-01 7.7358E-01 3.5735E+00 2.2994E+00 1.1077E+00 8.5929E-01 5.6775E-01 3.5888E-01 2.4354E-01 1.4996E-01 1.1187E-01 8.7925E-02 7.8553E-02
4.0720E-03 4.9918E-03 5.8362E-03 6.5826E-03 7.2456E-03 7.8596E-03 8.4546E-03 9.0590E-03 9.6693E-03 1.0282E-02 1.0948E-02 1.1692E-02 1.2558E-02 1.3577E-02 1.4639E-02 1.5797E-02 1.7190E-02 1.8841E-02 2.0943E-02 2.3333E-02 2.6014E-02 2.9130E-02 3.2423E-02 3.5494E-02 3.8703E-02 4.3110E-02 5.0210E-02 5.9212E-02 6.7876E-02 8.9151E-02 1.3960E-01 4.4190E-01 3.0400E+01 6.1091E-01 1.1874E+00 2.4831E-01 1.5186E-01 1.3999E-01 1.6286E-01 2.4366E-01 5.0256E-01 3.8394E-01 2.2982E-01 2.3498E-01 4.1862E-01 1.0963E+00 8.5252E+00 9.8957E+00 2.0852E+00 1.7094E+00 2.0643E+00 9.0102E-01 3.9693E-01 2.5644E-01 1.7137E-01 1.2849E-01 1.0171E-01
4.1707E-03 5.1183E-03 5.9834E-03 6.7494E-03 7.4416E-03 8.0886E-03 8.6901E-03 9.2841E-03 9.9039E-03 1.0544E-02 1.1228E-02 1.1990E-02 1.2867E-02 1.3846E-02 1.4937E-02 1.6194E-02 1.7656E-02 1.9318E-02 2.1376E-02 2.3720E-02 2.6736E-02 3.0427E-02 3.4349E-02 3.8390E-02 4.2771E-02 4.8564E-02 5.7440E-02 6.9813E-02 8.2993E-02 1.0637E-01 1.7649E-01 4.1418E-01 1.4619E+00 6.5600E-01 6.1956E+00 4.5133E-01 2.1947E-01 1.7471E-01 1.6941E-01 2.1350E-01 3.0824E-01 2.5559E-01 2.1445E-01 2.5619E-01 5.0582E-01 1.5102E+00 8.1752E+00 5.5605E+00 2.3163E+00 2.0953E+00 3.2640E+01 2.3266E+00 8.0591E-01 4.2502E-01 2.5755E-01 1.8086E-01 1.3370E-01
4.2711E-03 5.2469E-03 6.1401E-03 6.9344E-03 7.6472E-03 8.3079E-03 8.9213E-03 9.5093E-03 1.0123E-02 1.0785E-02 1.1510E-02 1.2312E-02 1.3216E-02 1.4215E-02 1.5353E-02 1.6692E-02 1.8315E-02 1.9998E-02 2.1959E-02 2.4332E-02 2.7219E-02 3.1043E-02 3.5364E-02 4.0359E-02 4.6194E-02 5.3607E-02 6.3447E-02 7.7759E-02 9.7119E-02 1.1894E-01 1.7373E-01 3.1673E-01 6.0276E-01 7.9182E-01 5.8856E+00 7.5827E-01 3.5206E-01 2.1312E-01 2.0516E-01 2.2027E-01 2.4444E-01 2.1760E-01 2.1557E-01 2.8800E-01 4.9330E-01 1.2531E+00 4.2832E+00 3.1296E+00 1.7675E+00 2.7924E+00 6.6279E+00 1.8375E+00 6.8475E-01 3.3386E-01 1.8923E-01 1.2481E-01 1.0305E-01
4.3670E-03 5.3718E-03 6.2947E-03 7.1130E-03 7.8388E-03 8.5077E-03 9.1298E-03 9.7094E-03 1.0313E-02 1.0986E-02 1.1739E-02 1.2599E-02 1.3548E-02 1.4557E-02 1.5739E-02 1.7118E-02 1.8826E-02 2.0474E-02 2.2405E-02 2.4956E-02 2.7951E-02 3.1608E-02 3.5939E-02 4.1958E-02 4.9672E-02 5.9927E-02 7.2905E-02 8.9030E-02 1.1311E-01 1.2905E-01 1.7167E-01 2.5963E-01 4.0963E-01 7.3245E-01 1.8410E+00 9.6536E-01 3.8385E-01 2.5009E-01 2.2668E-01 2.6543E-01 2.5080E-01 2.1065E-01 2.1156E-01 2.7133E-01 4.2980E-01 9.0637E-01 2.4111E+00 1.9088E+00 1.6265E+00 2.2840E+00 2.7458E+00 1.3012E+00 5.3439E-01 2.8496E-01 1.7439E-01 1.1939E-01 9.1222E-02
4.4550E-03 5.4895E-03 6.4390E-03 7.2708E-03 8.0003E-03 8.6688E-03 9.2891E-03 9.8657E-03 1.0477E-02 1.1165E-02 1.1919E-02 1.2779E-02 1.3759E-02 1.4827E-02 1.6081E-02 1.7452E-02 1.9084E-02 2.0901E-02 2.2907E-02 2.5463E-02 2.8458E-02 3.1929E-02 3.6232E-02 4.2798E-02 5.1884E-02 6.4969E-02 8.4411E-02 1.0848E-01 1.4164E-01 1.5012E-01 1.7787E-01 2.5267E-01 3.7924E-01 6.4978E-01 2.6469E+00 2.8341E+00 5.7259E-01 2.8106E-01 2.4123E-01 4.8055E-01 3.4130E-01 2.1282E-01 2.0899E-01 2.6226E-01 3.8460E-01 6.7100E-01 1.5082E+00 1.3180E+00 1.1669E+00 1.3480E+00 1.4526E+00 8.0951E-01 4.1719E-01 2.5634E-01 1.7093E-01 1.1841E-01 9.0631E-02
4.5342E-03 5.5923E-03 6.5608E-03 7.4017E-03 8.1290E-03 8.7826E-03 9.3910E-03 9.9749E-03 1.0592E-02 1.1276E-02 1.2030E-02 1.2889E-02 1.3893E-02 1.4979E-02 1.6248E-02 1.7745E-02 1.9471E-02 2.1383E-02 2.3525E-02 2.5995E-02 2.9172E-02 3.2751E-02 3.6985E-02 4.3322E-02 5.3010E-02 6.7991E-02 9.5962E-02 1.4090E-01 1.9695E-01 1.9208E-01 2.0135E-01 2.8359E-01 3.7701E-01 6.9252E-01 3.8598E+00 4.8773E+00 1.0872E+00 4.1244E-01 3.1455E-01 1.1929E+00 1.0022E+00 2.4769E-01 2.2130E-01 2.5968E-01 3.8053E-01 5.8357E-01 1.1232E+00 9.3909E-01 8.7140E-01 8.5127E-01 8.3131E-01 5.7703E-01 3.3637E-01 2.1481E-01 1.5420E-01 1.1425E-01 9.0123E-02
4.6096E-03 5.6863E-03 6.6705E-03 7.5238E-03 8.2515E-03 8.8878E-03 9.4804E-03 1.0074E-02 1.0693E-02 1.1362E-02 1.2120E-02 1.3019E-02 1.4067E-02 1.5108E-02 1.6348E-02 1.7952E-02 1.9815E-02 2.1884E-02 2.4206E-02 2.6834E-02 3.0078E-02 3.4047E-02 3.8611E-02 4.4778E-02 5.4044E-02 6.8402E-02 9.5067E-02 1.6731E-01 3.5794E-01 3.3501E-01 3.4663E-01 3.1192E-01 4.2522E-01 7.3554E-01 1.6634E+00 2.0486E+00 8.0636E-01 4.7397E-01 4.0836E-01 5.9161E-01 6.8997E-01 3.1812E-01 2.6266E-01 2.8581E-01 3.8591E-01 8.9181E-01 1.1470E+00 7.6758E-01 6.9885E-01 5.8221E-01 5.6472E-01 4.1318E-01 2.7751E-01 1.8488E-01 1.4133E-01 1.1112E-01 8.9749E-02
4.6783E-03 5.7738E-03 6.7770E-03 7.6488E-03 8.3858E-03 9.0158E-03 9.5935E-03 1.0187E-02 1.0818E-02 1.1502E-02 1.2277E-02 1.3192E-02 1.4268E-02 1.5341E-02 1.6562E-02 1.8144E-02 2.0015E-02 2.2287E-02 2.4912E-02 2.7856E-02 3.0998E-02 3.4940E-02 3.9889E-02 4.6506E-02 5.5672E-02 6.9032E-02 9.2353E-02 1.4995E-01 4.3601E-01 1.3975E+00 4.6759E-01 3.1162E-01 4.8014E-01 8.7918E-01 1.1572E+00 1.4264E+00 7.6652E-01 4.6061E-01 4.5178E-01 5.7817E-01 6.4709E-01 4.7263E-01 3.5096E-01 3.3155E-01 4.7172E-01 2.4717E+00 4.0730E+00 8.3021E-01 5.6728E-01 4.4977E-01 4.0696E-01 3.2429E-01 2.3342E-01 1.6295E-01 1.2617E-01 1.0481E-01 8.8338E-02
4.7431E-03 5.8605E-03 6.8847E-03 7.7778E-03 8.5326E-03 9.1713E-03 9.7423E-03 1.0334E-02 1.0989E-02 1.1722E-02 1.2528E-02 1.3436E-02 1.4512E-02 1.5704E-02 1.7001E-02 1.8579E-02 2.0387E-02 2.2508E-02 2.5212E-02 2.8213E-02 3.1591E-02 3.6113E-02 4.1798E-02 4.9356E-02 6.0355E-02 7.6454E-02 1.0900E-01 1.7952E-01 5.7183E-01 2.7829E+01 9.2750E-01 4.0597E-01 5.5022E-01 4.8443E+00 1.3181E+00 3.1019E+00 1.7084E+00 5.2108E-01 5.4561E-01 8.5659E-01 1.0755E+00 7.0730E-01 5.5444E-01 4.2274E-01 5.2290E-01 1.3422E+00 3.2505E+00 9.4399E-01 5.7429E-01 4.0607E-01 3.4045E-01 2.7484E-01 2.0708E-01 1.5366E-01 1.2021E-01 1.0029E-01 8.6833E-02
4.8045E-03 5.9457E-03 6.9939E-03 7.9114E-03 8.6887E-03 9.3475E-03 9.9373E-03 1.0549E-02 1.1243E-02 1.2033E-02 1.2878E-02 1.3812E-02 1.4919E-02 1.6176E-02 1.7537E-02 1.9136E-02 2.0923E-02 2.2863E-02 2.5419E-02 2.8513E-02 3.2199E-02 3.7666E-02 4.4485E-02 5.3352E-02 6.6573E-02 8.8674E-02 1.3148E-01 2.2928E-01 6.9447E-01 2.5956E+00 7.1331E-01 5.2409E-01 7.4812E-01 2.7364E+00 1.6966E+00 1.7390E+00 1.1376E+00 5.9427E-01 5.8220E-01 1.2012E+00 3.3612E+00 1.8245E+00 8.4064E-01 4.6331E-01 5.3099E-01 1.1258E+00 1.3565E+00 7.2294E-01 4.6553E-01 3.6338E-01 3.0087E-01 2.4024E-01 1.8563E-01 1.4246E-01 1.1461E-01 9.5375E-02 8.3217E-02
4.8638E-03 6.0284E-03 7.1047E-03 8.0534E-03 8.8613E-03 9.5540E-03 1.0191E-02 1.0849E-02 1.1585E-02 1.2405E-02 1.3269E-02 1.4226E-02 1.5335E-02 1.6595E-02 1.8039E-02 1.9716E-02 2.1540E-02 2.3614E-02 2.6248E-02 2.9367E-02 3.3356E-02 3.9326E-02 4.7155E-02 5.7171E-02 7.1334E-02 9.3899E-02 1.3448E-01 2.3984E-01 4.2457E-01 9.5104E-01 5.8571E-01 5.1267E-01 7.5795E-01 1.3326E+00 1.4482E+00 1.2046E+00 8.1858E-01 5.8513E-01 6.3561E-01 1.3207E+00 1.8329E+01 6.4703E+00 1.2155E+00 6.1096E-01 5.3543E-01 3.7797E+00 1.2066E+00 5.6045E-01 4.0499E-01 3.0977E-01 2.6329E-01 2.1286E-01 1.6921E-01 1.3249E-01 1.0817E-01 9.0925E-02 7.9478E-02
4.9342E-03 6.1274E-03 7.2344E-03 8.2138E-03 9.0548E-03 9.7900E-03 1.0490E-02 1.1215E-02 1.1989E-02 1.2823E-02 1.3698E-02 1.4650E-02 1.5734E-02 1.7033E-02 1.8569E-02 2.0381E-02 2.2325E-02 2.4473E-02 2.7345E-02 3.0855E-02 3.5365E-02 4.1038E-02 4.8952E-02 5.9169E-02 7.2933E-02 9.4856E-02 1.3919E-01 2.1065E-01 3.2369E-01 5.4881E-01 5.1343E-01 5.7013E-01 8.2467E-01 1.3461E+00 2.4779E+00 2.7679E+00 8.0132E-01 5.9226E-01 7.4880E-01 1.9634E+00 1.0475E+01 6.6687E+00 2.1492E+00 9.3696E-01 5.8666E-01 1.0860E+00 7.2301E-01 4.5196E-01 3.4312E-01 2.7599E-01 2.2733E-01 1.9133E-01 1.5943E-01 1.2699E-01 1.0376E-01 8.8514E-02 7.8061E-02
5.0231E-03 6.2523E-03 7.3891E-03 8.3900E-03 9.2576E-03 1.0033E-02 1.0790E-02 1.1569E-02 1.2383E-02 1.3247E-02 1.4165E-02 1.5131E-02 1.6211E-02 1.7571E-02 1.9210E-02 2.1143E-02 2.3241E-02 2.5489E-02 2.8366E-02 3.2204E-02 3.6858E-02 4.2795E-02 5.0500E-02 5.9932E-02 7.3688E-02 9.7500E-02 1.3296E-01 1.8097E-01 2.7520E-01 4.2725E-01 4.9774E-01 6.7728E-01 1.0137E+00 1.8546E+00 5.4902E+00 8.1061E+00 1.3017E+00 7.4940E-01 8.2750E-01 1.4628E+00 3.8445E+00 3.0141E+00 1.4894E+00 7.8054E-01 6.0799E-01 6.8853E-01 5.3705E-01 3.8728E-01 2.9673E-01 2.4603E-01 2.0757E-01 1.7636E-01 1.4781E-01 1.2170E-01 9.9977E-02 8.6416E-02 7.7199E-02
5.1289E-03 6.3942E-03 7.5580E-03 8.5756E-03 9.4629E-03 1.0263E-02 1.1044E-02 1.1842E-02 1.2683E-02 1.3594E-02 1.4595E-02 1.5610E-02 1.6730E-02 1.8200E-02 1.9935E-02 2.1854E-02 2.3939E-02 2.6354E-02 2.9267E-02 3.2943E-02 3.7773E-02 4.3734E-02 5.1246E-02 6.0973E-02 7.4887E-02 9.6454E-02 1.2467E-01 1.6600E-01 2.4563E-01 3.7665E-01 5.8452E-01 8.6555E-01 1.6699E+00 3.4889E+00 1.7851E+01 3.5554E+00 1.3016E+00 7.8188E-01 7.4517E-01 1.0626E+00 1.8755E+00 1.6869E+00 9.6175E-01 6.4413E-01 4.5339E-01 4.9141E-01 4.3107E-01 3.4443E-01 2.7158E-01 2.2782E-01 1.9473E-01 1.6505E-01 1.3963E-01 1.1722E-01 9.7843E-02 8.4768E-02 7.6013E-02
5.2413E-03 6.5322E-03 7.7195E-03 8.7625E-03 9.6774E-03 1.0499E-02 1.1280E-02 1.2062E-02 1.2901E-02 1.3856E-02 1.4934E-02 1.6041E-02 1.7270E-02 1.8779E-02 2.0493E-02 2.2418E-02 2.4511E-02 2.6875E-02 2.9861E-02 3.3451E-02 3.8102E-02 4.3618E-02 5.0697E-02 6.0336E-02 7.3325E-02 9.1325E-02 1.1588E-01 1.5499E-01 2.3108E-01 3.5877E-01 6.3998E-01 1.5951E+00 2.4456E+00 1.3866E+01 8.7283E+00 2.4683E+00 1.0779E+00 8.0403E-01 8.1946E-01 8.1306E-01 1.1068E+00 1.0591E+00 6.6744E-01 4.9676E-01 3.9554E-01 3.6963E-01 3.4343E-01 2.9763E-01 2.5046E-01 2.1373E-01 1.8376E-01 1.5702E-01 1.3442E-01 1.1443E-01 9.6949E-02 8.3942E-02 7.4806E-02
5.3513E-03 6.6590E-03 7.8637E-03 8.9347E-03 9.8782E-03 1.0723E-02 1.1515E-02 1.2288E-02 1.3122E-02 1.4116E-02 1.5256E-02 1.6466E-02 1.7773E-02 1.9260E-02 2.0897E-02 2.2802E-02 2.5068E-02 2.7573E-02 3.0466E-02 3.3892E-02 3.8167E-02 4.3895E-02 5.0943E-02 5.9991E-02 7.1329E-02 8.6406E-02 1.1053E-01 1.4965E-01 2.1733E-01 3.4566E-01 6.4676E-01 3.6831E+00 4.3649E+00 3.0986E+01 7.2494E+00 2.1345E+00 1.0244E+00 7.8311E-01 5.6500E+00 7.4505E-01 7.6927E-01 7.3566E-01 4.9664E-01 3.8612E-01 3.3700E-01 3.2131E-01 2.8737E-01 2.5706E-01 2.2628E-01 2.0018E-01 1.7473E-01 1.5094E-01 1.3059E-01 1.1261E-01 9.6652E-02 8.3871E-02 7.4444E-02
5.4505E-03 6.7726E-03 7.9911E-03 9.0816E-03 1.0042E-02 1.0910E-02 1.1735E-02 1.2544E-02 1.3409E-02 1.4430E-02 1.5590E-02 1.6839E-02 1.8170E-02 1.9651E-02 2.1334E-02 2.3296E-02 2.5643E-02 2.8381E-02 3.1367E-02 3.4753E-02 3.8881E-02 4.4746E-02 5.1938E-02 6.0483E-02 7.1034E-02 8.6086E-02 1.1042E-01 1.5058E-01 2.1975E-01 3.6689E-01 7.4568E-01 2.6208E+00 3.6927E+00 6.4246E+00 3.9808E+00 1.6714E+00 9.1500E-01 7.4853E-01 1.0337E+00 6.5074E-01 6.1016E-01 5.6185E-01 4.1156E-01 3.2735E-01 2.9525E-01 2.8611E-01 2.6194E-01 2.3044E-01 2.0685E-01 1.8606E-01 1.6554E-01 1.4530E-01 1.2727E-01 1.1077E-01 9.6055E-02 8.3815E-02 7.4676E-02
5.5209E-03 6.8564E-03 8.0914E-03 9.2009E-03 1.0181E-02 1.1083E-02 1.1964E-02 1.2839E-02 1.3765E-02 1.4798E-02 1.5948E-02 1.7203E-02 1.8582E-02 2.0096E-02 2.1798E-02 2.3798E-02 2.6121E-02 2.8879E-02 3.2105E-02 3.5700E-02 4.0117E-02 4.5860E-02 5.2826E-02 6.0853E-02 7.1023E-02 8.7658E-02 1.1455E-01 1.5582E-01 2.2578E-01 3.4750E-01 6.2052E-01 1.2915E+00 1.9154E+00 2.6873E+00 2.0511E+00 1.2519E+00 7.6504E-01 6.1285E-01 6.3397E-01 5.2197E-01 5.0618E-01 4.6865E-01 3.6751E-01 2.9805E-01 2.7230E-01 2.6540E-01 2.4441E-01 2.1722E-01 1.9505E-01 1.7529E-01 1.5686E-01 1.3958E-01 1.2385E-01 1.0926E-01 9.5787E-02 8.4195E-02 7.5298E-02
5.5807E-03 6.9275E-03 8.1839E-03 9.3196E-03 1.0333E-02 1.1280E-02 1.2206E-02 1.3144E-02 1.4126E-02 1.5190E-02 1.6367E-02 1.7674E-02 1.9123E-02 2.0712E-02 2.2417E-02 2.4370E-02 2.6747E-02 2.9530E-02 3.2700E-02 3.6465E-02 4.1348E-02 4.7244E-02 5.4119E-02 6.2479E-02 7.3213E-02 9.0195E-02 1.1597E-01 1.5311E-01 2.0969E-01 3.0695E-01 4.8889E-01 8.1477E-01 1.1276E+00 1.4590E+00 1.2794E+00 8.8293E-01 6.6115E-01 5.2935E-01 4.9801E-01 4.4159E-01 4.3619E-01 4.0617E-01 3.3114E-01 2.7815E-01 2.5235E-01 2.4316E-01 2.2842E-01 2.0760E-01 1.8688E-01 1.6776E-01 1.5006E-01 1.3407E-01 1.2001E-01 1.0726E-01 9.5269E-02 8.4542E-02 7.5877E-02
5.6468E-03 7.0040E-03 8.2808E-03 9.4419E-03 1.0494E-02 1.1492E-02 1.2467E-02 1.3453E-02 1.4474E-02 1.5577E-02 1.6828E-02 1.8246E-02 1.9748E-02 2.1339E-02 2.3096E-02 2.5082E-02 2.7531E-02 3.0428E-02 3.3611E-02 3.7544E-02 4.2648E-02 4.8798E-02 5.5696E-02 6.4283E-02 7.5626E-02 9.2126E-02 1.1482E-01 1.4723E-01 1.9301E-01 2.6993E-01 3.8565E-01 5.6857E-01 7.2083E-01 8.7558E-01 8.3336E-01 6.3941E-01 5.1663E-01 4.3929E-01 4.0274E-01 3.7441E-01 3.6510E-01 3.4658E-01 2.9900E-01 2.5695E-01 2.3262E-01 2.2281E-01 2.1287E-01 1.9656E-01 1.7844E-01 1.6059E-01 1.4376E-01 1.2862E-01 1.1572E-01 1.0425E-01 9.3511E-02 8.3731E-02 7.5560E-02
5.7387E-03 7.1147E-03 8.4144E-03 9.6023E-03 1.0697E-02 1.1750E-02 1.2770E-02 1.3795E-02 1.4848E-02 1.5991E-02 1.7292E-02 1.8776E-02 2.0356E-02 2.2009E-02 2.3818E-02 2.5842E-02 2.8308E-02 3.1467E-02 3.5091E-02 3.9268E-02 4.4180E-02 5.0103E-02 5.7049E-02 6.5676E-02 7.6670E-02 9.1648E-02 1.1181E-01 1.3941E-01 1.7664E-01 2.3300E-01 3.1297E-01 4.0937E-01 5.0157E-01 5.7976E-01 5.6791E-01 4.7592E-01 4.0395E-01 3.5965E-01 3.3741E-01 3.2274E-01 3.1409E-01 2.9937E-01 2.6967E-01 2.3838E-01 2.1744E-01 2.0674E-01 1.9733E-01 1.8384E-01 1.6847E-01 1.5222E-01 1.3674E-01 1.2280E-01 1.1084E-01 1.0032E-01 9.0679E-02 8.1938E-02 7.4453E-02
5.8627E-03 7.2703E-03 8.6062E-03 9.8383E-03 1.0980E-02 1.2076E-02 1.3142E-02 1.4213E-02 1.5310E-02 1.6507E-02 1.7856E-02 1.9347E-02 2.0986E-02 2.2749E-02 2.4668E-02 2.6829E-02 2.9405E-02 3.2654E-02 3.6450E-02 4.0697E-02 4.5374E-02 5.1010E-02 5.7741E-02 6.5919E-02 7.6351E-02 9.0045E-02 1.0827E-01 1.3177E-01 1.6401E-01 2.0700E-01 2.5766E-01 3.1876E-01 3.7471E-01 4.1913E-01 4.1786E-01 3.7162E-01 3.2941E-01 3.0235E-01 2.8910E-01 2.8179E-01 2.7604E-01 2.6373E-01 2.4276E-01 2.2096E-01 2.0329E-01 1.9171E-01 1.8251E-01 1.7133E-01 1.5832E-01 1.4371E-01 1.2943E-01 1.1690E-01 1.0589E-01 9.6033E-02 8.7281E-02 7.9505E-02 7.2738E-02
6.0375E-03 7.4886E-03 8.8700E-03 1.0151E-02 1.1333E-02 1.2459E-02 1.3564E-02 1.4694E-02 1.5869E-02 1.7156E-02 1.8554E-02 2.0034E-02 2.1648E-02 2.3468E-02 2.5519E-02 2.7896E-02 3.0652E-02 3.3748E-02 3.7287E-02 4.1423E-02 4.5871E-02 5.1224E-02 5.7573E-02 6.4970E-02 7.4273E-02 8.6671E-02 1.0290E-01 1.2396E-01 1.5130E-01 1.8426E-01 2.1783E-01 2.5937E-01 2.9852E-01 3.2804E-01 3.3003E-01 3.0648E-01 2.7913E-01 2.6161E-01 2.5347E-01 2.5002E-01 2.4529E-01 2.3529E-01 2.2016E-01 2.0386E-01 1.8976E-01 1.7877E-01 1.6961E-01 1.5972E-01 1.4827E-01 1.3528E-01 1.2238E-01 1.1098E-01 1.0083E-01 9.1654E-02 8.3614E-02 7.6619E-02 7.0502E-02
