20231023_webinar_progetto_murano/data_input/lapost_grid_hbd_npr/annual.grd
ncols        81
nrows        81
xllcorner      7.602250000E+05
yllcorner      5.036725000E+06
cellsize      5.000000000E+01
nodata_value         -9
[rows 0 to 24 of 81, columns 0 to 56 of 81]
2.0285E-03 2.4457E-03 2.8541E-03 3.2406E-03 3.5977E-03 3.9262E-03 4.2292E-03 4.5094E-03 4.7687E-03 5.0064E-03 5.2250E-03 5.4333E-03 5.6351E-03 5.8233E-03 5.9915E-03 6.1416E-03 6.2815E-03 6.4195E-03 6.5787E-03 6.7595E-03 6.9645E-03 7.1972E-03 7.4378E-03 7.6625E-03 7.8621E-03 8.0506E-03 8.2288E-03 8.3930E-03 8.5432E-03 8.6772E-03 8.7919E-03 8.8700E-03 8.9076E-03 8.9495E-03 9.0448E-03 9.2051E-03 9.3927E-03 9.5354E-03 9.5632E-03 9.5025E-03 9.4287E-03 9.4033E-03 9.4275E-03 9.4708E-03 9.4850E-03 9.4501E-03 9.3652E-03 9.1945E-03 8.9124E-03 8.5246E-03 8.0787E-03 7.6378E-03 7.2426E-03 6.9002E-03 6.6028E-03 6.3377E-03 6.1028E-03
2.3904E-03 2.8917E-03 3.3814E-03 3.8445E-03 4.2736E-03 4.6694E-03 5.0359E-03 5.3782E-03 5.6988E-03 5.9960E-03 6.2727E-03 6.5394E-03 6.7995E-03 7.0447E-03 7.2686E-03 7.4729E-03 7.6642E-03 7.8478E-03 8.0506E-03 8.2795E-03 8.5347E-03 8.8213E-03 9.1262E-03 9.4206E-03 9.6861E-03 9.9423E-03 1.0187E-02 1.0409E-02 1.0606E-02 1.0775E-02 1.0921E-02 1.1041E-02 1.1121E-02 1.1199E-02 1.1332E-02 1.1549E-02 1.1802E-02 1.1996E-02 1.2033E-02 1.1953E-02 1.1862E-02 1.1844E-02 1.1896E-02 1.1976E-02 1.2013E-02 1.1981E-02 1.1885E-02 1.1676E-02 1.1315E-02 1.0802E-02 1.0210E-02 9.6329E-03 9.1209E-03 8.6782E-03 8.2933E-03 7.9513E-03 7.6461E-03
2.7157E-03 3.2913E-03 3.8516E-03 4.3802E-03 4.8704E-03 5.3239E-03 5.7459E-03 6.1429E-03 6.5178E-03 6.8695E-03 7.2010E-03 7.5216E-03 7.8359E-03 8.1382E-03 8.4211E-03 8.6836E-03 8.9291E-03 9.1575E-03 9.3969E-03 9.6652E-03 9.9602E-03 1.0289E-02 1.0647E-02 1.1014E-02 1.1362E-02 1.1689E-02 1.2001E-02 1.2285E-02 1.2521E-02 1.2709E-02 1.2884E-02 1.3053E-02 1.3190E-02 1.3308E-02 1.3461E-02 1.3704E-02 1.3995E-02 1.4216E-02 1.4251E-02 1.4150E-02 1.4047E-02 1.4040E-02 1.4126E-02 1.4243E-02 1.4299E-02 1.4274E-02 1.4174E-02 1.3933E-02 1.3497E-02 1.2866E-02 1.2148E-02 1.1460E-02 1.0850E-02 1.0321E-02 9.8627E-03 9.4520E-03 9.0770E-03
2.9899E-03 3.6259E-03 4.2425E-03 4.8217E-03 5.3579E-03 5.8555E-03 6.3228E-03 6.7660E-03 7.1878E-03 7.5883E-03 7.9691E-03 8.3372E-03 8.6987E-03 9.0539E-03 9.3952E-03 9.7147E-03 1.0014E-02 1.0290E-02 1.0565E-02 1.0863E-02 1.1186E-02 1.1548E-02 1.1953E-02 1.2388E-02 1.2824E-02 1.3229E-02 1.3602E-02 1.3938E-02 1.4205E-02 1.4417E-02 1.4632E-02 1.4854E-02 1.5044E-02 1.5195E-02 1.5347E-02 1.5590E-02 1.5908E-02 1.6148E-02 1.6165E-02 1.6035E-02 1.5918E-02 1.5923E-02 1.6037E-02 1.6186E-02 1.6269E-02 1.6266E-02 1.6172E-02 1.5904E-02 1.5390E-02 1.4652E-02 1.3831E-02 1.3051E-02 1.2353E-02 1.1749E-02 1.1232E-02 1.0763E-02 1.0324E-02
3.2105E-03 3.8941E-03 4.5531E-03 5.1681E-03 5.7360E-03 6.2641E-03 6.7646E-03 7.2450E-03 7.7073E-03 8.1501E-03 8.5736E-03 8.9822E-03 9.3835E-03 9.7838E-03 1.0178E-02 1.0553E-02 1.0909E-02 1.1240E-02 1.1558E-02 1.1884E-02 1.2232E-02 1.2621E-02 1.3060E-02 1.3546E-02 1.4058E-02 1.4545E-02 1.4980E-02 1.5357E-02 1.5654E-02 1.5900E-02 1.6149E-02 1.6418E-02 1.6662E-02 1.6843E-02 1.6993E-02 1.7230E-02 1.7561E-02 1.7803E-02 1.7801E-02 1.7643E-02 1.7515E-02 1.7529E-02 1.7666E-02 1.7848E-02 1.7982E-02 1.8027E-02 1.7947E-02 1.7638E-02 1.7036E-02 1.6200E-02 1.5285E-02 1.4404E-02 1.3616E-02 1.2946E-02 1.2379E-02 1.1863E-02 1.1373E-02
3.3820E-03 4.1003E-03 4.7892E-03 5.4293E-03 6.0188E-03 6.5678E-03 7.0910E-03 7.5991E-03 8.0953E-03 8.5736E-03 9.0300E-03 9.4722E-03 9.9093E-03 1.0349E-02 1.0787E-02 1.1212E-02 1.1627E-02 1.2022E-02 1.2397E-02 1.2764E-02 1.3142E-02 1.3553E-02 1.4011E-02 1.4533E-02 1.5102E-02 1.5659E-02 1.6164E-02 1.6599E-02 1.6934E-02 1.7211E-02 1.7482E-02 1.7778E-02 1.8063E-02 1.8279E-02 1.8450E-02 1.8695E-02 1.9034E-02 1.9266E-02 1.9249E-02 1.9060E-02 1.8911E-02 1.8931E-02 1.9098E-02 1.9335E-02 1.9556E-02 1.9687E-02 1.9623E-02 1.9249E-02 1.8535E-02 1.7583E-02 1.6556E-02 1.5571E-02 1.4701E-02 1.3968E-02 1.3346E-02 1.2775E-02 1.2240E-02
3.5120E-03 4.2566E-03 4.9661E-03 5.6234E-03 6.2282E-03 6.7923E-03 7.3305E-03 7.8544E-03 8.3703E-03 8.8731E-03 9.3557E-03 9.8292E-03 1.0303E-02 1.0780E-02 1.1252E-02 1.1720E-02 1.2192E-02 1.2659E-02 1.3112E-02 1.3531E-02 1.3947E-02 1.4382E-02 1.4852E-02 1.5398E-02 1.6008E-02 1.6620E-02 1.7192E-02 1.7694E-02 1.8083E-02 1.8387E-02 1.8662E-02 1.8959E-02 1.9274E-02 1.9553E-02 1.9788E-02 2.0066E-02 2.0407E-02 2.0632E-02 2.0606E-02 2.0380E-02 2.0191E-02 2.0204E-02 2.0404E-02 2.0722E-02 2.1067E-02 2.1330E-02 2.1309E-02 2.0853E-02 1.9994E-02 1.8887E-02 1.7726E-02 1.6638E-02 1.5690E-02 1.4895E-02 1.4215E-02 1.3582E-02 1.2993E-02
3.6079E-03 4.3716E-03 5.0953E-03 5.7625E-03 6.3757E-03 6.9516E-03 7.5012E-03 8.0338E-03 8.5572E-03 9.0745E-03 9.5826E-03 1.0088E-02 1.0595E-02 1.1100E-02 1.1603E-02 1.2109E-02 1.2632E-02 1.3171E-02 1.3704E-02 1.4193E-02 1.4661E-02 1.5130E-02 1.5624E-02 1.6196E-02 1.6832E-02 1.7483E-02 1.8118E-02 1.8695E-02 1.9149E-02 1.9478E-02 1.9742E-02 2.0035E-02 2.0376E-02 2.0723E-02 2.1029E-02 2.1350E-02 2.1709E-02 2.1929E-02 2.1891E-02 2.1629E-02 2.1400E-02 2.1400E-02 2.1636E-02 2.2054E-02 2.2578E-02 2.3032E-02 2.3090E-02 2.2556E-02 2.1516E-02 2.0208E-02 1.8884E-02 1.7675E-02 1.6636E-02 1.5777E-02 1.5044E-02 1.4351E-02 1.3707E-02
3.6721E-03 4.4491E-03 5.1830E-03 5.8570E-03 6.4751E-03 7.0588E-03 7.6182E-03 8.1577E-03 8.6836E-03 9.2068E-03 9.7335E-03 1.0270E-02 1.0808E-02 1.1341E-02 1.1874E-02 1.2414E-02 1.2979E-02 1.3568E-02 1.4163E-02 1.4739E-02 1.5283E-02 1.5804E-02 1.6345E-02 1.6955E-02 1.7618E-02 1.8297E-02 1.8985E-02 1.9630E-02 2.0150E-02 2.0518E-02 2.0784E-02 2.1065E-02 2.1422E-02 2.1821E-02 2.2180E-02 2.2557E-02 2.2954E-02 2.3158E-02 2.3073E-02 2.2775E-02 2.2529E-02 2.2532E-02 2.2832E-02 2.3374E-02 2.4085E-02 2.4761E-02 2.4967E-02 2.4420E-02 2.3199E-02 2.1646E-02 2.0110E-02 1.8738E-02 1.7592E-02 1.6649E-02 1.5847E-02 1.5107E-02 1.4421E-02
3.7069E-03 4.4946E-03 5.2392E-03 5.9212E-03 6.5435E-03 7.1295E-03 7.6935E-03 8.2396E-03 8.7676E-03 9.2934E-03 9.8334E-03 1.0397E-02 1.0968E-02 1.1533E-02 1.2100E-02 1.2671E-02 1.3259E-02 1.3870E-02 1.4508E-02 1.5163E-02 1.5803E-02 1.6413E-02 1.7029E-02 1.7689E-02 1.8390E-02 1.9092E-02 1.9817E-02 2.0513E-02 2.1101E-02 2.1534E-02 2.1832E-02 2.2115E-02 2.2480E-02 2.2899E-02 2.3310E-02 2.3751E-02 2.4181E-02 2.4353E-02 2.4209E-02 2.3873E-02 2.3631E-02 2.3659E-02 2.4035E-02 2.4681E-02 2.5554E-02 2.6495E-02 2.6947E-02 2.6470E-02 2.5090E-02 2.3257E-02 2.1430E-02 1.9846E-02 1.8579E-02 1.7541E-02 1.6651E-02 1.5857E-02 1.5121E-02
3.7150E-03 4.5117E-03 5.2693E-03 5.9629E-03 6.5929E-03 7.1826E-03 7.7505E-03 8.3010E-03 8.8310E-03 9.3601E-03 9.9109E-03 1.0495E-02 1.1094E-02 1.1695E-02 1.2296E-02 1.2900E-02 1.3510E-02 1.4130E-02 1.4781E-02 1.5483E-02 1.6224E-02 1.6956E-02 1.7677E-02 1.8413E-02 1.9162E-02 1.9885E-02 2.0614E-02 2.1339E-02 2.2002E-02 2.2530E-02 2.2883E-02 2.3195E-02 2.3557E-02 2.3949E-02 2.4407E-02 2.4938E-02 2.5441E-02 2.5602E-02 2.5376E-02 2.5001E-02 2.4767E-02 2.4855E-02 2.5333E-02 2.6066E-02 2.7059E-02 2.8270E-02 2.9014E-02 2.8650E-02 2.7142E-02 2.4989E-02 2.2787E-02 2.0966E-02 1.9609E-02 1.8497E-02 1.7508E-02 1.6622E-02 1.5790E-02
3.7048E-03 4.5063E-03 5.2761E-03 5.9850E-03 6.6285E-03 7.2293E-03 7.8056E-03 8.3612E-03 8.8942E-03 9.4274E-03 9.9845E-03 1.0582E-02 1.1203E-02 1.1837E-02 1.2470E-02 1.3101E-02 1.3726E-02 1.4354E-02 1.5010E-02 1.5753E-02 1.6581E-02 1.7447E-02 1.8310E-02 1.9161E-02 1.9968E-02 2.0719E-02 2.1442E-02 2.2138E-02 2.2828E-02 2.3462E-02 2.3878E-02 2.4193E-02 2.4559E-02 2.4947E-02 2.5441E-02 2.6059E-02 2.6674E-02 2.6866E-02 2.6553E-02 2.6135E-02 2.5905E-02 2.6097E-02 2.6735E-02 2.7588E-02 2.8707E-02 3.0218E-02 3.1331E-02 3.1128E-02 2.9451E-02 2.6887E-02 2.4268E-02 2.2217E-02 2.0804E-02 1.9633E-02 1.8524E-02 1.7511E-02 1.6542E-02
3.6902E-03 4.4930E-03 5.2707E-03 5.9939E-03 6.6539E-03 7.2709E-03 7.8585E-03 8.4195E-03 8.9555E-03 9.4934E-03 1.0057E-02 1.0665E-02 1.1307E-02 1.1969E-02 1.2631E-02 1.3285E-02 1.3922E-02 1.4571E-02 1.5236E-02 1.5997E-02 1.6869E-02 1.7844E-02 1.8871E-02 1.9879E-02 2.0772E-02 2.1591E-02 2.2322E-02 2.2940E-02 2.3623E-02 2.4374E-02 2.4877E-02 2.5164E-02 2.5534E-02 2.5980E-02 2.6526E-02 2.7191E-02 2.7888E-02 2.8112E-02 2.7714E-02 2.7190E-02 2.6950E-02 2.7287E-02 2.8176E-02 2.9230E-02 3.0455E-02 3.2327E-02 3.4042E-02 3.4145E-02 3.2160E-02 2.8946E-02 2.5868E-02 2.3660E-02 2.2201E-02 2.0992E-02 1.9742E-02 1.8528E-02 1.7429E-02
3.6802E-03 4.4827E-03 5.2633E-03 5.9965E-03 6.6722E-03 7.3062E-03 7.9081E-03 8.4772E-03 9.0166E-03 9.5616E-03 1.0136E-02 1.0759E-02 1.1419E-02 1.2108E-02 1.2802E-02 1.3483E-02 1.4141E-02 1.4829E-02 1.5512E-02 1.6234E-02 1.7112E-02 1.8129E-02 1.9263E-02 2.0401E-02 2.1456E-02 2.2549E-02 2.3467E-02 2.4069E-02 2.4720E-02 2.5620E-02 2.6339E-02 2.6667E-02 2.7000E-02 2.7511E-02 2.8114E-02 2.8741E-02 2.9442E-02 2.9755E-02 2.9252E-02 2.8502E-02 2.8275E-02 2.8797E-02 3.0037E-02 3.1421E-02 3.2644E-02 3.4736E-02 3.7097E-02 3.7536E-02 3.5251E-02 3.1261E-02 2.7599E-02 2.5239E-02 2.3730E-02 2.2456E-02 2.0996E-02 1.9551E-02 1.8411E-02
3.6771E-03 4.4781E-03 5.2579E-03 5.9954E-03 6.6789E-03 7.3207E-03 7.9321E-03 8.5132E-03 9.0674E-03 9.6307E-03 1.0225E-02 1.0868E-02 1.1549E-02 1.2263E-02 1.2978E-02 1.3684E-02 1.4383E-02 1.5110E-02 1.5829E-02 1.6547E-02 1.7374E-02 1.8363E-02 1.9532E-02 2.0762E-02 2.2040E-02 2.3826E-02 2.5515E-02 2.6232E-02 2.6861E-02 2.8036E-02 2.9381E-02 2.9667E-02 2.9804E-02 3.0366E-02 3.1012E-02 3.1586E-02 3.2354E-02 3.2977E-02 3.2395E-02 3.1215E-02 3.0840E-02 3.1795E-02 3.3580E-02 3.5497E-02 3.6338E-02 3.8097E-02 4.0913E-02 4.1437E-02 3.8683E-02 3.3995E-02 2.9565E-02 2.6896E-02 2.5343E-02 2.3885E-02 2.2132E-02 2.0624E-02 1.9542E-02
3.6794E-03 4.4790E-03 5.2558E-03 5.9895E-03 6.6719E-03 7.3142E-03 7.9306E-03 8.5243E-03 9.1027E-03 9.6929E-03 1.0309E-02 1.0968E-02 1.1669E-02 1.2404E-02 1.3140E-02 1.3876E-02 1.4628E-02 1.5383E-02 1.6130E-02 1.6874E-02 1.7674E-02 1.8613E-02 1.9735E-02 2.1025E-02 2.2532E-02 2.4999E-02 2.7511E-02 2.8292E-02 2.8934E-02 3.0251E-02 3.2153E-02 3.2612E-02 3.2543E-02 3.3022E-02 3.3658E-02 3.4139E-02 3.5092E-02 3.5796E-02 3.5282E-02 3.4284E-02 3.3881E-02 3.5300E-02 3.7453E-02 3.9608E-02 4.0268E-02 4.2253E-02 4.6056E-02 4.6243E-02 4.2218E-02 3.6816E-02 3.1711E-02 2.8854E-02 2.7280E-02 2.5451E-02 2.3367E-02 2.1877E-02 2.0786E-02
3.6811E-03 4.4787E-03 5.2506E-03 5.9767E-03 6.6529E-03 7.2917E-03 7.9105E-03 8.5143E-03 9.1146E-03 9.7257E-03 1.0356E-02 1.1033E-02 1.1761E-02 1.2518E-02 1.3286E-02 1.4061E-02 1.4843E-02 1.5640E-02 1.6430E-02 1.7206E-02 1.8023E-02 1.8899E-02 1.9917E-02 2.1212E-02 2.2946E-02 2.5687E-02 2.8434E-02 2.9069E-02 2.9370E-02 3.0486E-02 3.2818E-02 3.4039E-02 3.4035E-02 3.4570E-02 3.5162E-02 3.5624E-02 3.6443E-02 3.6559E-02 3.6127E-02 3.6487E-02 3.6962E-02 3.8583E-02 4.0623E-02 4.2276E-02 4.3418E-02 4.6816E-02 5.2179E-02 5.2099E-02 4.6599E-02 3.9955E-02 3.4385E-02 3.1637E-02 3.0088E-02 2.7757E-02 2.5136E-02 2.3338E-02 2.2011E-02
3.6841E-03 4.4787E-03 5.2435E-03 5.9593E-03 6.6261E-03 7.2599E-03 7.8807E-03 8.4921E-03 9.1076E-03 9.7334E-03 1.0379E-02 1.1083E-02 1.1847E-02 1.2640E-02 1.3450E-02 1.4273E-02 1.5116E-02 1.5973E-02 1.6799E-02 1.7595E-02 1.8434E-02 1.9270E-02 2.0207E-02 2.1417E-02 2.3225E-02 2.6416E-02 2.9710E-02 3.0333E-02 3.0105E-02 3.0919E-02 3.3297E-02 3.5210E-02 3.5639E-02 3.6497E-02 3.7090E-02 3.7724E-02 3.8310E-02 3.7804E-02 3.7433E-02 3.8933E-02 4.1437E-02 4.3175E-02 4.4891E-02 4.6241E-02 4.8012E-02 5.2839E-02 5.9748E-02 5.9382E-02 5.2880E-02 4.4489E-02 3.8558E-02 3.5634E-02 3.3616E-02 3.0655E-02 2.7458E-02 2.5028E-02 2.3310E-02
3.6929E-03 4.4854E-03 5.2429E-03 5.9466E-03 6.6012E-03 7.2277E-03 7.8474E-03 8.4642E-03 9.0911E-03 9.7291E-03 1.0396E-02 1.1134E-02 1.1933E-02 1.2770E-02 1.3621E-02 1.4506E-02 1.5460E-02 1.6402E-02 1.7269E-02 1.8102E-02 1.8958E-02 1.9779E-02 2.0658E-02 2.1784E-02 2.3472E-02 2.7032E-02 3.1150E-02 3.2095E-02 3.1969E-02 3.2310E-02 3.4442E-02 3.6888E-02 3.7746E-02 3.8933E-02 3.9564E-02 4.0807E-02 4.1696E-02 4.0451E-02 4.0165E-02 4.2256E-02 4.6588E-02 4.9142E-02 5.0897E-02 5.2517E-02 5.5200E-02 6.1872E-02 7.1355E-02 7.0273E-02 6.1461E-02 5.0812E-02 4.4259E-02 4.1011E-02 3.8258E-02 3.4271E-02 3.0581E-02 2.7585E-02 2.4867E-02
3.7072E-03 4.5004E-03 5.2523E-03 5.9445E-03 6.5846E-03 7.1981E-03 7.8090E-03 8.4232E-03 9.0561E-03 9.7073E-03 1.0400E-02 1.1171E-02 1.1997E-02 1.2866E-02 1.3768E-02 1.4725E-02 1.5775E-02 1.6803E-02 1.7764E-02 1.8706E-02 1.9604E-02 2.0442E-02 2.1331E-02 2.2370E-02 2.3875E-02 2.7283E-02 3.2148E-02 3.4185E-02 3.5027E-02 3.4995E-02 3.6425E-02 3.9115E-02 4.0286E-02 4.1290E-02 4.2120E-02 4.3935E-02 4.5328E-02 4.3857E-02 4.4195E-02 4.7560E-02 5.2134E-02 5.6197E-02 5.9668E-02 6.1362E-02 6.5846E-02 7.5078E-02 8.8675E-02 8.4308E-02 7.2114E-02 6.0298E-02 5.1043E-02 4.6830E-02 4.3827E-02 3.8803E-02 3.4224E-02 3.0685E-02 2.7314E-02
3.7273E-03 4.5234E-03 5.2717E-03 5.9568E-03 6.5850E-03 7.1830E-03 7.7789E-03 8.3792E-03 9.0038E-03 9.6663E-03 1.0385E-02 1.1187E-02 1.2045E-02 1.2960E-02 1.3940E-02 1.4974E-02 1.6072E-02 1.7203E-02 1.8322E-02 1.9350E-02 2.0280E-02 2.1168E-02 2.2109E-02 2.3114E-02 2.4522E-02 2.7616E-02 3.2562E-02 3.6175E-02 3.8231E-02 3.8574E-02 3.9851E-02 4.3303E-02 4.4820E-02 4.5042E-02 4.5427E-02 4.6989E-02 4.8840E-02 4.8220E-02 5.0236E-02 5.4564E-02 5.8247E-02 6.4206E-02 7.0444E-02 7.3003E-02 8.0370E-02 9.6933E-02 1.1765E-01 1.0533E-01 8.8525E-02 7.4488E-02 6.2401E-02 5.6001E-02 5.0191E-02 4.3424E-02 3.7348E-02 3.3473E-02 3.0248E-02
3.7553E-03 4.5578E-03 5.3054E-03 5.9867E-03 6.6111E-03 7.1988E-03 7.7786E-03 8.3572E-03 8.9606E-03 9.6217E-03 1.0362E-02 1.1197E-02 1.2088E-02 1.3042E-02 1.4112E-02 1.5246E-02 1.6409E-02 1.7651E-02 1.8893E-02 2.0038E-02 2.1052E-02 2.2004E-02 2.3025E-02 2.4070E-02 2.5344E-02 2.8338E-02 3.2793E-02 3.7619E-02 4.1952E-02 4.3374E-02 4.5002E-02 4.8346E-02 5.0410E-02 5.0682E-02 5.0878E-02 5.1040E-02 5.2295E-02 5.3711E-02 5.8873E-02 6.4782E-02 6.7542E-02 7.5591E-02 8.2936E-02 9.0185E-02 1.0258E-01 1.3083E-01 1.7242E-01 1.3844E-01 1.1140E-01 9.6731E-02 7.9349E-02 6.7903E-02 5.8161E-02 5.0647E-02 4.2911E-02 3.7020E-02 3.2970E-02
3.7904E-03 4.6035E-03 5.3551E-03 6.0347E-03 6.6570E-03 7.2376E-03 7.8027E-03 8.3608E-03 8.9427E-03 9.5907E-03 1.0338E-02 1.1182E-02 1.2077E-02 1.3051E-02 1.4182E-02 1.5407E-02 1.6695E-02 1.8021E-02 1.9384E-02 2.0667E-02 2.1834E-02 2.2979E-02 2.4115E-02 2.5221E-02 2.6520E-02 2.9705E-02 3.4381E-02 3.9119E-02 4.6018E-02 5.0598E-02 5.3473E-02 5.6785E-02 5.8332E-02 5.8892E-02 5.9470E-02 5.8257E-02 5.7328E-02 6.0633E-02 6.9342E-02 7.9056E-02 8.3729E-02 9.6691E-02 9.8356E-02 1.1350E-01 1.3817E-01 1.8467E-01 2.6186E-01 1.9311E-01 1.4679E-01 1.3626E-01 1.0435E-01 8.3714E-02 6.8389E-02 5.8435E-02 4.8553E-02 4.0968E-02 3.5799E-02
3.8298E-03 4.6582E-03 5.4217E-03 6.1037E-03 6.7220E-03 7.2991E-03 7.8581E-03 8.4097E-03 8.9799E-03 9.6057E-03 1.0332E-02 1.1162E-02 1.2055E-02 1.3046E-02 1.4225E-02 1.5520E-02 1.6890E-02 1.8321E-02 1.9806E-02 2.1211E-02 2.2618E-02 2.4092E-02 2.5359E-02 2.6501E-02 2.8010E-02 3.1467E-02 3.6550E-02 4.0887E-02 4.8754E-02 5.9873E-02 6.6126E-02 7.2018E-02 7.2345E-02 7.0693E-02 7.2299E-02 7.0093E-02 6.6780E-02 7.0313E-02 7.8958E-02 1.0734E-01 1.3080E-01 1.5153E-01 1.2281E-01 1.3734E-01 1.9404E-01 2.7139E-01 4.1684E-01 3.1584E-01 2.1018E-01 2.0542E-01 1.4159E-01 1.1157E-01 8.4999E-02 6.8979E-02 5.6071E-02 4.4971E-02 3.8199E-02
3.8688E-03 4.7152E-03 5.4985E-03 6.1935E-03 6.8125E-03 7.3890E-03 7.9535E-03 8.5184E-03 9.0920E-03 9.6993E-03 1.0391E-02 1.1190E-02 1.2083E-02 1.3098E-02 1.4311E-02 1.5635E-02 1.7062E-02 1.8576E-02 2.0181E-02 2.1806E-02 2.3438E-02 2.5184E-02 2.6721E-02 2.8179E-02 2.9958E-02 3.3415E-02 3.8932E-02 4.3447E-02 5.1624E-02 6.5187E-02 9.0180E-02 9.7995E-02 1.0093E-01 9.4536E-02 9.6756E-02 8.5577E-02 8.5456E-02 8.2036E-02 9.5228E-02 1.3236E-01 3.3197E-01 3.0804E-01 1.4515E-01 1.5374E-01 2.5512E-01 4.4670E-01 6.8487E-01 5.4390E-01 3.7555E-01 3.1125E-01 1.9518E-01 1.4418E-01 1.0498E-01 7.8015E-02 6.3389E-02 5.1597E-02 4.6235E-02
