20231023_webinar_progetto_murano/data_input/lapost_grid_hbd_npr/max24h.grd
ncols        81
nrows        81
xllcorner      7.602250000E+05
yllcorner      5.036725000E+06
cellsize      5.000000000E+01
nodata_value         -9
[rows 50 to 74 of 81, columns 0 to 56 of 81]
6.4724E-02 8.0844E-02 9.7037E-02 1.1250E-01 1.2712E-01 1.4083E-01 1.5382E-01 1.6664E-01 1.7970E-01 1.9348E-01 2.0826E-01 2.2493E-01 2.4413E-01 2.6579E-01 2.8809E-01 3.1003E-01 3.3369E-01 3.6306E-01 3.9622E-01 4.2869E-01 4.5211E-01 4.5747E-01 4.4455E-01 4.1722E-01 4.1054E-01 4.2358E-01 4.4801E-01 6.0120E-01 8.2508E-01 1.1210E+00 1.4697E+00 1.7394E+00 1.8437E+00 1.7355E+00 1.5038E+00 1.3641E+00 1.2852E+00 1.3529E+00 1.3631E+00 1.3007E+00 1.2129E+00 1.1493E+00 1.0781E+00 9.9021E-01 9.1906E-01 8.7037E-01 8.2728E-01 7.6135E-01 6.9430E-01 6.4825E-01 5.9622E-01 5.4014E-01 4.8797E-01 4.6487E-01 4.4202E-01 4.1648E-01 4.0767E-01
7.0630E-02 8.8134E-02 1.0570E-01 1.2247E-01 1.3829E-01 1.5303E-01 1.6677E-01 1.7998E-01 1.9287E-01 2.0589E-01 2.1940E-01 2.3437E-01 2.5126E-01 2.6981E-01 2.8867E-01 3.0780E-01 3.2997E-01 3.5877E-01 3.8875E-01 4.0953E-01 4.1468E-01 3.9837E-01 3.5940E-01 3.5936E-01 3.6007E-01 3.6231E-01 4.7217E-01 6.2280E-01 8.2854E-01 1.0733E+00 1.3302E+00 1.5163E+00 1.5710E+00 1.4880E+00 1.3203E+00 1.2285E+00 1.1701E+00 1.1497E+00 1.1933E+00 1.1857E+00 1.1348E+00 1.0718E+00 9.9859E-01 9.1801E-01 8.5338E-01 8.0882E-01 7.7216E-01 7.2075E-01 6.4706E-01 6.0260E-01 5.6338E-01 5.2162E-01 4.7884E-01 4.4087E-01 4.1230E-01 3.9401E-01 3.8943E-01
7.5884E-02 9.4476E-02 1.1304E-01 1.3073E-01 1.4727E-01 1.6255E-01 1.7653E-01 1.8960E-01 2.0181E-01 2.1355E-01 2.2529E-01 2.3793E-01 2.5200E-01 2.6750E-01 2.8397E-01 3.0202E-01 3.2270E-01 3.4608E-01 3.6591E-01 3.7079E-01 3.5602E-01 3.2490E-01 3.1740E-01 3.1361E-01 2.9881E-01 3.8641E-01 4.9926E-01 6.4607E-01 8.3169E-01 1.0373E+00 1.2260E+00 1.3406E+00 1.3821E+00 1.3063E+00 1.1861E+00 1.1055E+00 1.0645E+00 1.0239E+00 1.0530E+00 1.0774E+00 1.0576E+00 1.0064E+00 9.3820E-01 8.6269E-01 7.9959E-01 7.5581E-01 7.2223E-01 6.8113E-01 6.2490E-01 5.6181E-01 5.3078E-01 5.0040E-01 4.6764E-01 4.3491E-01 4.0664E-01 3.8444E-01 3.6772E-01
8.0184E-02 9.9454E-02 1.1854E-01 1.3658E-01 1.5323E-01 1.6839E-01 1.8196E-01 1.9430E-01 2.0543E-01 2.1574E-01 2.2572E-01 2.3608E-01 2.4760E-01 2.6080E-01 2.7584E-01 2.9295E-01 3.1007E-01 3.2373E-01 3.2914E-01 3.1933E-01 2.9293E-01 2.6793E-01 2.6721E-01 2.5772E-01 3.1962E-01 4.1006E-01 5.2406E-01 6.6358E-01 8.2692E-01 9.9509E-01 1.1328E+00 1.2127E+00 1.2310E+00 1.1724E+00 1.0738E+00 1.0073E+00 9.7508E-01 9.3949E-01 9.3757E-01 9.7779E-01 9.8053E-01 9.4849E-01 8.9319E-01 8.2403E-01 7.6045E-01 7.1403E-01 6.8039E-01 6.4647E-01 6.0342E-01 5.4644E-01 5.0311E-01 4.7942E-01 4.5440E-01 4.2802E-01 4.0218E-01 3.7967E-01 3.6077E-01
8.3328E-02 1.0289E-01 1.2201E-01 1.3984E-01 1.5598E-01 1.7038E-01 1.8299E-01 1.9419E-01 2.0408E-01 2.1311E-01 2.2167E-01 2.3028E-01 2.3987E-01 2.5122E-01 2.6424E-01 2.7798E-01 2.8856E-01 2.9186E-01 2.8549E-01 2.6712E-01 2.3826E-01 2.2826E-01 2.2192E-01 2.6614E-01 3.3938E-01 4.3035E-01 5.4142E-01 6.7211E-01 8.1527E-01 9.4953E-01 1.0573E+00 1.1155E+00 1.1146E+00 1.0569E+00 9.8087E-01 9.2990E-01 9.0079E-01 8.6630E-01 8.3941E-01 8.8735E-01 9.0704E-01 8.9518E-01 8.5519E-01 7.9446E-01 7.3187E-01 6.8276E-01 6.4784E-01 6.1808E-01 5.8375E-01 5.3857E-01 4.8093E-01 4.6007E-01 4.3987E-01 4.1888E-01 3.9710E-01 3.7558E-01 3.5611E-01
8.5409E-02 1.0501E-01 1.2388E-01 1.4116E-01 1.5650E-01 1.6991E-01 1.8133E-01 1.9133E-01 2.0002E-01 2.0795E-01 2.1539E-01 2.2248E-01 2.3000E-01 2.3868E-01 2.4768E-01 2.5529E-01 2.5818E-01 2.5356E-01 2.4050E-01 2.1947E-01 2.0469E-01 1.9413E-01 2.2402E-01 2.8302E-01 3.5641E-01 4.4609E-01 5.5205E-01 6.7321E-01 8.0013E-01 9.1037E-01 9.9106E-01 1.0280E+00 1.0164E+00 9.7160E-01 9.1366E-01 8.6855E-01 8.3738E-01 7.9909E-01 7.5149E-01 8.0387E-01 8.3598E-01 8.4119E-01 8.1763E-01 7.6913E-01 7.1128E-01 6.6095E-01 6.2349E-01 5.9407E-01 5.6410E-01 5.2710E-01 4.7989E-01 4.4186E-01 4.2441E-01 4.0709E-01 3.8911E-01 3.7047E-01 3.5205E-01
8.6542E-02 1.0607E-01 1.2460E-01 1.4130E-01 1.5588E-01 1.6840E-01 1.7879E-01 1.8761E-01 1.9505E-01 2.0175E-01 2.0786E-01 2.1286E-01 2.1713E-01 2.2142E-01 2.2493E-01 2.2637E-01 2.2371E-01 2.1518E-01 2.0028E-01 1.9066E-01 1.8118E-01 1.9077E-01 2.3842E-01 2.9755E-01 3.7011E-01 4.5739E-01 5.5763E-01 6.6620E-01 7.7378E-01 8.6629E-01 9.3060E-01 9.5445E-01 9.4107E-01 9.0697E-01 8.5681E-01 8.1345E-01 7.7987E-01 7.3980E-01 6.8005E-01 7.2898E-01 7.6833E-01 7.8579E-01 7.7677E-01 7.4166E-01 6.9166E-01 6.4249E-01 6.0263E-01 5.7156E-01 5.4330E-01 5.1182E-01 4.7281E-01 4.2493E-01 4.0911E-01 3.9452E-01 3.7993E-01 3.6433E-01 3.4786E-01
8.7135E-02 1.0665E-01 1.2496E-01 1.4121E-01 1.5520E-01 1.6693E-01 1.7629E-01 1.8379E-01 1.8955E-01 1.9436E-01 1.9824E-01 2.0036E-01 2.0069E-01 1.9989E-01 1.9826E-01 1.9572E-01 1.9098E-01 1.8228E-01 1.7384E-01 1.6993E-01 1.7631E-01 2.0275E-01 2.5072E-01 3.0949E-01 3.8046E-01 4.6417E-01 5.5804E-01 6.5500E-01 7.4473E-01 8.1908E-01 8.7257E-01 8.9134E-01 8.7035E-01 8.3536E-01 7.9606E-01 7.5784E-01 7.2446E-01 6.8620E-01 6.3164E-01 6.6278E-01 7.0500E-01 7.3064E-01 7.3326E-01 7.1067E-01 6.7004E-01 6.2454E-01 5.8386E-01 5.5097E-01 5.2294E-01 4.9473E-01 4.6164E-01 4.2109E-01 3.9386E-01 3.8133E-01 3.6925E-01 3.5621E-01 3.4181E-01
8.7583E-02 1.0722E-01 1.2544E-01 1.4132E-01 1.5470E-01 1.6548E-01 1.7341E-01 1.7901E-01 1.8229E-01 1.8414E-01 1.8476E-01 1.8361E-01 1.8047E-01 1.7587E-01 1.7113E-01 1.6720E-01 1.6295E-01 1.5617E-01 1.5568E-01 1.6557E-01 1.7422E-01 2.1296E-01 2.6097E-01 3.1926E-01 3.8829E-01 4.6734E-01 5.5327E-01 6.3973E-01 7.1663E-01 7.7611E-01 8.1395E-01 8.2365E-01 8.0374E-01 7.7103E-01 7.3602E-01 7.0161E-01 6.7006E-01 6.3471E-01 5.8712E-01 6.0443E-01 6.4666E-01 6.7696E-01 6.8811E-01 6.7638E-01 6.4548E-01 6.0577E-01 5.6667E-01 5.3323E-01 5.0508E-01 4.7848E-01 4.4916E-01 4.1411E-01 3.7874E-01 3.6777E-01 3.5749E-01 3.4629E-01 3.3367E-01
8.8040E-02 1.0784E-01 1.2588E-01 1.4116E-01 1.5349E-01 1.6274E-01 1.6854E-01 1.7150E-01 1.7160E-01 1.6988E-01 1.6699E-01 1.6303E-01 1.5777E-01 1.5172E-01 1.4640E-01 1.4301E-01 1.4032E-01 1.4388E-01 1.5387E-01 1.6181E-01 1.8267E-01 2.2146E-01 2.6917E-01 3.2654E-01 3.9329E-01 4.6711E-01 5.4433E-01 6.2065E-01 6.8813E-01 7.3828E-01 7.6490E-01 7.6636E-01 7.4684E-01 7.1456E-01 6.8124E-01 6.5000E-01 6.2025E-01 5.8810E-01 5.4641E-01 5.5139E-01 5.9186E-01 6.2429E-01 6.4151E-01 6.3894E-01 6.1771E-01 5.8555E-01 5.5053E-01 5.1838E-01 4.9044E-01 4.6452E-01 4.3733E-01 4.0613E-01 3.7022E-01 3.5461E-01 3.4579E-01 3.3615E-01 3.2522E-01
8.8400E-02 1.0821E-01 1.2573E-01 1.3986E-01 1.5044E-01 1.5743E-01 1.6045E-01 1.6036E-01 1.5726E-01 1.5244E-01 1.4693E-01 1.4132E-01 1.3553E-01 1.3006E-01 1.2608E-01 1.2427E-01 1.3065E-01 1.4056E-01 1.4894E-01 1.5799E-01 1.8985E-01 2.2852E-01 2.7557E-01 3.3134E-01 3.9496E-01 4.6348E-01 5.3297E-01 6.0002E-01 6.5863E-01 7.0100E-01 7.2117E-01 7.1755E-01 6.9645E-01 6.6564E-01 6.3470E-01 6.0556E-01 5.7774E-01 5.4810E-01 5.1020E-01 5.0160E-01 5.3921E-01 5.7203E-01 5.9352E-01 5.9867E-01 5.8684E-01 5.6319E-01 5.3396E-01 5.0474E-01 4.7782E-01 4.5250E-01 4.2662E-01 3.9808E-01 3.6579E-01 3.4228E-01 3.3471E-01 3.2648E-01 3.1720E-01
8.8156E-02 1.0760E-01 1.2402E-01 1.3627E-01 1.4436E-01 1.4861E-01 1.4877E-01 1.4586E-01 1.4036E-01 1.3378E-01 1.2726E-01 1.2139E-01 1.1621E-01 1.1226E-01 1.1163E-01 1.1926E-01 1.2738E-01 1.3522E-01 1.4203E-01 1.6409E-01 1.9594E-01 2.3435E-01 2.8043E-01 3.3404E-01 3.9404E-01 4.5736E-01 5.2012E-01 5.7883E-01 6.2854E-01 6.6342E-01 6.7863E-01 6.7304E-01 6.5251E-01 6.2413E-01 5.9448E-01 5.6694E-01 5.4125E-01 5.1353E-01 4.7808E-01 4.6086E-01 4.8911E-01 5.2134E-01 5.4577E-01 5.5732E-01 5.5415E-01 5.3908E-01 5.1643E-01 4.9122E-01 4.6617E-01 4.4177E-01 4.1693E-01 3.9029E-01 3.6076E-01 3.3096E-01 3.2454E-01 3.1768E-01 3.0995E-01
8.6657E-02 1.0519E-01 1.1993E-01 1.2972E-01 1.3493E-01 1.3638E-01 1.3411E-01 1.2923E-01 1.2256E-01 1.1574E-01 1.0966E-01 1.0460E-01 1.0062E-01 1.0509E-01 1.1095E-01 1.1700E-01 1.2333E-01 1.2928E-01 1.4302E-01 1.6947E-01 2.0118E-01 2.3910E-01 2.8389E-01 3.3500E-01 3.9124E-01 4.4958E-01 5.0625E-01 5.5809E-01 6.0032E-01 6.2894E-01 6.3997E-01 6.3368E-01 6.1463E-01 5.8804E-01 5.5940E-01 5.3268E-01 5.0794E-01 4.8130E-01 4.5437E-01 4.4043E-01 4.4375E-01 4.7469E-01 5.0089E-01 5.1742E-01 5.2153E-01 5.1409E-01 4.9785E-01 4.7703E-01 4.5442E-01 4.3136E-01 4.0767E-01 3.8264E-01 3.5541E-01 3.2575E-01 3.1523E-01 3.0955E-01 3.0314E-01
8.3229E-02 1.0016E-01 1.1270E-01 1.1997E-01 1.2256E-01 1.2165E-01 1.1769E-01 1.1210E-01 1.0568E-01 9.9772E-02 9.4972E-02 9.5970E-02 9.9894E-02 1.0408E-01 1.0838E-01 1.1304E-01 1.1792E-01 1.2556E-01 1.4791E-01 1.7429E-01 2.0570E-01 2.4275E-01 2.8586E-01 3.3435E-01 3.8675E-01 4.4015E-01 4.9116E-01 5.3695E-01 5.7322E-01 5.9653E-01 6.0414E-01 5.9685E-01 5.7915E-01 5.5450E-01 5.2743E-01 5.0173E-01 4.7786E-01 4.5237E-01 4.3516E-01 4.2225E-01 4.1597E-01 4.3382E-01 4.6049E-01 4.8020E-01 4.8974E-01 4.8861E-01 4.7829E-01 4.6203E-01 4.4241E-01 4.2120E-01 3.9892E-01 3.7541E-01 3.5014E-01 3.2283E-01 3.0664E-01 3.0193E-01 2.9655E-01
7.7600E-02 9.2343E-02 1.0253E-01 1.0773E-01 1.0862E-01 1.0632E-01 1.0167E-01 9.6399E-02 9.1173E-02 8.8955E-02 9.2340E-02 9.5177E-02 9.8012E-02 1.0096E-01 1.0391E-01 1.0731E-01 1.1115E-01 1.3004E-01 1.5238E-01 1.7864E-01 2.0959E-01 2.4549E-01 2.8674E-01 3.3242E-01 3.8075E-01 4.2925E-01 4.7477E-01 5.1472E-01 5.4596E-01 5.6506E-01 5.6960E-01 5.6170E-01 5.4545E-01 5.2275E-01 4.9724E-01 4.7294E-01 4.5063E-01 4.2703E-01 4.1594E-01 4.0565E-01 4.0126E-01 3.9856E-01 4.2473E-01 4.4611E-01 4.5941E-01 4.6331E-01 4.5828E-01 4.4656E-01 4.3026E-01 4.1132E-01 3.9071E-01 3.6870E-01 3.4517E-01 3.1989E-01 2.9863E-01 2.9459E-01 2.9001E-01
7.0075E-02 8.2476E-02 9.0538E-02 9.4255E-02 9.4340E-02 9.1847E-02 8.7950E-02 8.3779E-02 8.5385E-02 8.9044E-02 9.0855E-02 9.2590E-02 9.4543E-02 9.6553E-02 9.8475E-02 1.0086E-01 1.1545E-01 1.3436E-01 1.5667E-01 1.8272E-01 2.1307E-01 2.4779E-01 2.8703E-01 3.2979E-01 3.7412E-01 4.1806E-01 4.5794E-01 4.9279E-01 5.1969E-01 5.3513E-01 5.3702E-01 5.2837E-01 5.1272E-01 4.9200E-01 4.6886E-01 4.4632E-01 4.2536E-01 4.0834E-01 3.9646E-01 3.8911E-01 3.8626E-01 3.8121E-01 3.9305E-01 4.1503E-01 4.3081E-01 4.3862E-01 4.3795E-01 4.3058E-01 4.1783E-01 4.0150E-01 3.8284E-01 3.6242E-01 3.4051E-01 3.1702E-01 2.9194E-01 2.8723E-01 2.8351E-01
6.1536E-02 7.1829E-02 7.8292E-02 8.1034E-02 8.0878E-02 7.8992E-02 7.6366E-02 8.0688E-02 8.4988E-02 8.7169E-02 8.7973E-02 8.8921E-02 9.0207E-02 9.1622E-02 9.3023E-02 1.0320E-01 1.1915E-01 1.3805E-01 1.6023E-01 1.8591E-01 2.1551E-01 2.4893E-01 2.8602E-01 3.2557E-01 3.6579E-01 4.0521E-01 4.4040E-01 4.7065E-01 4.9322E-01 5.0537E-01 5.0569E-01 4.9676E-01 4.8155E-01 4.6252E-01 4.4185E-01 4.2141E-01 4.0165E-01 3.8919E-01 3.7594E-01 3.7292E-01 3.7110E-01 3.6731E-01 3.6389E-01 3.8578E-01 4.0310E-01 4.1395E-01 4.1722E-01 4.1394E-01 4.0478E-01 3.9132E-01 3.7488E-01 3.5621E-01 3.3593E-01 3.1413E-01 2.9081E-01 2.7990E-01 2.7682E-01
5.3076E-02 6.1596E-02 6.6932E-02 6.9180E-02 6.9234E-02 7.2110E-02 7.6460E-02 8.0151E-02 8.2902E-02 8.4188E-02 8.4570E-02 8.5074E-02 8.5953E-02 8.7071E-02 9.2895E-02 1.0625E-01 1.2227E-01 1.4114E-01 1.6312E-01 1.8835E-01 2.1713E-01 2.4927E-01 2.8436E-01 3.2107E-01 3.5754E-01 3.9254E-01 4.2344E-01 4.4967E-01 4.6826E-01 4.7752E-01 4.7678E-01 4.6801E-01 4.5351E-01 4.3603E-01 4.1729E-01 3.9843E-01 3.7930E-01 3.6940E-01 3.5731E-01 3.5838E-01 3.5743E-01 3.5454E-01 3.4932E-01 3.5789E-01 3.7606E-01 3.8919E-01 3.9578E-01 3.9621E-01 3.9062E-01 3.8020E-01 3.6625E-01 3.4960E-01 3.3107E-01 3.1097E-01 2.8931E-01 2.7262E-01 2.7006E-01
4.5653E-02 5.2722E-02 5.7448E-02 6.4293E-02 6.9360E-02 7.3177E-02 7.6133E-02 7.8244E-02 7.9702E-02 8.0422E-02 8.0753E-02 8.1148E-02 8.1876E-02 8.3948E-02 9.5193E-02 1.0866E-01 1.2473E-01 1.4355E-01 1.6527E-01 1.8994E-01 2.1778E-01 2.4849E-01 2.8156E-01 3.1561E-01 3.4877E-01 3.7976E-01 4.0674E-01 4.2925E-01 4.4439E-01 4.5136E-01 4.5003E-01 4.4208E-01 4.2886E-01 4.1267E-01 3.9512E-01 3.7711E-01 3.5844E-01 3.5010E-01 3.4247E-01 3.4443E-01 3.4427E-01 3.4206E-01 3.3715E-01 3.3148E-01 3.4989E-01 3.6457E-01 3.7377E-01 3.7741E-01 3.7518E-01 3.6787E-01 3.5661E-01 3.4224E-01 3.2566E-01 3.0729E-01 2.8725E-01 2.6576E-01 2.6267E-01
3.9795E-02 5.0186E-02 5.9137E-02 6.5569E-02 6.9832E-02 7.2698E-02 7.4575E-02 7.5567E-02 7.6076E-02 7.6381E-02 7.6765E-02 7.7262E-02 7.8090E-02 8.5459E-02 9.6821E-02 1.1037E-01 1.2648E-01 1.4521E-01 1.6666E-01 1.9078E-01 2.1762E-01 2.4675E-01 2.7754E-01 3.0873E-01 3.3899E-01 3.6699E-01 3.9056E-01 4.0968E-01 4.2198E-01 4.2711E-01 4.2541E-01 4.1843E-01 4.0664E-01 3.9112E-01 3.7412E-01 3.5672E-01 3.4007E-01 3.3209E-01 3.2813E-01 3.3071E-01 3.3114E-01 3.2947E-01 3.2504E-01 3.1759E-01 3.2462E-01 3.4017E-01 3.5131E-01 3.5763E-01 3.5849E-01 3.5427E-01 3.4583E-01 3.3394E-01 3.1946E-01 3.0292E-01 2.8451E-01 2.6450E-01 2.5476E-01
4.0233E-02 5.1066E-02 5.9546E-02 6.5342E-02 6.8886E-02 7.1048E-02 7.2264E-02 7.2667E-02 7.2640E-02 7.2600E-02 7.2906E-02 7.3443E-02 7.6862E-02 8.6375E-02 9.7827E-02 1.1144E-01 1.2754E-01 1.4614E-01 1.6729E-01 1.9093E-01 2.1693E-01 2.4476E-01 2.7344E-01 3.0180E-01 3.2896E-01 3.5400E-01 3.7482E-01 3.9144E-01 4.0138E-01 4.0490E-01 4.0275E-01 3.9575E-01 3.8444E-01 3.6986E-01 3.5381E-01 3.3736E-01 3.2477E-01 3.1602E-01 3.1428E-01 3.1722E-01 3.1790E-01 3.1644E-01 3.1236E-01 3.0527E-01 3.0064E-01 3.1644E-01 3.2883E-01 3.3722E-01 3.4077E-01 3.3945E-01 3.3383E-01 3.2450E-01 3.1223E-01 2.9759E-01 2.8084E-01 2.6231E-01 2.4621E-01
4.0703E-02 5.1185E-02 5.8976E-02 6.3978E-02 6.6840E-02 6.8466E-02 6.9321E-02 6.9490E-02 6.9279E-02 6.9068E-02 6.9277E-02 6.9805E-02 7.7180E-02 8.6762E-02 9.8270E-02 1.1190E-01 1.2793E-01 1.4629E-01 1.6707E-01 1.9021E-01 2.1548E-01 2.4218E-01 2.6905E-01 2.9475E-01 3.1866E-01 3.4061E-01 3.5914E-01 3.7353E-01 3.8132E-01 3.8362E-01 3.8112E-01 3.7378E-01 3.6264E-01 3.4899E-01 3.3390E-01 3.1844E-01 3.0964E-01 3.0039E-01 3.0077E-01 3.0383E-01 3.0447E-01 3.0286E-01 2.9873E-01 2.9177E-01 2.8237E-01 2.9368E-01 3.0674E-01 3.1664E-01 3.2240E-01 3.2369E-01 3.2074E-01 3.1396E-01 3.0395E-01 2.9127E-01 2.7625E-01 2.5921E-01 2.4046E-01
4.0807E-02 5.0818E-02 5.7785E-02 6.1848E-02 6.3919E-02 6.4999E-02 6.5617E-02 6.5766E-02 6.5642E-02 6.5529E-02 6.5785E-02 6.9046E-02 7.6985E-02 8.6601E-02 9.8118E-02 1.1170E-01 1.2759E-01 1.4563E-01 1.6594E-01 1.8842E-01 2.1273E-01 2.3795E-01 2.6294E-01 2.8655E-01 3.0782E-01 3.2678E-01 3.4248E-01 3.5453E-01 3.6054E-01 3.6172E-01 3.5894E-01 3.5177E-01 3.4115E-01 3.2829E-01 3.1402E-01 2.9940E-01 2.9370E-01 2.8497E-01 2.8730E-01 2.9024E-01 2.9059E-01 2.8853E-01 2.8410E-01 2.7711E-01 2.6789E-01 2.7181E-01 2.8511E-01 2.9603E-01 3.0354E-01 3.0706E-01 3.0655E-01 3.0221E-01 2.9444E-01 2.8374E-01 2.7046E-01 2.5492E-01 2.3747E-01
4.0504E-02 4.9943E-02 5.6100E-02 5.9259E-02 6.0574E-02 6.1133E-02 6.1526E-02 6.1732E-02 6.1839E-02 6.2019E-02 6.2479E-02 6.8321E-02 7.6269E-02 8.5869E-02 9.7324E-02 1.1077E-01 1.2641E-01 1.4406E-01 1.6383E-01 1.8558E-01 2.0880E-01 2.3236E-01 2.5544E-01 2.7706E-01 2.9604E-01 3.1210E-01 3.2470E-01 3.3424E-01 3.3876E-01 3.3889E-01 3.3561E-01 3.2873E-01 3.1868E-01 3.0653E-01 2.9313E-01 2.8307E-01 2.7653E-01 2.7330E-01 2.7351E-01 2.7586E-01 2.7590E-01 2.7348E-01 2.6886E-01 2.6193E-01 2.5292E-01 2.5076E-01 2.6404E-01 2.7560E-01 2.8441E-01 2.8975E-01 2.9135E-01 2.8925E-01 2.8360E-01 2.7481E-01 2.6325E-01 2.4924E-01 2.3313E-01
3.9486E-02 4.8290E-02 5.3807E-02 5.6297E-02 5.7040E-02 5.7171E-02 5.7470E-02 5.8741E-02 5.9216E-02 5.9087E-02 6.0514E-02 6.7045E-02 7.4952E-02 8.4466E-02 9.5762E-02 1.0893E-01 1.2418E-01 1.4133E-01 1.6051E-01 1.8152E-01 2.0369E-01 2.2562E-01 2.4660E-01 2.6577E-01 2.8229E-01 2.9583E-01 3.0589E-01 3.1336E-01 3.1647E-01 3.1552E-01 3.1155E-01 3.0477E-01 2.9523E-01 2.8382E-01 2.7148E-01 2.6596E-01 2.5828E-01 2.6051E-01 2.6077E-01 2.6039E-01 2.6023E-01 2.5767E-01 2.5307E-01 2.4630E-01 2.3756E-01 2.3041E-01 2.4341E-01 2.5523E-01 2.6489E-01 2.7159E-01 2.7491E-01 2.7473E-01 2.7102E-01 2.6404E-01 2.5416E-01 2.4169E-01 2.2701E-01
