20231023_webinar_progetto_murano/data_input/lapost_grid_hbd_npr/max24h.grd
ncols        81
nrows        81
xllcorner      7.602250000E+05
yllcorner      5.036725000E+06
cellsize      5.000000000E+01
nodata_value         -9
[rows 0 to 24 of 81, columns 0 to 56 of 81]
2.2230E-02 2.7033E-02 3.1996E-02 3.6974E-02 4.1939E-02 4.6865E-02 5.1694E-02 5.6356E-02 6.0962E-02 6.5719E-02 7.0725E-02 7.6088E-02 8.1651E-02 8.6990E-02 9.1585E-02 9.5104E-02 9.7179E-02 9.7640E-02 9.6453E-02 9.3923E-02 9.8952E-02 1.1217E-01 1.2350E-01 1.3189E-01 1.3688E-01 1.3825E-01 1.3599E-01 1.3046E-01 1.2261E-01 1.1383E-01 1.0520E-01 9.6993E-02 8.9183E-02 8.1828E-02 7.5642E-02 8.6258E-02 9.7070E-02 1.0739E-01 1.1638E-01 1.2279E-01 1.2537E-01 1.2435E-01 1.2115E-01 1.1692E-01 1.1186E-01 1.0629E-01 1.0004E-01 9.2531E-02 8.3729E-02 7.4115E-02 6.4652E-02 6.3183E-02 6.3251E-02 6.4080E-02 6.4608E-02 6.3818E-02 6.0800E-02
2.6008E-02 3.1744E-02 3.7640E-02 4.3550E-02 4.9463E-02 5.5371E-02 6.1238E-02 6.6955E-02 7.2611E-02 7.8403E-02 8.4477E-02 9.0983E-02 9.7819E-02 1.0456E-01 1.1069E-01 1.1569E-01 1.1903E-01 1.2037E-01 1.1977E-01 1.1761E-01 1.2039E-01 1.3740E-01 1.5222E-01 1.6340E-01 1.7026E-01 1.7251E-01 1.7015E-01 1.6348E-01 1.5362E-01 1.4243E-01 1.3152E-01 1.2132E-01 1.1166E-01 1.0246E-01 9.4573E-02 1.0650E-01 1.2054E-01 1.3411E-01 1.4590E-01 1.5399E-01 1.5676E-01 1.5497E-01 1.5072E-01 1.4549E-01 1.3953E-01 1.3290E-01 1.2522E-01 1.1567E-01 1.0428E-01 9.1872E-02 8.0177E-02 7.8585E-02 7.8951E-02 8.0099E-02 8.0719E-02 7.9488E-02 7.5251E-02
2.9456E-02 3.5993E-02 4.2665E-02 4.9372E-02 5.6075E-02 6.2795E-02 6.9542E-02 7.6178E-02 8.2764E-02 8.9426E-02 9.6360E-02 1.0375E-01 1.1158E-01 1.1953E-01 1.2712E-01 1.3368E-01 1.3844E-01 1.4084E-01 1.4109E-01 1.3973E-01 1.3916E-01 1.6000E-01 1.7846E-01 1.9259E-01 2.0144E-01 2.0470E-01 2.0244E-01 1.9494E-01 1.8328E-01 1.6970E-01 1.5644E-01 1.4428E-01 1.3286E-01 1.2189E-01 1.1222E-01 1.2457E-01 1.4138E-01 1.5767E-01 1.7134E-01 1.8002E-01 1.8259E-01 1.8026E-01 1.7547E-01 1.6985E-01 1.6366E-01 1.5643E-01 1.4738E-01 1.3586E-01 1.2208E-01 1.0709E-01 9.3918E-02 9.2532E-02 9.3142E-02 9.4186E-02 9.4668E-02 9.2910E-02 8.7335E-02
3.2744E-02 4.0091E-02 4.7116E-02 5.4134E-02 6.1416E-02 6.8714E-02 7.6104E-02 8.3456E-02 9.0821E-02 9.8211E-02 1.0583E-01 1.1383E-01 1.2233E-01 1.3115E-01 1.3996E-01 1.4795E-01 1.5426E-01 1.5810E-01 1.5963E-01 1.5948E-01 1.5713E-01 1.7854E-01 2.0058E-01 2.1766E-01 2.2853E-01 2.3294E-01 2.3110E-01 2.2323E-01 2.1010E-01 1.9416E-01 1.7842E-01 1.6429E-01 1.5294E-01 1.3971E-01 1.2762E-01 1.4019E-01 1.5920E-01 1.7756E-01 1.9209E-01 2.0046E-01 2.0241E-01 1.9943E-01 1.9429E-01 1.8911E-01 1.8385E-01 1.7687E-01 1.6667E-01 1.5313E-01 1.3700E-01 1.1958E-01 1.0556E-01 1.0445E-01 1.0511E-01 1.0581E-01 1.0597E-01 1.0354E-01 9.6501E-02
3.5433E-02 4.3457E-02 5.1065E-02 5.7946E-02 6.5379E-02 7.3023E-02 8.0795E-02 8.8615E-02 9.6567E-02 1.0454E-01 1.1271E-01 1.2112E-01 1.2994E-01 1.3921E-01 1.4882E-01 1.5798E-01 1.6590E-01 1.7169E-01 1.7528E-01 1.7707E-01 1.7601E-01 1.9223E-01 2.1769E-01 2.3763E-01 2.5054E-01 2.5631E-01 2.5530E-01 2.4764E-01 2.3357E-01 2.1542E-01 1.9700E-01 1.8222E-01 1.7204E-01 1.5768E-01 1.4305E-01 1.5395E-01 1.7423E-01 1.9364E-01 2.0857E-01 2.1670E-01 2.1797E-01 2.1409E-01 2.0851E-01 2.0426E-01 2.0100E-01 1.9525E-01 1.8443E-01 1.6881E-01 1.5007E-01 1.3004E-01 1.1433E-01 1.1274E-01 1.1340E-01 1.1463E-01 1.1478E-01 1.1148E-01 1.0847E-01
3.7297E-02 4.5840E-02 5.3878E-02 6.1050E-02 6.8108E-02 7.5950E-02 8.3903E-02 9.1958E-02 1.0026E-01 1.0864E-01 1.1722E-01 1.2592E-01 1.3484E-01 1.4418E-01 1.5402E-01 1.6388E-01 1.7328E-01 1.8140E-01 1.8788E-01 1.9261E-01 1.9400E-01 2.0113E-01 2.2979E-01 2.5258E-01 2.6771E-01 2.7514E-01 2.7535E-01 2.6836E-01 2.5387E-01 2.3377E-01 2.1256E-01 1.9892E-01 1.8793E-01 1.7259E-01 1.5694E-01 1.6619E-01 1.8687E-01 2.0621E-01 2.2127E-01 2.2942E-01 2.3004E-01 2.2530E-01 2.1986E-01 2.1728E-01 2.1656E-01 2.1258E-01 2.0165E-01 1.8399E-01 1.6221E-01 1.3913E-01 1.2057E-01 1.1869E-01 1.1976E-01 1.2186E-01 1.2195E-01 1.1746E-01 1.2014E-01
3.8297E-02 4.7228E-02 5.5589E-02 6.2965E-02 6.9849E-02 7.7825E-02 8.5842E-02 9.3959E-02 1.0237E-01 1.1092E-01 1.1976E-01 1.2870E-01 1.3770E-01 1.4693E-01 1.5658E-01 1.6659E-01 1.7715E-01 1.8774E-01 1.9761E-01 2.0595E-01 2.1091E-01 2.1030E-01 2.3724E-01 2.6301E-01 2.8070E-01 2.9015E-01 2.9183E-01 2.8573E-01 2.7115E-01 2.4935E-01 2.2535E-01 2.1385E-01 2.0140E-01 1.8505E-01 1.6911E-01 1.7758E-01 1.9836E-01 2.1728E-01 2.3193E-01 2.3926E-01 2.3880E-01 2.3339E-01 2.2883E-01 2.2894E-01 2.3134E-01 2.2963E-01 2.1885E-01 1.9909E-01 1.7408E-01 1.4755E-01 1.2883E-01 1.2330E-01 1.2539E-01 1.2809E-01 1.2758E-01 1.2593E-01 1.3125E-01
3.8297E-02 4.7449E-02 5.6030E-02 6.3586E-02 7.0817E-02 7.8916E-02 8.6963E-02 9.5069E-02 1.0345E-01 1.1200E-01 1.2090E-01 1.2995E-01 1.3900E-01 1.4805E-01 1.5720E-01 1.6679E-01 1.7788E-01 1.9058E-01 2.0365E-01 2.1550E-01 2.2432E-01 2.2743E-01 2.4142E-01 2.7045E-01 2.9095E-01 3.0243E-01 3.0548E-01 3.0023E-01 2.8559E-01 2.6214E-01 2.3802E-01 2.2903E-01 2.1354E-01 1.9543E-01 1.7937E-01 1.8800E-01 2.0910E-01 2.2815E-01 2.4207E-01 2.4752E-01 2.4543E-01 2.3974E-01 2.3691E-01 2.4036E-01 2.4625E-01 2.4699E-01 2.3621E-01 2.1445E-01 1.8729E-01 1.6287E-01 1.3997E-01 1.3374E-01 1.3123E-01 1.3331E-01 1.3231E-01 1.3698E-01 1.4207E-01
3.7364E-02 4.6521E-02 5.5193E-02 6.2955E-02 7.1002E-02 7.9210E-02 8.7282E-02 9.5357E-02 1.0363E-01 1.1206E-01 1.2076E-01 1.2971E-01 1.3871E-01 1.4759E-01 1.5628E-01 1.6527E-01 1.7618E-01 1.8980E-01 2.0504E-01 2.1997E-01 2.3270E-01 2.4050E-01 2.4321E-01 2.7593E-01 2.9957E-01 3.1311E-01 3.1729E-01 3.1272E-01 2.9821E-01 2.7326E-01 2.5936E-01 2.4624E-01 2.2537E-01 2.0343E-01 1.8650E-01 1.9751E-01 2.1887E-01 2.3811E-01 2.5105E-01 2.5434E-01 2.5021E-01 2.4449E-01 2.4434E-01 2.5154E-01 2.6087E-01 2.6410E-01 2.5398E-01 2.3519E-01 2.0860E-01 1.7720E-01 1.4927E-01 1.4385E-01 1.3975E-01 1.3807E-01 1.4339E-01 1.4822E-01 1.5294E-01
3.6316E-02 4.4654E-02 5.3285E-02 6.1973E-02 7.0494E-02 7.8812E-02 8.6938E-02 9.5015E-02 1.0319E-01 1.1146E-01 1.1984E-01 1.2850E-01 1.3730E-01 1.4608E-01 1.5460E-01 1.6321E-01 1.7335E-01 1.8634E-01 2.0224E-01 2.1957E-01 2.3590E-01 2.4862E-01 2.5585E-01 2.8048E-01 3.0757E-01 3.2308E-01 3.2795E-01 3.2393E-01 3.1039E-01 2.8552E-01 2.8267E-01 2.6590E-01 2.3734E-01 2.0898E-01 1.9037E-01 2.0670E-01 2.2740E-01 2.4577E-01 2.5743E-01 2.5905E-01 2.5329E-01 2.4788E-01 2.5050E-01 2.6162E-01 2.7541E-01 2.8225E-01 2.7333E-01 2.6393E-01 2.3267E-01 1.9359E-01 1.5905E-01 1.5191E-01 1.4639E-01 1.5031E-01 1.5509E-01 1.5971E-01 1.6420E-01
3.9556E-02 4.5978E-02 5.1841E-02 6.0627E-02 6.9221E-02 7.7644E-02 8.5846E-02 9.3941E-02 1.0206E-01 1.1021E-01 1.1833E-01 1.2672E-01 1.3533E-01 1.4414E-01 1.5280E-01 1.6133E-01 1.7055E-01 1.8194E-01 1.9693E-01 2.1507E-01 2.3414E-01 2.5176E-01 2.6563E-01 2.8341E-01 3.1446E-01 3.3213E-01 3.3726E-01 3.3320E-01 3.2098E-01 3.0787E-01 3.0618E-01 2.8629E-01 2.4885E-01 2.1184E-01 1.9503E-01 2.1612E-01 2.3607E-01 2.5299E-01 2.6281E-01 2.6347E-01 2.5682E-01 2.5166E-01 2.5623E-01 2.7115E-01 2.9037E-01 3.0236E-01 3.0042E-01 2.9364E-01 2.5991E-01 2.1356E-01 1.7047E-01 1.5859E-01 1.5776E-01 1.6221E-01 1.6672E-01 1.7159E-01 1.7603E-01
4.2541E-02 4.9764E-02 5.6004E-02 6.0835E-02 6.7289E-02 7.5793E-02 8.4101E-02 9.2258E-02 1.0037E-01 1.0849E-01 1.1653E-01 1.2484E-01 1.3340E-01 1.4224E-01 1.5099E-01 1.5951E-01 1.6801E-01 1.7773E-01 1.9082E-01 2.0808E-01 2.2872E-01 2.5153E-01 2.7303E-01 2.9047E-01 3.1880E-01 3.3860E-01 3.4385E-01 3.3875E-01 3.2684E-01 3.2867E-01 3.2673E-01 3.0329E-01 2.5805E-01 2.1131E-01 2.0561E-01 2.2578E-01 2.4463E-01 2.6037E-01 2.6769E-01 2.6756E-01 2.6062E-01 2.5595E-01 2.6311E-01 2.8206E-01 3.0623E-01 3.2385E-01 3.2936E-01 3.2667E-01 2.9146E-01 2.3653E-01 1.8275E-01 1.6568E-01 1.6980E-01 1.7401E-01 1.7886E-01 1.8408E-01 1.8824E-01
4.5108E-02 5.3149E-02 6.0285E-02 6.5917E-02 6.9797E-02 7.3387E-02 8.1839E-02 9.0128E-02 9.8302E-02 1.0642E-01 1.1449E-01 1.2284E-01 1.3143E-01 1.4016E-01 1.4872E-01 1.5715E-01 1.6535E-01 1.7396E-01 1.8488E-01 1.9990E-01 2.2002E-01 2.4585E-01 2.7468E-01 3.0209E-01 3.2113E-01 3.4152E-01 3.4829E-01 3.4175E-01 3.3916E-01 3.4823E-01 3.4497E-01 3.1791E-01 2.6659E-01 2.2133E-01 2.2455E-01 2.3752E-01 2.5423E-01 2.6793E-01 2.7239E-01 2.6964E-01 2.6251E-01 2.5893E-01 2.6942E-01 2.9408E-01 3.2597E-01 3.5052E-01 3.6808E-01 3.7378E-01 3.3324E-01 2.6178E-01 1.9335E-01 1.7872E-01 1.8144E-01 1.8588E-01 1.9150E-01 1.9688E-01 2.0028E-01
4.7201E-02 5.5974E-02 6.3944E-02 7.0533E-02 7.5337E-02 7.8285E-02 7.9586E-02 8.7382E-02 9.5612E-02 1.0370E-01 1.1184E-01 1.2039E-01 1.2919E-01 1.3794E-01 1.4641E-01 1.5487E-01 1.6318E-01 1.7142E-01 1.8073E-01 1.9300E-01 2.1037E-01 2.3507E-01 2.6728E-01 3.0354E-01 3.3652E-01 3.5849E-01 3.6394E-01 3.6188E-01 3.6710E-01 3.7715E-01 3.7276E-01 3.4372E-01 2.8531E-01 2.4841E-01 2.5288E-01 2.5526E-01 2.7053E-01 2.8182E-01 2.8220E-01 2.7426E-01 2.6608E-01 2.7061E-01 2.8276E-01 3.0821E-01 3.4849E-01 3.8018E-01 4.1845E-01 4.4183E-01 3.9206E-01 2.9354E-01 2.0481E-01 1.9117E-01 1.9287E-01 1.9798E-01 2.0439E-01 2.0942E-01 2.1124E-01
4.8759E-02 5.8154E-02 6.6812E-02 7.4258E-02 8.0004E-02 8.3974E-02 8.6289E-02 8.6995E-02 9.2153E-02 1.0015E-01 1.0830E-01 1.1707E-01 1.2637E-01 1.3565E-01 1.4443E-01 1.5312E-01 1.6167E-01 1.7009E-01 1.7891E-01 1.8927E-01 2.0295E-01 2.2257E-01 2.5150E-01 2.9178E-01 3.3955E-01 3.9010E-01 4.1027E-01 4.0731E-01 4.1569E-01 4.3411E-01 4.3444E-01 4.0403E-01 3.3201E-01 2.8371E-01 2.9032E-01 2.8106E-01 2.9661E-01 3.0857E-01 3.0463E-01 2.9186E-01 2.8057E-01 3.0054E-01 3.2083E-01 3.2941E-01 3.7925E-01 4.1625E-01 4.7706E-01 5.2368E-01 4.6543E-01 3.3864E-01 2.2767E-01 2.0176E-01 2.0498E-01 2.1162E-01 2.1824E-01 2.2193E-01 2.2105E-01
4.9759E-02 5.9674E-02 6.8852E-02 7.6906E-02 8.3492E-02 8.8519E-02 9.1976E-02 9.3799E-02 9.3996E-02 9.6086E-02 1.0410E-01 1.1291E-01 1.2269E-01 1.3285E-01 1.4249E-01 1.5174E-01 1.6056E-01 1.6919E-01 1.7802E-01 1.8756E-01 1.9842E-01 2.1195E-01 2.3307E-01 2.7006E-01 3.2674E-01 4.0890E-01 4.5493E-01 4.4765E-01 4.6130E-01 4.8923E-01 5.0073E-01 4.6052E-01 3.7661E-01 3.2000E-01 3.2823E-01 3.0197E-01 3.1585E-01 3.2431E-01 3.1523E-01 3.0324E-01 3.0191E-01 3.2753E-01 3.5147E-01 3.6455E-01 4.1968E-01 4.7285E-01 5.5236E-01 6.1546E-01 5.5352E-01 4.1011E-01 2.7340E-01 2.1694E-01 2.2356E-01 2.2814E-01 2.3208E-01 2.3263E-01 2.2868E-01
5.0144E-02 6.0424E-02 7.0000E-02 7.8564E-02 8.5856E-02 9.1768E-02 9.6288E-02 9.9361E-02 1.0094E-01 1.0103E-01 9.9830E-02 1.0838E-01 1.1819E-01 1.2897E-01 1.3969E-01 1.5008E-01 1.5966E-01 1.6857E-01 1.7722E-01 1.8605E-01 1.9508E-01 2.0431E-01 2.1726E-01 2.4473E-01 2.9936E-01 3.9893E-01 4.8551E-01 4.7922E-01 4.8470E-01 5.1156E-01 5.2450E-01 4.8125E-01 3.9270E-01 3.5352E-01 3.5988E-01 3.2023E-01 3.2878E-01 3.1979E-01 3.3214E-01 3.2129E-01 3.1391E-01 3.3930E-01 3.7472E-01 3.8000E-01 4.5567E-01 5.3637E-01 6.2309E-01 7.1214E-01 6.6834E-01 5.1057E-01 3.3593E-01 2.7708E-01 2.9350E-01 2.4782E-01 2.4594E-01 2.4095E-01 2.3348E-01
4.9849E-02 6.0322E-02 7.0220E-02 7.9210E-02 8.7043E-02 9.3604E-02 9.9058E-02 1.0335E-01 1.0638E-01 1.0808E-01 1.0832E-01 1.0701E-01 1.1322E-01 1.2397E-01 1.3560E-01 1.4756E-01 1.5840E-01 1.6771E-01 1.7595E-01 1.8398E-01 1.9188E-01 1.9937E-01 2.0716E-01 2.2355E-01 2.7031E-01 3.6970E-01 4.9785E-01 5.3001E-01 5.1968E-01 5.3635E-01 5.3746E-01 4.8734E-01 4.0617E-01 3.9345E-01 3.9320E-01 3.3747E-01 3.2931E-01 3.3670E-01 3.4978E-01 3.3528E-01 3.2161E-01 3.5754E-01 4.1821E-01 4.0870E-01 4.8723E-01 6.0855E-01 6.7393E-01 8.3068E-01 8.3597E-01 6.2989E-01 4.0514E-01 3.4395E-01 3.5001E-01 2.6761E-01 2.5951E-01 2.4729E-01 2.3460E-01
4.9033E-02 5.9633E-02 6.9775E-02 7.9021E-02 8.7199E-02 9.4251E-02 1.0042E-01 1.0573E-01 1.1010E-01 1.1346E-01 1.1568E-01 1.1642E-01 1.1543E-01 1.1919E-01 1.3096E-01 1.4387E-01 1.5596E-01 1.6604E-01 1.7443E-01 1.8232E-01 1.9007E-01 1.9748E-01 2.0361E-01 2.1238E-01 2.5440E-01 3.3972E-01 4.7925E-01 5.7286E-01 5.8601E-01 5.7871E-01 5.5872E-01 5.0002E-01 4.2470E-01 4.4617E-01 4.4017E-01 3.6121E-01 3.6834E-01 3.5233E-01 3.5774E-01 3.4742E-01 3.4420E-01 3.9040E-01 4.9359E-01 4.3818E-01 5.2626E-01 6.9846E-01 7.8578E-01 1.0136E+00 1.0754E+00 7.9908E-01 4.8266E-01 4.0171E-01 3.9542E-01 2.8783E-01 2.7202E-01 2.5890E-01 2.6415E-01
4.7828E-02 5.8482E-02 6.8730E-02 7.8090E-02 8.6494E-02 9.3849E-02 1.0046E-01 1.0652E-01 1.1202E-01 1.1689E-01 1.2102E-01 1.2394E-01 1.2516E-01 1.2434E-01 1.2704E-01 1.3975E-01 1.5257E-01 1.6403E-01 1.7384E-01 1.8274E-01 1.9098E-01 1.9899E-01 2.0651E-01 2.1243E-01 2.3663E-01 3.3238E-01 4.3442E-01 5.7398E-01 6.6001E-01 6.5946E-01 6.0592E-01 5.3569E-01 4.4790E-01 5.1659E-01 5.1228E-01 3.6718E-01 3.9957E-01 4.1409E-01 3.9784E-01 3.6019E-01 3.7195E-01 4.6128E-01 6.0844E-01 4.5014E-01 5.7929E-01 8.2071E-01 1.0033E+00 1.1414E+00 1.3613E+00 1.0691E+00 5.6174E-01 4.5598E-01 4.4940E-01 3.1845E-01 3.5845E-01 4.0108E-01 3.8439E-01
4.6251E-02 5.6790E-02 6.6976E-02 7.6404E-02 8.4966E-02 9.2507E-02 9.9440E-02 1.0605E-01 1.1245E-01 1.1854E-01 1.2421E-01 1.2897E-01 1.3237E-01 1.3394E-01 1.3361E-01 1.3542E-01 1.4838E-01 1.6148E-01 1.7378E-01 1.8474E-01 1.9367E-01 2.0187E-01 2.1007E-01 2.1423E-01 2.1844E-01 3.1532E-01 3.9211E-01 5.4086E-01 7.1168E-01 7.5790E-01 7.0999E-01 6.1992E-01 4.9541E-01 6.0224E-01 6.1564E-01 4.0033E-01 4.2380E-01 4.1154E-01 4.5346E-01 4.6700E-01 4.4755E-01 5.8476E-01 7.1444E-01 5.6348E-01 6.6768E-01 1.0074E+00 1.3297E+00 1.2523E+00 1.6952E+00 1.4864E+00 6.9284E-01 6.1299E-01 5.7031E-01 4.6747E-01 4.7034E-01 4.9074E-01 4.4625E-01
4.4218E-02 5.4546E-02 6.4579E-02 7.3945E-02 8.2577E-02 9.0342E-02 9.7635E-02 1.0475E-01 1.1187E-01 1.1890E-01 1.2563E-01 1.3161E-01 1.3669E-01 1.4048E-01 1.4294E-01 1.4342E-01 1.4367E-01 1.5797E-01 1.7268E-01 1.8588E-01 1.9594E-01 2.0402E-01 2.1117E-01 2.1513E-01 2.2099E-01 2.9164E-01 3.8930E-01 4.5373E-01 7.1195E-01 8.5594E-01 8.8806E-01 7.6422E-01 5.6416E-01 7.2665E-01 7.6613E-01 4.3895E-01 4.7978E-01 4.1004E-01 4.3288E-01 5.3630E-01 5.8416E-01 8.0336E-01 7.4443E-01 6.7626E-01 9.2026E-01 1.2957E+00 1.8342E+00 1.3295E+00 2.0426E+00 1.9838E+00 8.5540E-01 8.3795E-01 7.4871E-01 8.4384E-01 7.6303E-01 5.6591E-01 4.3159E-01
4.1678E-02 5.1698E-02 6.1522E-02 7.0772E-02 7.9465E-02 8.7532E-02 9.5291E-02 1.0294E-01 1.1062E-01 1.1824E-01 1.2555E-01 1.3214E-01 1.3819E-01 1.4354E-01 1.4847E-01 1.5238E-01 1.5434E-01 1.5436E-01 1.6826E-01 1.8307E-01 1.9573E-01 2.0570E-01 2.1307E-01 2.1846E-01 2.2681E-01 2.7312E-01 3.9660E-01 4.0341E-01 6.0016E-01 9.4995E-01 1.1202E+00 1.0163E+00 6.9967E-01 8.9981E-01 9.6366E-01 5.0999E-01 5.1859E-01 4.0289E-01 6.1120E-01 5.0440E-01 6.1935E-01 1.5216E+00 7.1402E-01 7.6185E-01 1.1331E+00 1.9639E+00 3.3002E+00 1.5203E+00 2.6511E+00 3.0587E+00 1.2240E+00 1.1925E+00 1.0843E+00 1.0676E+00 9.1843E-01 5.6842E-01 5.1200E-01
3.8503E-02 4.8079E-02 5.7645E-02 6.6806E-02 7.5627E-02 8.4077E-02 9.2357E-02 1.0056E-01 1.0873E-01 1.1675E-01 1.2446E-01 1.3143E-01 1.3801E-01 1.4421E-01 1.5078E-01 1.5741E-01 1.6312E-01 1.6691E-01 1.6782E-01 1.7955E-01 1.9260E-01 2.0720E-01 2.1801E-01 2.2436E-01 2.3428E-01 2.5918E-01 4.0508E-01 3.8989E-01 4.8692E-01 9.5009E-01 1.3576E+00 1.4971E+00 9.6413E-01 1.1446E+00 1.3040E+00 6.5940E-01 5.6094E-01 6.5021E-01 6.1963E-01 1.8942E+00 1.6701E+00 3.4110E+00 1.2765E+00 9.3518E-01 1.4454E+00 2.2919E+00 5.0268E+00 4.5538E+00 2.8320E+00 5.1011E+00 1.9890E+00 1.9597E+00 1.6681E+00 1.0033E+00 7.0586E-01 6.4043E-01 5.2447E-01
3.4768E-02 4.3714E-02 5.2884E-02 6.1903E-02 7.0869E-02 7.9746E-02 8.8588E-02 9.7403E-02 1.0617E-01 1.1470E-01 1.2289E-01 1.3034E-01 1.3737E-01 1.4396E-01 1.5105E-01 1.5889E-01 1.6684E-01 1.7409E-01 1.7982E-01 1.8346E-01 1.8924E-01 2.0852E-01 2.2903E-01 2.4195E-01 2.5318E-01 2.7036E-01 3.8483E-01 3.8341E-01 4.3655E-01 7.5489E-01 1.9757E+00 2.1070E+00 1.7504E+00 1.4901E+00 1.9913E+00 8.6452E-01 9.5258E-01 6.1391E-01 1.0737E+00 1.6261E+00 7.3908E+00 7.0052E+00 1.9777E+00 1.3325E+00 1.9452E+00 3.1925E+00 6.7927E+00 8.1165E+00 3.6554E+00 7.5666E+00 3.7166E+00 2.9548E+00 1.4066E+00 7.3149E-01 1.0647E+00 8.4118E-01 7.0393E-01
