20231023_webinar_progetto_murano/data_input/lapost_grid_hbd_npr/max24h.grd
ncols        81
nrows        81
xllcorner      7.602250000E+05
yllcorner      5.036725000E+06
cellsize      5.000000000E+01
nodata_value         -9
[rows 25 to 49 of 81, columns 0 to 56 of 81]
3.0898E-02 3.8859E-02 4.7424E-02 5.6125E-02 6.5071E-02 7.4205E-02 8.3467E-02 9.2869E-02 1.0236E-01 1.1168E-01 1.2070E-01 1.2901E-01 1.3664E-01 1.4348E-01 1.5036E-01 1.5791E-01 1.6612E-01 1.7485E-01 1.8417E-01 1.9405E-01 2.0295E-01 2.1410E-01 2.3821E-01 2.5673E-01 2.7058E-01 2.8644E-01 3.7042E-01 4.3017E-01 4.2248E-01 5.9864E-01 1.5193E+00 4.1922E+00 2.9312E+00 2.2123E+00 3.4240E+00 1.1869E+00 1.2310E+00 4.7061E-01 9.6592E-01 2.5302E+00 2.4127E+01 5.8904E+01 2.5933E+00 1.3204E+00 2.6978E+00 7.0155E+00 1.4612E+01 7.3271E+00 1.2062E+01 1.0066E+01 5.3627E+00 4.9229E+00 1.3920E+00 2.0827E+00 1.3751E+00 8.9602E-01 7.5960E-01
3.2038E-02 3.6815E-02 4.1580E-02 4.9638E-02 5.8252E-02 6.7308E-02 7.6734E-02 8.6573E-02 9.6802E-02 1.0718E-01 1.1748E-01 1.2712E-01 1.3578E-01 1.4310E-01 1.4970E-01 1.5634E-01 1.6359E-01 1.7201E-01 1.8240E-01 1.9542E-01 2.1005E-01 2.2503E-01 2.5544E-01 2.7969E-01 2.9445E-01 3.1404E-01 3.3102E-01 4.9983E-01 4.5217E-01 9.3407E-01 1.7498E+00 6.0373E+00 9.4890E+00 8.1085E+00 7.2942E+00 4.8057E+00 9.1207E-01 5.6310E-01 7.3927E-01 2.8184E+00 1.3557E+01 1.8888E+01 3.7072E+00 1.8773E+00 2.8557E+00 7.1801E+00 2.5274E+01 1.7984E+01 1.1038E+01 1.2867E+01 1.2537E+01 5.8574E+00 7.0796E+00 2.9819E+00 1.8658E+00 1.6425E+00 1.7535E+00
3.2974E-02 3.7996E-02 4.3059E-02 4.8045E-02 5.2838E-02 5.9401E-02 6.8688E-02 7.8686E-02 8.9433E-02 1.0080E-01 1.1254E-01 1.2375E-01 1.3379E-01 1.4203E-01 1.4885E-01 1.5513E-01 1.6171E-01 1.6944E-01 1.7895E-01 1.9093E-01 2.0554E-01 2.3069E-01 2.7283E-01 3.0829E-01 3.2892E-01 3.4638E-01 3.7390E-01 5.8219E-01 4.9165E-01 7.4343E-01 1.3606E+00 8.4533E+00 4.8465E+02 8.6510E+00 2.9751E+01 4.0277E+00 1.1586E+00 8.2398E-01 9.3086E-01 1.6854E+00 1.1860E+01 4.8981E+00 3.6351E+00 1.8188E+00 3.6738E+00 7.2356E+00 9.8603E+01 4.6403E+01 1.9232E+01 2.1025E+01 5.1669E+01 2.3748E+01 8.0777E+00 6.8621E+00 3.8477E+00 2.7837E+00 2.4755E+00
3.3656E-02 3.8881E-02 4.4199E-02 4.9495E-02 5.4650E-02 5.9565E-02 6.4147E-02 6.9591E-02 8.0488E-02 9.2406E-02 1.0507E-01 1.1756E-01 1.2919E-01 1.3907E-01 1.4733E-01 1.5466E-01 1.6171E-01 1.6950E-01 1.7820E-01 1.8782E-01 1.9859E-01 2.3077E-01 2.8175E-01 3.3110E-01 3.6574E-01 3.9014E-01 3.9551E-01 6.3583E-01 6.1196E-01 8.5103E-01 1.5266E+00 3.9454E+00 2.8546E+01 5.7399E+00 8.8272E+01 4.2973E+00 1.4989E+00 1.1389E+00 7.8308E-01 1.7927E+00 6.1389E+00 2.7068E+00 3.4160E+00 1.2867E+00 2.1941E+00 6.4888E+00 3.0747E+01 1.9700E+01 1.0560E+01 2.3931E+01 1.4511E+03 5.2983E+01 2.7274E+01 2.0486E+01 1.3067E+01 8.5381E+00 6.4353E+00
3.4050E-02 3.9422E-02 4.5439E-02 5.1245E-02 5.5945E-02 6.1230E-02 6.6255E-02 7.0985E-02 7.5353E-02 8.2039E-02 9.4840E-02 1.0794E-01 1.2091E-01 1.3291E-01 1.4384E-01 1.5375E-01 1.6266E-01 1.7159E-01 1.8103E-01 1.9031E-01 1.9827E-01 2.2276E-01 2.7838E-01 3.4068E-01 4.0025E-01 4.6189E-01 4.6333E-01 6.3214E-01 8.5154E-01 7.6133E-01 1.0026E+00 2.4731E+00 8.9308E+00 7.5865E+00 5.7035E+01 8.8469E+00 3.5127E+00 1.7014E+00 1.6091E+00 2.1808E+00 3.5062E+00 1.7805E+00 1.5256E+00 1.6581E+00 2.2564E+00 4.9001E+00 1.7137E+01 1.4406E+01 1.4276E+01 2.9403E+01 6.6254E+01 2.5838E+01 1.6693E+01 6.8387E+00 3.0754E+00 1.9048E+00 2.1043E+00
3.4123E-02 4.0265E-02 4.7607E-02 5.3750E-02 5.8887E-02 6.3231E-02 6.7576E-02 7.2756E-02 7.7674E-02 8.2342E-02 8.6666E-02 9.4922E-02 1.0862E-01 1.2266E-01 1.3693E-01 1.5077E-01 1.6313E-01 1.7443E-01 1.8537E-01 1.9590E-01 2.0471E-01 2.2719E-01 2.6576E-01 3.3088E-01 4.1376E-01 5.2244E-01 5.5264E-01 7.2530E-01 1.4382E+00 8.6570E-01 8.9049E-01 2.3979E+00 4.1661E+00 6.6006E+00 1.5605E+01 1.0809E+01 3.9530E+00 2.6721E+00 1.2393E+00 2.1875E+00 2.3938E+00 1.3357E+00 1.0686E+00 1.4172E+00 1.7146E+00 3.3230E+00 1.0585E+01 8.5166E+00 1.5551E+01 1.6106E+01 3.3281E+01 1.4191E+01 6.1856E+00 5.8158E+00 3.5528E+00 1.9978E+00 1.4494E+00
3.4792E-02 4.2168E-02 4.9860E-02 5.6280E-02 6.1636E-02 6.6223E-02 6.9875E-02 7.3532E-02 7.8910E-02 8.4174E-02 8.9239E-02 9.4091E-02 1.0005E-01 1.0795E-01 1.2497E-01 1.4290E-01 1.5983E-01 1.7532E-01 1.8924E-01 2.0203E-01 2.1335E-01 2.2475E-01 2.3992E-01 3.0270E-01 4.4414E-01 5.7033E-01 7.5635E-01 1.0896E+00 2.4251E+00 1.3596E+00 9.7997E-01 1.9009E+00 2.6526E+00 4.6667E+00 4.7488E+01 4.1092E+01 5.2297E+00 2.3842E+00 1.4459E+00 6.8149E+00 4.8964E+00 1.7709E+00 9.8765E-01 9.5025E-01 1.2501E+00 3.3545E+00 7.0201E+00 8.7075E+00 8.7940E+00 9.6590E+00 1.7312E+01 1.1597E+01 4.4045E+00 2.9480E+00 2.8673E+00 2.0759E+00 1.3940E+00
3.6148E-02 4.3953E-02 5.1891E-02 5.8465E-02 6.3962E-02 6.8695E-02 7.2515E-02 7.5618E-02 7.8940E-02 8.4670E-02 9.0362E-02 9.6011E-02 1.0161E-01 1.0704E-01 1.1221E-01 1.2815E-01 1.4903E-01 1.6985E-01 1.8967E-01 2.0794E-01 2.2306E-01 2.3608E-01 2.4781E-01 2.7785E-01 4.1727E-01 6.1584E-01 1.0489E+00 1.4241E+00 3.1034E+00 2.3342E+00 1.3256E+00 1.9552E+00 1.9825E+00 5.2683E+00 2.4884E+01 5.8130E+01 1.4760E+01 5.3576E+00 2.2766E+00 5.5000E+01 1.4094E+01 1.7685E+00 1.0796E+00 9.5547E-01 1.5845E+00 4.0730E+00 4.6212E+00 6.0639E+00 3.7877E+00 5.9644E+00 8.4752E+00 7.1775E+00 3.3835E+00 2.3755E+00 1.7061E+00 1.5575E+00 1.2913E+00
3.7040E-02 4.5528E-02 5.3530E-02 6.0183E-02 6.6216E-02 7.1147E-02 7.5206E-02 7.8608E-02 8.1515E-02 8.4035E-02 8.9941E-02 9.6212E-02 1.0265E-01 1.0919E-01 1.1573E-01 1.2220E-01 1.2922E-01 1.5479E-01 1.8243E-01 2.0912E-01 2.3130E-01 2.4885E-01 2.6407E-01 2.7737E-01 3.0999E-01 4.6444E-01 9.7570E-01 2.3017E+00 4.7209E+00 5.4983E+00 5.5688E+00 2.5553E+00 2.3710E+00 3.8656E+00 1.4127E+01 1.8220E+01 7.7297E+00 3.3169E+00 3.0243E+00 4.0749E+00 9.3245E+00 2.2366E+00 1.0531E+00 1.3346E+00 2.0370E+00 6.4590E+00 1.2314E+01 3.6155E+00 3.2920E+00 3.1540E+00 5.9374E+00 4.4348E+00 2.8041E+00 1.5423E+00 1.4404E+00 1.0607E+00 1.0527E+00
3.7326E-02 4.6867E-02 5.4856E-02 6.1365E-02 6.7300E-02 7.2504E-02 7.6978E-02 8.0920E-02 8.4496E-02 8.7662E-02 9.0306E-02 9.4665E-02 1.0170E-01 1.0910E-01 1.1681E-01 1.2482E-01 1.3321E-01 1.4631E-01 1.6240E-01 1.9381E-01 2.2526E-01 2.5667E-01 2.8388E-01 3.0009E-01 3.1647E-01 4.0196E-01 6.8901E-01 1.8513E+00 6.5631E+00 2.9238E+01 7.7047E+00 1.5400E+00 1.8833E+00 5.7247E+00 8.1451E+00 1.0638E+01 9.0972E+00 3.2375E+00 2.6036E+00 3.9403E+00 5.5988E+00 4.4809E+00 1.9496E+00 1.6619E+00 2.8253E+00 5.0517E+01 5.2016E+01 7.2087E+00 3.0867E+00 2.3598E+00 3.3716E+00 2.8474E+00 2.1644E+00 1.1363E+00 1.0723E+00 9.8483E-01 9.2427E-01
3.8547E-02 4.8258E-02 5.6253E-02 6.2744E-02 6.7854E-02 7.2076E-02 7.7109E-02 8.1792E-02 8.6282E-02 9.0374E-02 9.3879E-02 9.6659E-02 1.0036E-01 1.0676E-01 1.1525E-01 1.2443E-01 1.3451E-01 1.4992E-01 1.6688E-01 1.8411E-01 2.0214E-01 2.4096E-01 2.9236E-01 3.3273E-01 3.6073E-01 5.4184E-01 1.0551E+00 1.9574E+00 8.8645E+00 3.5238E+02 2.7832E+01 4.2364E+00 2.4909E+00 4.6585E+01 7.2921E+00 6.3068E+01 5.2647E+01 4.3508E+00 4.2509E+00 9.3039E+00 1.0788E+01 7.2646E+00 3.7293E+00 3.4091E+00 2.9302E+00 8.2324E+00 3.6681E+01 7.3383E+00 3.5776E+00 1.9782E+00 2.9813E+00 2.4104E+00 2.1872E+00 1.1247E+00 7.9686E-01 7.9503E-01 7.8879E-01
4.1582E-02 5.2787E-02 6.2239E-02 6.9105E-02 7.3126E-02 7.5239E-02 7.6393E-02 8.0282E-02 8.5587E-02 9.0574E-02 9.5289E-02 9.9484E-02 1.0323E-01 1.0639E-01 1.1191E-01 1.2270E-01 1.3563E-01 1.5148E-01 1.6861E-01 1.8608E-01 2.0480E-01 2.2663E-01 2.5987E-01 3.3432E-01 4.0344E-01 5.5285E-01 9.2938E-01 1.8321E+00 7.0594E+00 3.1854E+01 6.7271E+00 4.9496E+00 2.7865E+00 1.7427E+01 7.0725E+00 9.6292E+00 9.1911E+00 4.9317E+00 3.6027E+00 9.9220E+00 4.5213E+01 1.9782E+01 1.0646E+01 3.2480E+00 3.1778E+00 2.8400E+01 1.4424E+01 7.3337E+00 3.1870E+00 1.7931E+00 2.1370E+00 1.7329E+00 1.4930E+00 9.9578E-01 7.0957E-01 7.0801E-01 6.5824E-01
4.4439E-02 5.6914E-02 6.7947E-02 7.6368E-02 8.1565E-02 8.4242E-02 8.5269E-02 8.5192E-02 8.4859E-02 8.8970E-02 9.3738E-02 9.9375E-02 1.0476E-01 1.0875E-01 1.1193E-01 1.2188E-01 1.3484E-01 1.5062E-01 1.6813E-01 1.8681E-01 2.0696E-01 2.3080E-01 2.8277E-01 3.3452E-01 4.0832E-01 5.0641E-01 1.0423E+00 1.9844E+00 4.9647E+00 9.5168E+00 4.2365E+00 2.2384E+00 3.1997E+00 5.8526E+00 6.6709E+00 5.9780E+00 5.3805E+00 3.4541E+00 3.1520E+00 8.9495E+00 3.7385E+02 7.4311E+01 1.0659E+01 4.6707E+00 2.8086E+00 5.9663E+01 2.1469E+01 3.2751E+00 2.9322E+00 1.8106E+00 1.4851E+00 1.2334E+00 1.2324E+00 7.5888E-01 6.4546E-01 6.4989E-01 6.1066E-01
4.6939E-02 6.0468E-02 7.2691E-02 8.2406E-02 8.8682E-02 9.1562E-02 9.2252E-02 9.1677E-02 9.0874E-02 9.1829E-02 9.6122E-02 1.0085E-01 1.0540E-01 1.0957E-01 1.1455E-01 1.1937E-01 1.3251E-01 1.4842E-01 1.7331E-01 1.9940E-01 2.2734E-01 2.6623E-01 3.0919E-01 3.5683E-01 4.6487E-01 5.9843E-01 1.0514E+00 1.4017E+00 4.0343E+00 4.4264E+00 2.8974E+00 2.9171E+00 4.8059E+00 6.4430E+00 1.8710E+01 3.0051E+01 4.5658E+00 2.4985E+00 2.8633E+00 1.5256E+01 8.8901E+01 5.1277E+01 1.9145E+01 9.6927E+00 4.6614E+00 1.8282E+01 1.2878E+01 3.6246E+00 1.8980E+00 1.4789E+00 1.2156E+00 1.1011E+00 1.1653E+00 7.5752E-01 5.8246E-01 5.8722E-01 5.6200E-01
4.8713E-02 6.2761E-02 7.5265E-02 8.5232E-02 9.1769E-02 9.4400E-02 9.4859E-02 9.4376E-02 9.3600E-02 9.3775E-02 9.8898E-02 1.0461E-01 1.1094E-01 1.1838E-01 1.2749E-01 1.3806E-01 1.4996E-01 1.7186E-01 2.0476E-01 2.3515E-01 2.5779E-01 2.9826E-01 3.3625E-01 3.5180E-01 4.6581E-01 6.4156E-01 8.2924E-01 1.3887E+00 2.9212E+00 2.6580E+00 2.5120E+00 3.7935E+00 5.3188E+00 1.1426E+01 4.3148E+01 6.5331E+01 1.0690E+01 3.7646E+00 4.4793E+00 6.0135E+00 3.5870E+01 1.4261E+01 8.6045E+00 5.7887E+00 4.4932E+00 5.9169E+00 4.0985E+00 2.9473E+00 1.5103E+00 1.1790E+00 1.0311E+00 9.2557E-01 8.5942E-01 6.8469E-01 6.1972E-01 5.7185E-01 5.2134E-01
4.9220E-02 6.3101E-02 7.4912E-02 8.3880E-02 8.9621E-02 9.1945E-02 9.2568E-02 9.2506E-02 9.6787E-02 1.0272E-01 1.0943E-01 1.1673E-01 1.2478E-01 1.3386E-01 1.4474E-01 1.5724E-01 1.7147E-01 1.8876E-01 2.1647E-01 2.4458E-01 2.6802E-01 3.1022E-01 3.3744E-01 3.2998E-01 3.9453E-01 5.6557E-01 7.9449E-01 1.3093E+00 2.1883E+00 2.0906E+00 3.3416E+00 5.1473E+00 1.0910E+01 1.9493E+01 7.6487E+01 1.5642E+01 7.5783E+00 4.0293E+00 3.0419E+00 6.7622E+00 1.5827E+01 9.4757E+00 9.1758E+00 3.4652E+00 2.8932E+00 3.6836E+00 2.4385E+00 1.9897E+00 1.3712E+00 1.1583E+00 9.8112E-01 8.8010E-01 7.8968E-01 7.0457E-01 6.4651E-01 5.9580E-01 5.4007E-01
4.8114E-02 6.1147E-02 7.1714E-02 7.9209E-02 8.3719E-02 8.5919E-02 9.1609E-02 9.7246E-02 1.0327E-01 1.0995E-01 1.1765E-01 1.2620E-01 1.3563E-01 1.4598E-01 1.5780E-01 1.7060E-01 1.8527E-01 2.0282E-01 2.2436E-01 2.4937E-01 2.7157E-01 2.9849E-01 3.0679E-01 3.0033E-01 3.5606E-01 4.6315E-01 7.2844E-01 1.2171E+00 1.7419E+00 2.2421E+00 4.5108E+00 1.0994E+01 1.5896E+01 1.2525E+02 6.4597E+01 1.2904E+01 5.6973E+00 3.7999E+00 5.8061E+00 7.0205E+00 8.7942E+00 6.5610E+00 4.6067E+00 4.4301E+00 1.8584E+00 2.5867E+00 1.8673E+00 1.4663E+00 1.2108E+00 1.0738E+00 9.2215E-01 8.4738E-01 7.6624E-01 6.9288E-01 6.3882E-01 5.9313E-01 5.4607E-01
4.5370E-02 5.7133E-02 6.6367E-02 7.4686E-02 8.2250E-02 8.8691E-02 9.4520E-02 1.0035E-01 1.0661E-01 1.1360E-01 1.2171E-01 1.3080E-01 1.4093E-01 1.5202E-01 1.6419E-01 1.7689E-01 1.9698E-01 2.1641E-01 2.3586E-01 2.5570E-01 2.7308E-01 2.7922E-01 2.7467E-01 2.7420E-01 3.3316E-01 4.7423E-01 7.4198E-01 1.1079E+00 1.4502E+00 1.5439E+00 3.3166E+00 4.3427E+01 3.6544E+01 2.1468E+02 5.6420E+01 1.4304E+01 6.7076E+00 3.2833E+00 4.3561E+01 5.6869E+00 5.4907E+00 4.4327E+00 2.7343E+00 3.5540E+00 2.3785E+00 1.9938E+00 1.4113E+00 1.3777E+00 1.2091E+00 1.0388E+00 8.8671E-01 7.9778E-01 7.2880E-01 6.6948E-01 6.2140E-01 5.8029E-01 5.4179E-01
4.4434E-02 5.5383E-02 6.5601E-02 7.4540E-02 8.2011E-02 8.8287E-02 9.3963E-02 9.9668E-02 1.0575E-01 1.1249E-01 1.2030E-01 1.2908E-01 1.3898E-01 1.5006E-01 1.6749E-01 1.8790E-01 2.1107E-01 2.3195E-01 2.4812E-01 2.6148E-01 2.7186E-01 2.7044E-01 2.7222E-01 2.9228E-01 3.3358E-01 5.0810E-01 7.6673E-01 1.0457E+00 1.2741E+00 2.1608E+00 6.7270E+00 1.7785E+01 2.8675E+01 5.1818E+01 3.8015E+01 9.1410E+00 4.9384E+00 3.7612E+00 7.3130E+00 4.4182E+00 3.7621E+00 3.4915E+00 2.0948E+00 2.5075E+00 2.5216E+00 1.5728E+00 1.2157E+00 1.1253E+00 1.1177E+00 1.0155E+00 8.6400E-01 7.5674E-01 6.9305E-01 6.4469E-01 6.0376E-01 5.6387E-01 5.2874E-01
4.2762E-02 5.3304E-02 6.3102E-02 7.1621E-02 7.8652E-02 8.4424E-02 8.9599E-02 9.4760E-02 1.0153E-01 1.1027E-01 1.1930E-01 1.2958E-01 1.4411E-01 1.6027E-01 1.7833E-01 1.9969E-01 2.2350E-01 2.4589E-01 2.6271E-01 2.7335E-01 2.8171E-01 2.9162E-01 3.1413E-01 3.4024E-01 3.5121E-01 5.2463E-01 7.5924E-01 9.9199E-01 1.4324E+00 2.3573E+00 3.1617E+00 1.1888E+01 1.1823E+01 2.0122E+01 1.1125E+01 1.1890E+01 4.8198E+00 3.2179E+00 3.5342E+00 3.4746E+00 2.9461E+00 2.9894E+00 1.8679E+00 1.8829E+00 2.1739E+00 1.7473E+00 1.2541E+00 9.5235E-01 9.9336E-01 9.4575E-01 8.3063E-01 7.4150E-01 7.1237E-01 6.2243E-01 5.8124E-01 5.4255E-01 5.1002E-01
3.9849E-02 5.1120E-02 6.1635E-02 7.0750E-02 7.8655E-02 8.6147E-02 9.3774E-02 1.0233E-01 1.1156E-01 1.2119E-01 1.3126E-01 1.4162E-01 1.5637E-01 1.7404E-01 1.9396E-01 2.1667E-01 2.4090E-01 2.6481E-01 2.8501E-01 3.0122E-01 3.2606E-01 3.6253E-01 3.9173E-01 4.2011E-01 4.6664E-01 5.4679E-01 7.0029E-01 9.7357E-01 1.2984E+00 1.4642E+00 2.6444E+00 7.0649E+00 1.0412E+01 1.1220E+01 6.9950E+00 7.8990E+00 5.2262E+00 3.1542E+00 2.8800E+00 2.7528E+00 2.5051E+00 2.5938E+00 1.6769E+00 1.5554E+00 1.7544E+00 1.6937E+00 1.2100E+00 1.0236E+00 8.8364E-01 8.5444E-01 7.8542E-01 7.2710E-01 7.2426E-01 6.7035E-01 5.5834E-01 5.1925E-01 4.8883E-01
4.1204E-02 5.2730E-02 6.3861E-02 7.3718E-02 8.2449E-02 9.2169E-02 1.0212E-01 1.1202E-01 1.2151E-01 1.3111E-01 1.4199E-01 1.5551E-01 1.7225E-01 1.9196E-01 2.1417E-01 2.3900E-01 2.6538E-01 2.9205E-01 3.1825E-01 3.4685E-01 3.9150E-01 4.5219E-01 4.8353E-01 5.0856E-01 5.6337E-01 6.3138E-01 7.0503E-01 8.2761E-01 8.8806E-01 1.3675E+00 2.4874E+00 4.4896E+00 6.7705E+00 6.3900E+00 4.6028E+00 4.2334E+00 4.3182E+00 2.9434E+00 2.3561E+00 2.2134E+00 2.0546E+00 2.0264E+00 1.4752E+00 1.3684E+00 1.4152E+00 1.4298E+00 1.2098E+00 1.0156E+00 8.6878E-01 7.6817E-01 7.2254E-01 6.8964E-01 6.7852E-01 6.6992E-01 5.8114E-01 4.9701E-01 4.6628E-01
4.6692E-02 5.8507E-02 7.0333E-02 8.1583E-02 9.2314E-02 1.0283E-01 1.1330E-01 1.2380E-01 1.3426E-01 1.4523E-01 1.5776E-01 1.7297E-01 1.9157E-01 2.1341E-01 2.3778E-01 2.6464E-01 2.9390E-01 3.2476E-01 3.5750E-01 3.9679E-01 4.4769E-01 5.0023E-01 5.4053E-01 5.7669E-01 6.0296E-01 6.2525E-01 6.4611E-01 7.0552E-01 8.3007E-01 1.1844E+00 2.1180E+00 3.2846E+00 4.2604E+00 4.0572E+00 2.9552E+00 2.7323E+00 2.8174E+00 2.5018E+00 2.0027E+00 1.8239E+00 1.7115E+00 1.5814E+00 1.3910E+00 1.2478E+00 1.2056E+00 1.2049E+00 1.1072E+00 9.5250E-01 8.6133E-01 7.4160E-01 6.5673E-01 6.2813E-01 6.1156E-01 6.3030E-01 5.8334E-01 4.8391E-01 4.4282E-01
5.2476E-02 6.5637E-02 7.8815E-02 9.1331E-02 1.0319E-01 1.1455E-01 1.2566E-01 1.3692E-01 1.4858E-01 1.6113E-01 1.7524E-01 1.9188E-01 2.1193E-01 2.3545E-01 2.6129E-01 2.8880E-01 3.1865E-01 3.5147E-01 3.8719E-01 4.2936E-01 4.7292E-01 5.1279E-01 5.5753E-01 5.9422E-01 5.8514E-01 5.3232E-01 5.5358E-01 6.2172E-01 7.6967E-01 1.1911E+00 1.8613E+00 2.5542E+00 2.9790E+00 2.8197E+00 2.2171E+00 1.9244E+00 2.0425E+00 2.0069E+00 1.7713E+00 1.5832E+00 1.4697E+00 1.4009E+00 1.2859E+00 1.1549E+00 1.0800E+00 1.0506E+00 9.9456E-01 8.7930E-01 8.1559E-01 7.2683E-01 6.3742E-01 5.6623E-01 5.5185E-01 5.7154E-01 5.4941E-01 4.8024E-01 4.3119E-01
5.8570E-02 7.3194E-02 8.7867E-02 1.0184E-01 1.1505E-01 1.2753E-01 1.3953E-01 1.5164E-01 1.6427E-01 1.7789E-01 1.9288E-01 2.1009E-01 2.3041E-01 2.5398E-01 2.7917E-01 3.0472E-01 3.3160E-01 3.6227E-01 3.9711E-01 4.3690E-01 4.7229E-01 4.9814E-01 5.2076E-01 5.2909E-01 4.8942E-01 4.6330E-01 4.6698E-01 5.7389E-01 8.0428E-01 1.1709E+00 1.6529E+00 2.0767E+00 2.2901E+00 2.1605E+00 1.7840E+00 1.5383E+00 1.5933E+00 1.6419E+00 1.5738E+00 1.4322E+00 1.3137E+00 1.2557E+00 1.1781E+00 1.0709E+00 9.9100E-01 9.4477E-01 8.9744E-01 8.0693E-01 7.5420E-01 6.9169E-01 6.2216E-01 5.5401E-01 5.0960E-01 5.1242E-01 4.9500E-01 4.4735E-01 4.2215E-01
